     shots,    errors,  discards, seconds,decoder,strong_id,json_metadata,custom_counts
       273,         0,         0,   0.010,exact_mw,cb12ae119b9b2ba18d0216e7235b403229e92fd0743ede48fe7f1a2c6f45d594,"{""distance"":5,""physical_error_rate"":0.0005}","{""detection_events"":119,""detectors_checked"":61152}"
      1024,         0,         0,   0.023,exact_mw,cb12ae119b9b2ba18d0216e7235b403229e92fd0743ede48fe7f1a2c6f45d594,"{""distance"":5,""physical_error_rate"":0.0005}","{""detection_events"":590,""detectors_checked"":229376}"
      1024,         0,         0,   0.027,exact_mw,cb12ae119b9b2ba18d0216e7235b403229e92fd0743ede48fe7f1a2c6f45d594,"{""distance"":5,""physical_error_rate"":0.0005}","{""detection_events"":576,""detectors_checked"":229376}"
      1024,         0,         0,   0.029,exact_mw,cb12ae119b9b2ba18d0216e7235b403229e92fd0743ede48fe7f1a2c6f45d594,"{""distance"":5,""physical_error_rate"":0.0005}","{""detection_events"":459,""detectors_checked"":229376}"
         1,         0,         0,   0.002,exact_mw,38b7ae1c4e8407fc325e0d9e43e9f92ff26dcb3f5cf7b98d24ea74c9e5188d39,"{""distance"":5,""physical_error_rate"":0.005}","{""detection_events"":7,""detectors_checked"":224}"
        16,         0,         0,   0.008,exact_mw,38b7ae1c4e8407fc325e0d9e43e9f92ff26dcb3f5cf7b98d24ea74c9e5188d39,"{""distance"":5,""physical_error_rate"":0.005}","{""detection_events"":89,""detectors_checked"":3584}"
      2048,         0,         0,   0.055,exact_mw,cb12ae119b9b2ba18d0216e7235b403229e92fd0743ede48fe7f1a2c6f45d594,"{""distance"":5,""physical_error_rate"":0.0005}","{""detection_events"":974,""detectors_checked"":458752}"
         1,         0,         0,   0.018,exact_mw,7fd11737ba5953e5998cf5d5ab7672462ce2ff07a9ab0f8628176a3f70e7a095,"{""distance"":5,""physical_error_rate"":0.05}","{""detection_events"":40,""detectors_checked"":224}"
      1297,         0,         0,   0.021,exact_mw,bb90ec3459e353008cf9a5bb9142bf1e8515517a9e167021b225104594e48e8a,"{""distance"":5,""physical_error_rate"":0.001}","{""detection_events"":1176,""detectors_checked"":290528}"
      3072,         0,         0,   0.034,exact_mw,cb12ae119b9b2ba18d0216e7235b403229e92fd0743ede48fe7f1a2c6f45d594,"{""distance"":5,""physical_error_rate"":0.0005}","{""detection_events"":1530,""detectors_checked"":688128}"
      2048,         0,         0,   0.023,exact_mw,bb90ec3459e353008cf9a5bb9142bf1e8515517a9e167021b225104594e48e8a,"{""distance"":5,""physical_error_rate"":0.001}","{""detection_events"":2134,""detectors_checked"":458752}"
      3072,         0,         0,   0.028,exact_mw,bb90ec3459e353008cf9a5bb9142bf1e8515517a9e167021b225104594e48e8a,"{""distance"":5,""physical_error_rate"":0.001}","{""detection_events"":2878,""detectors_checked"":688128}"
         1,         1,         0,   0.022,exact_mw,7def73f725f8347dc4de7c57664b66d91778cc6018e33f45b3defe89c7a0cfc0,"{""distance"":5,""physical_error_rate"":0.1}","{""detection_events"":45,""detectors_checked"":224,""obs_mistake_mask=E"":1}"
      3072,         0,         0,   0.031,exact_mw,bb90ec3459e353008cf9a5bb9142bf1e8515517a9e167021b225104594e48e8a,"{""distance"":5,""physical_error_rate"":0.001}","{""detection_events"":2827,""detectors_checked"":688128}"
      2321,         0,         0,   0.025,exact_mw,cb12ae119b9b2ba18d0216e7235b403229e92fd0743ede48fe7f1a2c6f45d594,"{""distance"":5,""physical_error_rate"":0.0005}","{""detection_events"":1189,""detectors_checked"":519904}"
      4096,         0,         0,   0.084,exact_mw,cb12ae119b9b2ba18d0216e7235b403229e92fd0743ede48fe7f1a2c6f45d594,"{""distance"":5,""physical_error_rate"":0.0005}","{""detection_events"":2050,""detectors_checked"":917504}"
      3072,         0,         0,   0.035,exact_mw,bb90ec3459e353008cf9a5bb9142bf1e8515517a9e167021b225104594e48e8a,"{""distance"":5,""physical_error_rate"":0.001}","{""detection_events"":2930,""detectors_checked"":688128}"
      2048,         0,         0,   0.030,exact_mw,cb12ae119b9b2ba18d0216e7235b403229e92fd0743ede48fe7f1a2c6f45d594,"{""distance"":5,""physical_error_rate"":0.0005}","{""detection_events"":971,""detectors_checked"":458752}"
      2048,         0,         0,   0.026,exact_mw,cb12ae119b9b2ba18d0216e7235b403229e92fd0743ede48fe7f1a2c6f45d594,"{""distance"":5,""physical_error_rate"":0.0005}","{""detection_events"":992,""detectors_checked"":458752}"
      5120,         0,         0,   0.056,exact_mw,bb90ec3459e353008cf9a5bb9142bf1e8515517a9e167021b225104594e48e8a,"{""distance"":5,""physical_error_rate"":0.001}","{""detection_events"":4958,""detectors_checked"":1146880}"
      3072,         0,         0,   0.030,exact_mw,cb12ae119b9b2ba18d0216e7235b403229e92fd0743ede48fe7f1a2c6f45d594,"{""distance"":5,""physical_error_rate"":0.0005}","{""detection_events"":1511,""detectors_checked"":688128}"
        16,         2,         0,   0.209,exact_mw,7fd11737ba5953e5998cf5d5ab7672462ce2ff07a9ab0f8628176a3f70e7a095,"{""distance"":5,""physical_error_rate"":0.05}","{""detection_events"":602,""detectors_checked"":3584,""obs_mistake_mask=E"":2}"
      8192,         0,         0,   0.112,exact_mw,cb12ae119b9b2ba18d0216e7235b403229e92fd0743ede48fe7f1a2c6f45d594,"{""distance"":5,""physical_error_rate"":0.0005}","{""detection_events"":4019,""detectors_checked"":1835008}"
      3072,         0,         0,   0.049,exact_mw,cb12ae119b9b2ba18d0216e7235b403229e92fd0743ede48fe7f1a2c6f45d594,"{""distance"":5,""physical_error_rate"":0.0005}","{""detection_events"":1569,""detectors_checked"":688128}"
        16,         8,         0,   0.172,exact_mw,7def73f725f8347dc4de7c57664b66d91778cc6018e33f45b3defe89c7a0cfc0,"{""distance"":5,""physical_error_rate"":0.1}","{""detection_events"":967,""detectors_checked"":3584,""obs_mistake_mask=E"":8}"
      8192,         0,         0,   0.083,exact_mw,bb90ec3459e353008cf9a5bb9142bf1e8515517a9e167021b225104594e48e8a,"{""distance"":5,""physical_error_rate"":0.001}","{""detection_events"":8012,""detectors_checked"":1835008}"
         1,         0,         0,   0.007,exact_mw,bb90ec3459e353008cf9a5bb9142bf1e8515517a9e167021b225104594e48e8a,"{""distance"":5,""physical_error_rate"":0.001}","{""detection_events"":2,""detectors_checked"":224}"
      5120,         0,         0,   0.058,exact_mw,cb12ae119b9b2ba18d0216e7235b403229e92fd0743ede48fe7f1a2c6f45d594,"{""distance"":5,""physical_error_rate"":0.0005}","{""detection_events"":2481,""detectors_checked"":1146880}"
      1296,         0,         0,   0.038,exact_mw,bb90ec3459e353008cf9a5bb9142bf1e8515517a9e167021b225104594e48e8a,"{""distance"":5,""physical_error_rate"":0.001}","{""detection_events"":1264,""detectors_checked"":290304}"
     10240,         0,         0,   0.107,exact_mw,bb90ec3459e353008cf9a5bb9142bf1e8515517a9e167021b225104594e48e8a,"{""distance"":5,""physical_error_rate"":0.001}","{""detection_events"":10085,""detectors_checked"":2293760}"
     10240,         0,         0,   0.167,exact_mw,cb12ae119b9b2ba18d0216e7235b403229e92fd0743ede48fe7f1a2c6f45d594,"{""distance"":5,""physical_error_rate"":0.0005}","{""detection_events"":4939,""detectors_checked"":2293760}"
      7168,         0,         0,   0.080,exact_mw,cb12ae119b9b2ba18d0216e7235b403229e92fd0743ede48fe7f1a2c6f45d594,"{""distance"":5,""physical_error_rate"":0.0005}","{""detection_events"":3519,""detectors_checked"":1605632}"
       256,         0,         0,   0.431,exact_mw,38b7ae1c4e8407fc325e0d9e43e9f92ff26dcb3f5cf7b98d24ea74c9e5188d39,"{""distance"":5,""physical_error_rate"":0.005}","{""detection_events"":1217,""detectors_checked"":57344}"
      1024,         0,         0,   0.082,exact_mw,bb90ec3459e353008cf9a5bb9142bf1e8515517a9e167021b225104594e48e8a,"{""distance"":5,""physical_error_rate"":0.001}","{""detection_events"":1138,""detectors_checked"":229376}"
      1024,         0,         0,   0.055,exact_mw,bb90ec3459e353008cf9a5bb9142bf1e8515517a9e167021b225104594e48e8a,"{""distance"":5,""physical_error_rate"":0.001}","{""detection_events"":1025,""detectors_checked"":229376}"
      8192,         0,         0,   0.108,exact_mw,cb12ae119b9b2ba18d0216e7235b403229e92fd0743ede48fe7f1a2c6f45d594,"{""distance"":5,""physical_error_rate"":0.0005}","{""detection_events"":3993,""detectors_checked"":1835008}"
     14336,         0,         0,   0.147,exact_mw,bb90ec3459e353008cf9a5bb9142bf1e8515517a9e167021b225104594e48e8a,"{""distance"":5,""physical_error_rate"":0.001}","{""detection_events"":14173,""detectors_checked"":3211264}"
      2048,         0,         0,   0.084,exact_mw,bb90ec3459e353008cf9a5bb9142bf1e8515517a9e167021b225104594e48e8a,"{""distance"":5,""physical_error_rate"":0.001}","{""detection_events"":1944,""detectors_checked"":458752}"
     14336,         0,         0,   0.225,exact_mw,cb12ae119b9b2ba18d0216e7235b403229e92fd0743ede48fe7f1a2c6f45d594,"{""distance"":5,""physical_error_rate"":0.0005}","{""detection_events"":7105,""detectors_checked"":3211264}"
      2048,         0,         0,   0.057,exact_mw,bb90ec3459e353008cf9a5bb9142bf1e8515517a9e167021b225104594e48e8a,"{""distance"":5,""physical_error_rate"":0.001}","{""detection_events"":1829,""detectors_checked"":458752}"
      1297,         0,         0,   0.011,exact_mw,70a969f5042aec17ac076c6379f4170fb7c69b8e925756ef3b7334e28a33338b,"{""distance"":5,""physical_error_rate"":0.0001}","{""detection_events"":123,""detectors_checked"":290528}"
     12288,         0,         0,   0.160,exact_mw,cb12ae119b9b2ba18d0216e7235b403229e92fd0743ede48fe7f1a2c6f45d594,"{""distance"":5,""physical_error_rate"":0.0005}","{""detection_events"":5983,""detectors_checked"":2752512}"
      1024,         0,         0,   0.017,exact_mw,70a969f5042aec17ac076c6379f4170fb7c69b8e925756ef3b7334e28a33338b,"{""distance"":5,""physical_error_rate"":0.0001}","{""detection_events"":111,""detectors_checked"":229376}"
        32,         6,         0,   0.467,exact_mw,7fd11737ba5953e5998cf5d5ab7672462ce2ff07a9ab0f8628176a3f70e7a095,"{""distance"":5,""physical_error_rate"":0.05}","{""detection_events"":1249,""detectors_checked"":7168,""obs_mistake_mask=E"":6}"
      3072,         0,         0,   0.030,exact_mw,70a969f5042aec17ac076c6379f4170fb7c69b8e925756ef3b7334e28a33338b,"{""distance"":5,""physical_error_rate"":0.0001}","{""detection_events"":257,""detectors_checked"":688128}"
        32,        16,         0,   0.445,exact_mw,7def73f725f8347dc4de7c57664b66d91778cc6018e33f45b3defe89c7a0cfc0,"{""distance"":5,""physical_error_rate"":0.1}","{""detection_events"":1925,""detectors_checked"":7168,""obs_mistake_mask=E"":16}"
      3072,         0,         0,   0.030,exact_mw,70a969f5042aec17ac076c6379f4170fb7c69b8e925756ef3b7334e28a33338b,"{""distance"":5,""physical_error_rate"":0.0001}","{""detection_events"":380,""detectors_checked"":688128}"
      2048,         0,         0,   0.109,exact_mw,bb90ec3459e353008cf9a5bb9142bf1e8515517a9e167021b225104594e48e8a,"{""distance"":5,""physical_error_rate"":0.001}","{""detection_events"":2128,""detectors_checked"":458752}"
     21504,         0,         0,   0.215,exact_mw,bb90ec3459e353008cf9a5bb9142bf1e8515517a9e167021b225104594e48e8a,"{""distance"":5,""physical_error_rate"":0.001}","{""detection_events"":21159,""detectors_checked"":4816896}"
      4096,         0,         0,   0.053,exact_mw,70a969f5042aec17ac076c6379f4170fb7c69b8e925756ef3b7334e28a33338b,"{""distance"":5,""physical_error_rate"":0.0001}","{""detection_events"":395,""detectors_checked"":917504}"
      5120,         0,         0,   0.056,exact_mw,70a969f5042aec17ac076c6379f4170fb7c69b8e925756ef3b7334e28a33338b,"{""distance"":5,""physical_error_rate"":0.0001}","{""detection_events"":555,""detectors_checked"":1146880}"
      3072,         0,         0,   0.113,exact_mw,bb90ec3459e353008cf9a5bb9142bf1e8515517a9e167021b225104594e48e8a,"{""distance"":5,""physical_error_rate"":0.001}","{""detection_events"":2887,""detectors_checked"":688128}"
     16384,         0,         0,   0.214,exact_mw,cb12ae119b9b2ba18d0216e7235b403229e92fd0743ede48fe7f1a2c6f45d594,"{""distance"":5,""physical_error_rate"":0.0005}","{""detection_events"":8183,""detectors_checked"":3670016}"
       256,         0,         0,   0.478,exact_mw,38b7ae1c4e8407fc325e0d9e43e9f92ff26dcb3f5cf7b98d24ea74c9e5188d39,"{""distance"":5,""physical_error_rate"":0.005}","{""detection_events"":1292,""detectors_checked"":57344}"
     19456,         0,         0,   0.306,exact_mw,cb12ae119b9b2ba18d0216e7235b403229e92fd0743ede48fe7f1a2c6f45d594,"{""distance"":5,""physical_error_rate"":0.0005}","{""detection_events"":9571,""detectors_checked"":4358144}"
      7168,         0,         0,   0.083,exact_mw,70a969f5042aec17ac076c6379f4170fb7c69b8e925756ef3b7334e28a33338b,"{""distance"":5,""physical_error_rate"":0.0001}","{""detection_events"":696,""detectors_checked"":1605632}"
         1,         0,         0,   0.011,exact_mw,d68317bf2f4c69d73359111c5597779a07d8ed85f1f94573f1c8a2f6c683850d,"{""distance"":5,""physical_error_rate"":0.2}","{""detection_events"":74,""detectors_checked"":224}"
       273,         0,         0,   0.059,exact_mw,3208f56225bbcac0e2804eb6f92d0a8b681652a702ca1ec920ccd7367f0e0899,"{""distance"":5,""physical_error_rate"":0.002}","{""detection_events"":526,""detectors_checked"":61152}"
     23552,         0,         0,   0.273,exact_mw,bb90ec3459e353008cf9a5bb9142bf1e8515517a9e167021b225104594e48e8a,"{""distance"":5,""physical_error_rate"":0.001}","{""detection_events"":23104,""detectors_checked"":5275648}"
     10240,         0,         0,   0.112,exact_mw,70a969f5042aec17ac076c6379f4170fb7c69b8e925756ef3b7334e28a33338b,"{""distance"":5,""physical_error_rate"":0.0001}","{""detection_events"":1039,""detectors_checked"":2293760}"
      5120,         0,         0,   0.197,exact_mw,bb90ec3459e353008cf9a5bb9142bf1e8515517a9e167021b225104594e48e8a,"{""distance"":5,""physical_error_rate"":0.001}","{""detection_events"":5123,""detectors_checked"":1146880}"
        32,         8,         0,   0.425,exact_mw,7fd11737ba5953e5998cf5d5ab7672462ce2ff07a9ab0f8628176a3f70e7a095,"{""distance"":5,""physical_error_rate"":0.05}","{""detection_events"":1185,""detectors_checked"":7168,""obs_mistake_mask=E"":8}"
      1024,         0,         0,   0.174,exact_mw,3208f56225bbcac0e2804eb6f92d0a8b681652a702ca1ec920ccd7367f0e0899,"{""distance"":5,""physical_error_rate"":0.002}","{""detection_events"":1949,""detectors_checked"":229376}"
        32,        12,         0,   0.453,exact_mw,7def73f725f8347dc4de7c57664b66d91778cc6018e33f45b3defe89c7a0cfc0,"{""distance"":5,""physical_error_rate"":0.1}","{""detection_events"":1928,""detectors_checked"":7168,""obs_mistake_mask=E"":12}"
     25600,         0,         0,   0.296,exact_mw,cb12ae119b9b2ba18d0216e7235b403229e92fd0743ede48fe7f1a2c6f45d594,"{""distance"":5,""physical_error_rate"":0.0005}","{""detection_events"":12370,""detectors_checked"":5734400}"
     13312,         0,         0,   0.167,exact_mw,70a969f5042aec17ac076c6379f4170fb7c69b8e925756ef3b7334e28a33338b,"{""distance"":5,""physical_error_rate"":0.0001}","{""detection_events"":1374,""detectors_checked"":2981888}"
        16,         7,         0,   0.251,exact_mw,d68317bf2f4c69d73359111c5597779a07d8ed85f1f94573f1c8a2f6c683850d,"{""distance"":5,""physical_error_rate"":0.2}","{""detection_events"":1400,""detectors_checked"":3584,""obs_mistake_mask=E"":7}"
         1,         0,         0,   0.006,exact_mw,cdc4a450a40af8e24899239080e4c40992fb5baf91c5a31ab3a165eacb3a1ab3,"{""distance"":5,""physical_error_rate"":0.0002}","{""detectors_checked"":224}"
      5120,         0,         0,   0.224,exact_mw,bb90ec3459e353008cf9a5bb9142bf1e8515517a9e167021b225104594e48e8a,"{""distance"":5,""physical_error_rate"":0.001}","{""detection_events"":4949,""detectors_checked"":1146880}"
      2320,         0,         0,   0.023,exact_mw,cdc4a450a40af8e24899239080e4c40992fb5baf91c5a31ab3a165eacb3a1ab3,"{""distance"":5,""physical_error_rate"":0.0002}","{""detection_events"":454,""detectors_checked"":519680}"
      1024,         0,         0,   0.003,exact_mw,cdc4a450a40af8e24899239080e4c40992fb5baf91c5a31ab3a165eacb3a1ab3,"{""distance"":5,""physical_error_rate"":0.0002}","{""detection_events"":209,""detectors_checked"":229376}"
       256,         1,         0,   0.431,exact_mw,38b7ae1c4e8407fc325e0d9e43e9f92ff26dcb3f5cf7b98d24ea74c9e5188d39,"{""distance"":5,""physical_error_rate"":0.005}","{""detection_events"":1217,""detectors_checked"":57344,""obs_mistake_mask=E"":1}"
     29696,         0,         0,   0.422,exact_mw,cb12ae119b9b2ba18d0216e7235b403229e92fd0743ede48fe7f1a2c6f45d594,"{""distance"":5,""physical_error_rate"":0.0005}","{""detection_events"":14675,""detectors_checked"":6651904}"
      2048,         0,         0,   0.025,exact_mw,cdc4a450a40af8e24899239080e4c40992fb5baf91c5a31ab3a165eacb3a1ab3,"{""distance"":5,""physical_error_rate"":0.0002}","{""detection_events"":382,""detectors_checked"":458752}"
      1024,         0,         0,   0.251,exact_mw,3208f56225bbcac0e2804eb6f92d0a8b681652a702ca1ec920ccd7367f0e0899,"{""distance"":5,""physical_error_rate"":0.002}","{""detection_events"":1948,""detectors_checked"":229376}"
      3072,         0,         0,   0.050,exact_mw,cdc4a450a40af8e24899239080e4c40992fb5baf91c5a31ab3a165eacb3a1ab3,"{""distance"":5,""physical_error_rate"":0.0002}","{""detection_events"":574,""detectors_checked"":688128}"
     19456,         0,         0,   0.221,exact_mw,70a969f5042aec17ac076c6379f4170fb7c69b8e925756ef3b7334e28a33338b,"{""distance"":5,""physical_error_rate"":0.0001}","{""detection_events"":1887,""detectors_checked"":4358144}"
     37888,         0,         0,   0.405,exact_mw,bb90ec3459e353008cf9a5bb9142bf1e8515517a9e167021b225104594e48e8a,"{""distance"":5,""physical_error_rate"":0.001}","{""detection_events"":37357,""detectors_checked"":8486912}"
      5120,         0,         0,   0.076,exact_mw,cdc4a450a40af8e24899239080e4c40992fb5baf91c5a31ab3a165eacb3a1ab3,"{""distance"":5,""physical_error_rate"":0.0002}","{""detection_events"":1050,""detectors_checked"":1146880}"
        32,         7,         0,   0.398,exact_mw,7fd11737ba5953e5998cf5d5ab7672462ce2ff07a9ab0f8628176a3f70e7a095,"{""distance"":5,""physical_error_rate"":0.05}","{""detection_events"":1186,""detectors_checked"":7168,""obs_mistake_mask=E"":7}"
      5120,         0,         0,   0.076,exact_mw,cdc4a450a40af8e24899239080e4c40992fb5baf91c5a31ab3a165eacb3a1ab3,"{""distance"":5,""physical_error_rate"":0.0002}","{""detection_events"":1086,""detectors_checked"":1146880}"
     37888,         0,         0,   0.410,exact_mw,cb12ae119b9b2ba18d0216e7235b403229e92fd0743ede48fe7f1a2c6f45d594,"{""distance"":5,""physical_error_rate"":0.0005}","{""detection_events"":19005,""detectors_checked"":8486912}"
      1024,         0,         0,   0.202,exact_mw,3208f56225bbcac0e2804eb6f92d0a8b681652a702ca1ec920ccd7367f0e0899,"{""distance"":5,""physical_error_rate"":0.002}","{""detection_events"":1951,""detectors_checked"":229376}"
        32,        11,         0,   0.452,exact_mw,7def73f725f8347dc4de7c57664b66d91778cc6018e33f45b3defe89c7a0cfc0,"{""distance"":5,""physical_error_rate"":0.1}","{""detection_events"":2097,""detectors_checked"":7168,""obs_mistake_mask=E"":11}"
      8192,         0,         0,   0.332,exact_mw,bb90ec3459e353008cf9a5bb9142bf1e8515517a9e167021b225104594e48e8a,"{""distance"":5,""physical_error_rate"":0.001}","{""detection_events"":7959,""detectors_checked"":1835008}"
      8192,         0,         0,   0.124,exact_mw,cdc4a450a40af8e24899239080e4c40992fb5baf91c5a31ab3a165eacb3a1ab3,"{""distance"":5,""physical_error_rate"":0.0002}","{""detection_events"":1654,""detectors_checked"":1835008}"
        32,        16,         0,   0.505,exact_mw,d68317bf2f4c69d73359111c5597779a07d8ed85f1f94573f1c8a2f6c683850d,"{""distance"":5,""physical_error_rate"":0.2}","{""detection_events"":2846,""detectors_checked"":7168,""obs_mistake_mask=E"":16}"
     26624,         0,         0,   0.283,exact_mw,70a969f5042aec17ac076c6379f4170fb7c69b8e925756ef3b7334e28a33338b,"{""distance"":5,""physical_error_rate"":0.0001}","{""detection_events"":2785,""detectors_checked"":5963776}"
       256,         0,         0,   0.487,exact_mw,38b7ae1c4e8407fc325e0d9e43e9f92ff26dcb3f5cf7b98d24ea74c9e5188d39,"{""distance"":5,""physical_error_rate"":0.005}","{""detection_events"":1220,""detectors_checked"":57344}"
         1,         0,         0,   0.006,exact_mw,3208f56225bbcac0e2804eb6f92d0a8b681652a702ca1ec920ccd7367f0e0899,"{""distance"":5,""physical_error_rate"":0.002}","{""detection_events"":2,""detectors_checked"":224}"
        32,         5,         0,   0.323,exact_mw,7fd11737ba5953e5998cf5d5ab7672462ce2ff07a9ab0f8628176a3f70e7a095,"{""distance"":5,""physical_error_rate"":0.05}","{""detection_events"":1265,""detectors_checked"":7168,""obs_mistake_mask=E"":5}"
     10240,         0,         0,   0.150,exact_mw,cdc4a450a40af8e24899239080e4c40992fb5baf91c5a31ab3a165eacb3a1ab3,"{""distance"":5,""physical_error_rate"":0.0002}","{""detection_events"":2064,""detectors_checked"":2293760}"
       272,         0,         0,   0.070,exact_mw,3208f56225bbcac0e2804eb6f92d0a8b681652a702ca1ec920ccd7367f0e0899,"{""distance"":5,""physical_error_rate"":0.002}","{""detection_events"":568,""detectors_checked"":60928}"
      1024,         0,         0,   0.299,exact_mw,3208f56225bbcac0e2804eb6f92d0a8b681652a702ca1ec920ccd7367f0e0899,"{""distance"":5,""physical_error_rate"":0.002}","{""detection_events"":1999,""detectors_checked"":229376}"
     48128,         0,         0,   0.566,exact_mw,cb12ae119b9b2ba18d0216e7235b403229e92fd0743ede48fe7f1a2c6f45d594,"{""distance"":5,""physical_error_rate"":0.0005}","{""detection_events"":23605,""detectors_checked"":10780672}"
     56320,         0,         0,   0.569,exact_mw,bb90ec3459e353008cf9a5bb9142bf1e8515517a9e167021b225104594e48e8a,"{""distance"":5,""physical_error_rate"":0.001}","{""detection_events"":55008,""detectors_checked"":12615680}"
     10240,         0,         0,   0.433,exact_mw,bb90ec3459e353008cf9a5bb9142bf1e8515517a9e167021b225104594e48e8a,"{""distance"":5,""physical_error_rate"":0.001}","{""detection_events"":10096,""detectors_checked"":2293760}"
     14336,         0,         0,   0.223,exact_mw,cdc4a450a40af8e24899239080e4c40992fb5baf91c5a31ab3a165eacb3a1ab3,"{""distance"":5,""physical_error_rate"":0.0002}","{""detection_events"":2825,""detectors_checked"":3211264}"
     35840,         0,         0,   0.388,exact_mw,70a969f5042aec17ac076c6379f4170fb7c69b8e925756ef3b7334e28a33338b,"{""distance"":5,""physical_error_rate"":0.0001}","{""detection_events"":3397,""detectors_checked"":8028160}"
        32,         5,         0,   0.297,exact_mw,7fd11737ba5953e5998cf5d5ab7672462ce2ff07a9ab0f8628176a3f70e7a095,"{""distance"":5,""physical_error_rate"":0.05}","{""detection_events"":1153,""detectors_checked"":7168,""obs_mistake_mask=E"":5}"
     50176,         0,         0,   0.565,exact_mw,cb12ae119b9b2ba18d0216e7235b403229e92fd0743ede48fe7f1a2c6f45d594,"{""distance"":5,""physical_error_rate"":0.0005}","{""detection_events"":24710,""detectors_checked"":11239424}"
      1024,         0,         0,   0.277,exact_mw,3208f56225bbcac0e2804eb6f92d0a8b681652a702ca1ec920ccd7367f0e0899,"{""distance"":5,""physical_error_rate"":0.002}","{""detection_events"":2064,""detectors_checked"":229376}"
        32,        12,         0,   0.481,exact_mw,d68317bf2f4c69d73359111c5597779a07d8ed85f1f94573f1c8a2f6c683850d,"{""distance"":5,""physical_error_rate"":0.2}","{""detection_events"":2806,""detectors_checked"":7168,""obs_mistake_mask=E"":12}"
        32,        13,         0,   0.579,exact_mw,7def73f725f8347dc4de7c57664b66d91778cc6018e33f45b3defe89c7a0cfc0,"{""distance"":5,""physical_error_rate"":0.1}","{""detection_events"":1974,""detectors_checked"":7168,""obs_mistake_mask=E"":13}"
         1,         0,         0,   0.010,exact_mw,7def73f725f8347dc4de7c57664b66d91778cc6018e33f45b3defe89c7a0cfc0,"{""distance"":5,""physical_error_rate"":0.1}","{""detection_events"":65,""detectors_checked"":224}"
      1024,         0,         0,   0.302,exact_mw,3208f56225bbcac0e2804eb6f92d0a8b681652a702ca1ec920ccd7367f0e0899,"{""distance"":5,""physical_error_rate"":0.002}","{""detection_events"":1949,""detectors_checked"":229376}"
         1,         0,         0,   0.018,exact_mw,72230d8c06b5a71069df48ede6f7f3e6128cd83e8239dd1b2e5fe023578b6eb1,"{""distance"":5,""physical_error_rate"":0.01}","{""detection_events"":7,""detectors_checked"":224}"
       256,         0,         0,   0.502,exact_mw,38b7ae1c4e8407fc325e0d9e43e9f92ff26dcb3f5cf7b98d24ea74c9e5188d39,"{""distance"":5,""physical_error_rate"":0.005}","{""detection_events"":1206,""detectors_checked"":57344}"
         1,         0,         0,   0.004,exact_mw,70a969f5042aec17ac076c6379f4170fb7c69b8e925756ef3b7334e28a33338b,"{""distance"":5,""physical_error_rate"":0.0001}","{""detectors_checked"":224}"
        17,         0,         0,   0.040,exact_mw,38b7ae1c4e8407fc325e0d9e43e9f92ff26dcb3f5cf7b98d24ea74c9e5188d39,"{""distance"":5,""physical_error_rate"":0.005}","{""detection_events"":89,""detectors_checked"":3808}"
     20480,         0,         0,   0.275,exact_mw,cdc4a450a40af8e24899239080e4c40992fb5baf91c5a31ab3a165eacb3a1ab3,"{""distance"":5,""physical_error_rate"":0.0002}","{""detection_events"":4161,""detectors_checked"":4587520}"
         1,         0,         0,   0.018,exact_mw,f32ebecd8e105e50ec838d33c5ed9b45444b6b44a3c6ac541111079f2b14e893,"{""distance"":5,""physical_error_rate"":5e-05}","{""detectors_checked"":224}"
      2320,         0,         0,   0.022,exact_mw,70a969f5042aec17ac076c6379f4170fb7c69b8e925756ef3b7334e28a33338b,"{""distance"":5,""physical_error_rate"":0.0001}","{""detection_events"":205,""detectors_checked"":519680}"
      2320,         0,         0,   0.021,exact_mw,f32ebecd8e105e50ec838d33c5ed9b45444b6b44a3c6ac541111079f2b14e893,"{""distance"":5,""physical_error_rate"":5e-05}","{""detection_events"":102,""detectors_checked"":519680}"
        16,         0,         0,   0.069,exact_mw,72230d8c06b5a71069df48ede6f7f3e6128cd83e8239dd1b2e5fe023578b6eb1,"{""distance"":5,""physical_error_rate"":0.01}","{""detection_events"":123,""detectors_checked"":3584}"
         1,         0,         0,   0.014,exact_mw,14059eecea5f7bdc562c01e7682d53b775a747f80d40379178915ac673e3b6bb,"{""distance"":5,""physical_error_rate"":0.5}","{""detection_events"":108,""detectors_checked"":224}"
      3072,         0,         0,   0.031,exact_mw,70a969f5042aec17ac076c6379f4170fb7c69b8e925756ef3b7334e28a33338b,"{""distance"":5,""physical_error_rate"":0.0001}","{""detection_events"":308,""detectors_checked"":688128}"
      4096,         0,         0,   0.032,exact_mw,f32ebecd8e105e50ec838d33c5ed9b45444b6b44a3c6ac541111079f2b14e893,"{""distance"":5,""physical_error_rate"":5e-05}","{""detection_events"":191,""detectors_checked"":917504}"
      1024,         0,         0,   0.234,exact_mw,3208f56225bbcac0e2804eb6f92d0a8b681652a702ca1ec920ccd7367f0e0899,"{""distance"":5,""physical_error_rate"":0.002}","{""detection_events"":2030,""detectors_checked"":229376}"
      3072,         0,         0,   0.020,exact_mw,70a969f5042aec17ac076c6379f4170fb7c69b8e925756ef3b7334e28a33338b,"{""distance"":5,""physical_error_rate"":0.0001}","{""detection_events"":307,""detectors_checked"":688128}"
      4096,         0,         0,   0.029,exact_mw,f32ebecd8e105e50ec838d33c5ed9b45444b6b44a3c6ac541111079f2b14e893,"{""distance"":5,""physical_error_rate"":5e-05}","{""detection_events"":212,""detectors_checked"":917504}"
      1024,         0,         0,   0.271,exact_mw,3208f56225bbcac0e2804eb6f92d0a8b681652a702ca1ec920ccd7367f0e0899,"{""distance"":5,""physical_error_rate"":0.002}","{""detection_events"":1868,""detectors_checked"":229376}"
      5120,         0,         0,   0.057,exact_mw,70a969f5042aec17ac076c6379f4170fb7c69b8e925756ef3b7334e28a33338b,"{""distance"":5,""physical_error_rate"":0.0001}","{""detection_events"":468,""detectors_checked"":1146880}"
      5120,         0,         0,   0.050,exact_mw,f32ebecd8e105e50ec838d33c5ed9b45444b6b44a3c6ac541111079f2b14e893,"{""distance"":5,""physical_error_rate"":5e-05}","{""detection_events"":245,""detectors_checked"":1146880}"
        16,        10,         0,   0.298,exact_mw,7def73f725f8347dc4de7c57664b66d91778cc6018e33f45b3defe89c7a0cfc0,"{""distance"":5,""physical_error_rate"":0.1}","{""detection_events"":1012,""detectors_checked"":3584,""obs_mistake_mask=E"":10}"
      5120,         0,         0,   0.056,exact_mw,70a969f5042aec17ac076c6379f4170fb7c69b8e925756ef3b7334e28a33338b,"{""distance"":5,""physical_error_rate"":0.0001}","{""detection_events"":538,""detectors_checked"":1146880}"
      7168,         0,         0,   0.056,exact_mw,f32ebecd8e105e50ec838d33c5ed9b45444b6b44a3c6ac541111079f2b14e893,"{""distance"":5,""physical_error_rate"":5e-05}","{""detection_events"":421,""detectors_checked"":1605632}"
         1,         0,         0,   0.015,exact_mw,7b4896c0e7f0a510554d89637fd747b157418067a95869d1f0661294d473d1dc,"{""distance"":5,""physical_error_rate"":0.02}","{""detection_events"":15,""detectors_checked"":224}"
       273,         0,         0,   0.041,exact_mw,3208f56225bbcac0e2804eb6f92d0a8b681652a702ca1ec920ccd7367f0e0899,"{""distance"":5,""physical_error_rate"":0.002}","{""detection_events"":620,""detectors_checked"":61152}"
         1,         0,         0,   0.019,exact_mw,cb12ae119b9b2ba18d0216e7235b403229e92fd0743ede48fe7f1a2c6f45d594,"{""distance"":5,""physical_error_rate"":0.0005}","{""detectors_checked"":224}"
      7168,         0,         0,   0.080,exact_mw,70a969f5042aec17ac076c6379f4170fb7c69b8e925756ef3b7334e28a33338b,"{""distance"":5,""physical_error_rate"":0.0001}","{""detection_events"":677,""detectors_checked"":1605632}"
         1,         1,         0,   0.018,exact_mw,d68317bf2f4c69d73359111c5597779a07d8ed85f1f94573f1c8a2f6c683850d,"{""distance"":5,""physical_error_rate"":0.2}","{""detection_events"":84,""detectors_checked"":224,""obs_mistake_mask=E"":1}"
         1,         1,         0,   0.011,exact_mw,14059eecea5f7bdc562c01e7682d53b775a747f80d40379178915ac673e3b6bb,"{""distance"":5,""physical_error_rate"":0.5}","{""detection_events"":92,""detectors_checked"":224,""obs_mistake_mask=E"":1}"
      2320,         0,         0,   0.021,exact_mw,cb12ae119b9b2ba18d0216e7235b403229e92fd0743ede48fe7f1a2c6f45d594,"{""distance"":5,""physical_error_rate"":0.0005}","{""detection_events"":1031,""detectors_checked"":519680}"
      9216,         0,         0,   0.079,exact_mw,f32ebecd8e105e50ec838d33c5ed9b45444b6b44a3c6ac541111079f2b14e893,"{""distance"":5,""physical_error_rate"":5e-05}","{""detection_events"":422,""detectors_checked"":2064384}"
     14336,         0,         0,   0.591,exact_mw,bb90ec3459e353008cf9a5bb9142bf1e8515517a9e167021b225104594e48e8a,"{""distance"":5,""physical_error_rate"":0.001}","{""detection_events"":13761,""detectors_checked"":3211264}"
        16,         9,         0,   0.243,exact_mw,14059eecea5f7bdc562c01e7682d53b775a747f80d40379178915ac673e3b6bb,"{""distance"":5,""physical_error_rate"":0.5}","{""detection_events"":1764,""detectors_checked"":3584,""obs_mistake_mask=E"":9}"
        16,         1,         0,   0.075,exact_mw,7b4896c0e7f0a510554d89637fd747b157418067a95869d1f0661294d473d1dc,"{""distance"":5,""physical_error_rate"":0.02}","{""detection_events"":292,""detectors_checked"":3584,""obs_mistake_mask=E"":1}"
      2048,         0,         0,   0.022,exact_mw,cb12ae119b9b2ba18d0216e7235b403229e92fd0743ede48fe7f1a2c6f45d594,"{""distance"":5,""physical_error_rate"":0.0005}","{""detection_events"":1036,""detectors_checked"":458752}"
      1024,         0,         0,   0.202,exact_mw,3208f56225bbcac0e2804eb6f92d0a8b681652a702ca1ec920ccd7367f0e0899,"{""distance"":5,""physical_error_rate"":0.002}","{""detection_events"":2099,""detectors_checked"":229376}"
        32,        16,         0,   0.493,exact_mw,d68317bf2f4c69d73359111c5597779a07d8ed85f1f94573f1c8a2f6c683850d,"{""distance"":5,""physical_error_rate"":0.2}","{""detection_events"":2767,""detectors_checked"":7168,""obs_mistake_mask=E"":16}"
      3072,         0,         0,   0.030,exact_mw,cb12ae119b9b2ba18d0216e7235b403229e92fd0743ede48fe7f1a2c6f45d594,"{""distance"":5,""physical_error_rate"":0.0005}","{""detection_events"":1445,""detectors_checked"":688128}"
     51200,         0,         0,   0.583,exact_mw,70a969f5042aec17ac076c6379f4170fb7c69b8e925756ef3b7334e28a33338b,"{""distance"":5,""physical_error_rate"":0.0001}","{""detection_events"":5168,""detectors_checked"":11468800}"
     69632,         0,         0,   0.790,exact_mw,cb12ae119b9b2ba18d0216e7235b403229e92fd0743ede48fe7f1a2c6f45d594,"{""distance"":5,""physical_error_rate"":0.0005}","{""detection_events"":34280,""detectors_checked"":15597568}"
      1024,         0,         0,   0.113,exact_mw,3208f56225bbcac0e2804eb6f92d0a8b681652a702ca1ec920ccd7367f0e0899,"{""distance"":5,""physical_error_rate"":0.002}","{""detection_events"":2046,""detectors_checked"":229376}"
      1024,         0,         0,   0.304,exact_mw,3208f56225bbcac0e2804eb6f92d0a8b681652a702ca1ec920ccd7367f0e0899,"{""distance"":5,""physical_error_rate"":0.002}","{""detection_events"":2032,""detectors_checked"":229376}"
      3072,         0,         0,   0.031,exact_mw,cb12ae119b9b2ba18d0216e7235b403229e92fd0743ede48fe7f1a2c6f45d594,"{""distance"":5,""physical_error_rate"":0.0005}","{""detection_events"":1608,""detectors_checked"":688128}"
     10240,         0,         0,   0.113,exact_mw,70a969f5042aec17ac076c6379f4170fb7c69b8e925756ef3b7334e28a33338b,"{""distance"":5,""physical_error_rate"":0.0001}","{""detection_events"":1064,""detectors_checked"":2293760}"
     13312,         0,         0,   0.107,exact_mw,f32ebecd8e105e50ec838d33c5ed9b45444b6b44a3c6ac541111079f2b14e893,"{""distance"":5,""physical_error_rate"":5e-05}","{""detection_events"":635,""detectors_checked"":2981888}"
     28672,         0,         0,   0.422,exact_mw,cdc4a450a40af8e24899239080e4c40992fb5baf91c5a31ab3a165eacb3a1ab3,"{""distance"":5,""physical_error_rate"":0.0002}","{""detection_events"":5657,""detectors_checked"":6422528}"
        64,        14,         0,   0.642,exact_mw,7fd11737ba5953e5998cf5d5ab7672462ce2ff07a9ab0f8628176a3f70e7a095,"{""distance"":5,""physical_error_rate"":0.05}","{""detection_events"":2372,""detectors_checked"":14336,""obs_mistake_mask=E"":14}"
        32,        13,         0,   0.601,exact_mw,7def73f725f8347dc4de7c57664b66d91778cc6018e33f45b3defe89c7a0cfc0,"{""distance"":5,""physical_error_rate"":0.1}","{""detection_events"":1920,""detectors_checked"":7168,""obs_mistake_mask=E"":13}"
     76800,         1,         0,   0.796,exact_mw,bb90ec3459e353008cf9a5bb9142bf1e8515517a9e167021b225104594e48e8a,"{""distance"":5,""physical_error_rate"":0.001}","{""detection_events"":75404,""detectors_checked"":17203200,""obs_mistake_mask=E"":1}"
      6144,         0,         0,   0.056,exact_mw,cb12ae119b9b2ba18d0216e7235b403229e92fd0743ede48fe7f1a2c6f45d594,"{""distance"":5,""physical_error_rate"":0.0005}","{""detection_events"":2980,""detectors_checked"":1376256}"
         1,         0,         0,   0.013,exact_mw,7def73f725f8347dc4de7c57664b66d91778cc6018e33f45b3defe89c7a0cfc0,"{""distance"":5,""physical_error_rate"":0.1}","{""detection_events"":57,""detectors_checked"":224}"
      1024,         0,         0,   0.103,exact_mw,3208f56225bbcac0e2804eb6f92d0a8b681652a702ca1ec920ccd7367f0e0899,"{""distance"":5,""physical_error_rate"":0.002}","{""detection_events"":2017,""detectors_checked"":229376}"
      5120,         0,         0,   0.055,exact_mw,cb12ae119b9b2ba18d0216e7235b403229e92fd0743ede48fe7f1a2c6f45d594,"{""distance"":5,""physical_error_rate"":0.0005}","{""detection_events"":2620,""detectors_checked"":1146880}"
        16,        10,         0,   0.246,exact_mw,14059eecea5f7bdc562c01e7682d53b775a747f80d40379178915ac673e3b6bb,"{""distance"":5,""physical_error_rate"":0.5}","{""detection_events"":1821,""detectors_checked"":3584,""obs_mistake_mask=E"":10}"
        16,         6,         0,   0.251,exact_mw,d68317bf2f4c69d73359111c5597779a07d8ed85f1f94573f1c8a2f6c683850d,"{""distance"":5,""physical_error_rate"":0.2}","{""detection_events"":1341,""detectors_checked"":3584,""obs_mistake_mask=E"":6}"
     17408,         0,         0,   0.131,exact_mw,f32ebecd8e105e50ec838d33c5ed9b45444b6b44a3c6ac541111079f2b14e893,"{""distance"":5,""physical_error_rate"":5e-05}","{""detection_events"":886,""detectors_checked"":3899392}"
     13312,         0,         0,   0.166,exact_mw,70a969f5042aec17ac076c6379f4170fb7c69b8e925756ef3b7334e28a33338b,"{""distance"":5,""physical_error_rate"":0.0001}","{""detection_events"":1354,""detectors_checked"":2981888}"
      1024,         0,         0,   0.093,exact_mw,3208f56225bbcac0e2804eb6f92d0a8b681652a702ca1ec920ccd7367f0e0899,"{""distance"":5,""physical_error_rate"":0.002}","{""detection_events"":1971,""detectors_checked"":229376}"
      1024,         0,         0,   0.248,exact_mw,3208f56225bbcac0e2804eb6f92d0a8b681652a702ca1ec920ccd7367f0e0899,"{""distance"":5,""physical_error_rate"":0.002}","{""detection_events"":1997,""detectors_checked"":229376}"
       256,         1,         0,   0.598,exact_mw,38b7ae1c4e8407fc325e0d9e43e9f92ff26dcb3f5cf7b98d24ea74c9e5188d39,"{""distance"":5,""physical_error_rate"":0.005}","{""detection_events"":1238,""detectors_checked"":57344,""obs_mistake_mask=E"":1}"
     55296,         0,         0,   0.803,exact_mw,cb12ae119b9b2ba18d0216e7235b403229e92fd0743ede48fe7f1a2c6f45d594,"{""distance"":5,""physical_error_rate"":0.0005}","{""detection_events"":27164,""detectors_checked"":12386304}"
         1,         0,         0,   0.011,exact_mw,7def73f725f8347dc4de7c57664b66d91778cc6018e33f45b3defe89c7a0cfc0,"{""distance"":5,""physical_error_rate"":0.1}","{""detection_events"":57,""detectors_checked"":224}"
      8192,         0,         0,   0.107,exact_mw,cb12ae119b9b2ba18d0216e7235b403229e92fd0743ede48fe7f1a2c6f45d594,"{""distance"":5,""physical_error_rate"":0.0005}","{""detection_events"":4009,""detectors_checked"":1835008}"
      1024,         0,         0,   0.257,exact_mw,3208f56225bbcac0e2804eb6f92d0a8b681652a702ca1ec920ccd7367f0e0899,"{""distance"":5,""physical_error_rate"":0.002}","{""detection_events"":1975,""detectors_checked"":229376}"
         1,         0,         0,   0.021,exact_mw,cb12ae119b9b2ba18d0216e7235b403229e92fd0743ede48fe7f1a2c6f45d594,"{""distance"":5,""physical_error_rate"":0.0005}","{""detection_events"":2,""detectors_checked"":224}"
        16,         6,         0,   0.200,exact_mw,7def73f725f8347dc4de7c57664b66d91778cc6018e33f45b3defe89c7a0cfc0,"{""distance"":5,""physical_error_rate"":0.1}","{""detection_events"":996,""detectors_checked"":3584,""obs_mistake_mask=E"":6}"
      2320,         0,         0,   0.031,exact_mw,cb12ae119b9b2ba18d0216e7235b403229e92fd0743ede48fe7f1a2c6f45d594,"{""distance"":5,""physical_error_rate"":0.0005}","{""detection_events"":1201,""detectors_checked"":519680}"
        64,         1,         0,   0.397,exact_mw,7b4896c0e7f0a510554d89637fd747b157418067a95869d1f0661294d473d1dc,"{""distance"":5,""physical_error_rate"":0.02}","{""detection_events"":1138,""detectors_checked"":14336,""obs_mistake_mask=E"":1}"
      1024,         0,         0,   0.119,exact_mw,3208f56225bbcac0e2804eb6f92d0a8b681652a702ca1ec920ccd7367f0e0899,"{""distance"":5,""physical_error_rate"":0.002}","{""detection_events"":2016,""detectors_checked"":229376}"
      2048,         0,         0,   0.028,exact_mw,cb12ae119b9b2ba18d0216e7235b403229e92fd0743ede48fe7f1a2c6f45d594,"{""distance"":5,""physical_error_rate"":0.0005}","{""detection_events"":888,""detectors_checked"":458752}"
         1,         0,         0,   0.006,exact_mw,f32ebecd8e105e50ec838d33c5ed9b45444b6b44a3c6ac541111079f2b14e893,"{""distance"":5,""physical_error_rate"":5e-05}","{""detectors_checked"":224}"
       256,         0,         0,   0.752,exact_mw,38b7ae1c4e8407fc325e0d9e43e9f92ff26dcb3f5cf7b98d24ea74c9e5188d39,"{""distance"":5,""physical_error_rate"":0.005}","{""detection_events"":1201,""detectors_checked"":57344}"
     24576,         0,         0,   0.212,exact_mw,f32ebecd8e105e50ec838d33c5ed9b45444b6b44a3c6ac541111079f2b14e893,"{""distance"":5,""physical_error_rate"":5e-05}","{""detection_events"":1304,""detectors_checked"":5505024}"
     12288,         0,         0,   0.148,exact_mw,cb12ae119b9b2ba18d0216e7235b403229e92fd0743ede48fe7f1a2c6f45d594,"{""distance"":5,""physical_error_rate"":0.0005}","{""detection_events"":6032,""detectors_checked"":2752512}"
      1024,         0,         0,   0.021,exact_mw,cb12ae119b9b2ba18d0216e7235b403229e92fd0743ede48fe7f1a2c6f45d594,"{""distance"":5,""physical_error_rate"":0.0005}","{""detection_events"":481,""detectors_checked"":229376}"
      2320,         0,         0,   0.019,exact_mw,f32ebecd8e105e50ec838d33c5ed9b45444b6b44a3c6ac541111079f2b14e893,"{""distance"":5,""physical_error_rate"":5e-05}","{""detection_events"":136,""detectors_checked"":519680}"
      1024,         0,         0,   0.003,exact_mw,f32ebecd8e105e50ec838d33c5ed9b45444b6b44a3c6ac541111079f2b14e893,"{""distance"":5,""physical_error_rate"":5e-05}","{""detection_events"":36,""detectors_checked"":229376}"
     19456,         0,         0,   0.223,exact_mw,70a969f5042aec17ac076c6379f4170fb7c69b8e925756ef3b7334e28a33338b,"{""distance"":5,""physical_error_rate"":0.0001}","{""detection_events"":1921,""detectors_checked"":4358144}"
      1024,         0,         0,   0.003,exact_mw,cb12ae119b9b2ba18d0216e7235b403229e92fd0743ede48fe7f1a2c6f45d594,"{""distance"":5,""physical_error_rate"":0.0005}","{""detection_events"":452,""detectors_checked"":229376}"
        32,        16,         0,   0.629,exact_mw,7def73f725f8347dc4de7c57664b66d91778cc6018e33f45b3defe89c7a0cfc0,"{""distance"":5,""physical_error_rate"":0.1}","{""detection_events"":1961,""detectors_checked"":7168,""obs_mistake_mask=E"":16}"
        32,        19,         0,   0.478,exact_mw,d68317bf2f4c69d73359111c5597779a07d8ed85f1f94573f1c8a2f6c683850d,"{""distance"":5,""physical_error_rate"":0.2}","{""detection_events"":2783,""detectors_checked"":7168,""obs_mistake_mask=E"":19}"
        32,        12,         0,   0.524,exact_mw,14059eecea5f7bdc562c01e7682d53b775a747f80d40379178915ac673e3b6bb,"{""distance"":5,""physical_error_rate"":0.5}","{""detection_events"":3639,""detectors_checked"":7168,""obs_mistake_mask=E"":12}"
         1,         0,         0,   0.008,exact_mw,14059eecea5f7bdc562c01e7682d53b775a747f80d40379178915ac673e3b6bb,"{""distance"":5,""physical_error_rate"":0.5}","{""detection_events"":112,""detectors_checked"":224}"
      5120,         0,         0,   0.045,exact_mw,f32ebecd8e105e50ec838d33c5ed9b45444b6b44a3c6ac541111079f2b14e893,"{""distance"":5,""physical_error_rate"":5e-05}","{""detection_events"":244,""detectors_checked"":1146880}"
       128,         1,         0,   0.801,exact_mw,72230d8c06b5a71069df48ede6f7f3e6128cd83e8239dd1b2e5fe023578b6eb1,"{""distance"":5,""physical_error_rate"":0.01}","{""detection_events"":1289,""detectors_checked"":28672,""obs_mistake_mask=E"":1}"
      5120,         0,         0,   0.056,exact_mw,cb12ae119b9b2ba18d0216e7235b403229e92fd0743ede48fe7f1a2c6f45d594,"{""distance"":5,""physical_error_rate"":0.0005}","{""detection_events"":2521,""detectors_checked"":1146880}"
        16,         9,         0,   0.231,exact_mw,7def73f725f8347dc4de7c57664b66d91778cc6018e33f45b3defe89c7a0cfc0,"{""distance"":5,""physical_error_rate"":0.1}","{""detection_events"":999,""detectors_checked"":3584,""obs_mistake_mask=E"":9}"
      1024,         0,         0,   0.217,exact_mw,3208f56225bbcac0e2804eb6f92d0a8b681652a702ca1ec920ccd7367f0e0899,"{""distance"":5,""physical_error_rate"":0.002}","{""detection_events"":1886,""detectors_checked"":229376}"
      1024,         0,         0,   0.157,exact_mw,3208f56225bbcac0e2804eb6f92d0a8b681652a702ca1ec920ccd7367f0e0899,"{""distance"":5,""physical_error_rate"":0.002}","{""detection_events"":2012,""detectors_checked"":229376}"
      5120,         0,         0,   0.057,exact_mw,f32ebecd8e105e50ec838d33c5ed9b45444b6b44a3c6ac541111079f2b14e893,"{""distance"":5,""physical_error_rate"":5e-05}","{""detection_events"":243,""detectors_checked"":1146880}"
      2048,         0,         0,   0.306,exact_mw,3208f56225bbcac0e2804eb6f92d0a8b681652a702ca1ec920ccd7367f0e0899,"{""distance"":5,""physical_error_rate"":0.002}","{""detection_events"":3805,""detectors_checked"":458752}"
         1,         0,         0,   0.006,exact_mw,70a969f5042aec17ac076c6379f4170fb7c69b8e925756ef3b7334e28a33338b,"{""distance"":5,""physical_error_rate"":0.0001}","{""detectors_checked"":224}"
        32,         8,         0,   0.490,exact_mw,7def73f725f8347dc4de7c57664b66d91778cc6018e33f45b3defe89c7a0cfc0,"{""distance"":5,""physical_error_rate"":0.1}","{""detection_events"":1927,""detectors_checked"":7168,""obs_mistake_mask=E"":8}"
      2320,         0,         0,   0.023,exact_mw,70a969f5042aec17ac076c6379f4170fb7c69b8e925756ef3b7334e28a33338b,"{""distance"":5,""physical_error_rate"":0.0001}","{""detection_events"":260,""detectors_checked"":519680}"
      5120,         0,         0,   0.076,exact_mw,cb12ae119b9b2ba18d0216e7235b403229e92fd0743ede48fe7f1a2c6f45d594,"{""distance"":5,""physical_error_rate"":0.0005}","{""detection_events"":2524,""detectors_checked"":1146880}"
      1024,         0,         0,   0.026,exact_mw,70a969f5042aec17ac076c6379f4170fb7c69b8e925756ef3b7334e28a33338b,"{""distance"":5,""physical_error_rate"":0.0001}","{""detection_events"":76,""detectors_checked"":229376}"
      6144,         0,         0,   0.061,exact_mw,f32ebecd8e105e50ec838d33c5ed9b45444b6b44a3c6ac541111079f2b14e893,"{""distance"":5,""physical_error_rate"":5e-05}","{""detection_events"":268,""detectors_checked"":1376256}"
        17,         8,         0,   0.277,exact_mw,d68317bf2f4c69d73359111c5597779a07d8ed85f1f94573f1c8a2f6c683850d,"{""distance"":5,""physical_error_rate"":0.2}","{""detection_events"":1527,""detectors_checked"":3808,""obs_mistake_mask=E"":8}"
     11264,         0,         0,   0.189,exact_mw,cb12ae119b9b2ba18d0216e7235b403229e92fd0743ede48fe7f1a2c6f45d594,"{""distance"":5,""physical_error_rate"":0.0005}","{""detection_events"":5469,""detectors_checked"":2523136}"
      1024,         0,         0,   0.115,exact_mw,3208f56225bbcac0e2804eb6f92d0a8b681652a702ca1ec920ccd7367f0e0899,"{""distance"":5,""physical_error_rate"":0.002}","{""detection_events"":1921,""detectors_checked"":229376}"
      2048,         0,         0,   0.029,exact_mw,70a969f5042aec17ac076c6379f4170fb7c69b8e925756ef3b7334e28a33338b,"{""distance"":5,""physical_error_rate"":0.0001}","{""detection_events"":192,""detectors_checked"":458752}"
     38912,         0,         0,   0.551,exact_mw,cdc4a450a40af8e24899239080e4c40992fb5baf91c5a31ab3a165eacb3a1ab3,"{""distance"":5,""physical_error_rate"":0.0002}","{""detection_events"":7619,""detectors_checked"":8716288}"
       256,         0,         0,   0.418,exact_mw,38b7ae1c4e8407fc325e0d9e43e9f92ff26dcb3f5cf7b98d24ea74c9e5188d39,"{""distance"":5,""physical_error_rate"":0.005}","{""detection_events"":1342,""detectors_checked"":57344}"
      3072,         0,         0,   0.049,exact_mw,70a969f5042aec17ac076c6379f4170fb7c69b8e925756ef3b7334e28a33338b,"{""distance"":5,""physical_error_rate"":0.0001}","{""detection_events"":299,""detectors_checked"":688128}"
     28672,         0,         0,   0.263,exact_mw,f32ebecd8e105e50ec838d33c5ed9b45444b6b44a3c6ac541111079f2b14e893,"{""distance"":5,""physical_error_rate"":5e-05}","{""detection_events"":1425,""detectors_checked"":6422528}"
      6144,         0,         0,   0.080,exact_mw,f32ebecd8e105e50ec838d33c5ed9b45444b6b44a3c6ac541111079f2b14e893,"{""distance"":5,""physical_error_rate"":5e-05}","{""detection_events"":305,""detectors_checked"":1376256}"
      7168,         0,         0,   0.109,exact_mw,cb12ae119b9b2ba18d0216e7235b403229e92fd0743ede48fe7f1a2c6f45d594,"{""distance"":5,""physical_error_rate"":0.0005}","{""detection_events"":3518,""detectors_checked"":1605632}"
         1,         1,         0,   0.015,exact_mw,d68317bf2f4c69d73359111c5597779a07d8ed85f1f94573f1c8a2f6c683850d,"{""distance"":5,""physical_error_rate"":0.2}","{""detection_events"":78,""detectors_checked"":224,""obs_mistake_mask=E"":1}"
        32,        15,         0,   0.537,exact_mw,14059eecea5f7bdc562c01e7682d53b775a747f80d40379178915ac673e3b6bb,"{""distance"":5,""physical_error_rate"":0.5}","{""detection_events"":3550,""detectors_checked"":7168,""obs_mistake_mask=E"":15}"
        32,        10,         0,   0.410,exact_mw,7def73f725f8347dc4de7c57664b66d91778cc6018e33f45b3defe89c7a0cfc0,"{""distance"":5,""physical_error_rate"":0.1}","{""detection_events"":2024,""detectors_checked"":7168,""obs_mistake_mask=E"":10}"
     21504,         0,         0,   0.293,exact_mw,70a969f5042aec17ac076c6379f4170fb7c69b8e925756ef3b7334e28a33338b,"{""distance"":5,""physical_error_rate"":0.0001}","{""detection_events"":2064,""detectors_checked"":4816896}"
      1024,         1,         0,   0.223,exact_mw,3208f56225bbcac0e2804eb6f92d0a8b681652a702ca1ec920ccd7367f0e0899,"{""distance"":5,""physical_error_rate"":0.002}","{""detection_events"":2056,""detectors_checked"":229376,""obs_mistake_mask=E"":1}"
        32,        16,         0,   0.568,exact_mw,d68317bf2f4c69d73359111c5597779a07d8ed85f1f94573f1c8a2f6c683850d,"{""distance"":5,""physical_error_rate"":0.2}","{""detection_events"":2840,""detectors_checked"":7168,""obs_mistake_mask=E"":16}"
         1,         0,         0,   0.010,exact_mw,d68317bf2f4c69d73359111c5597779a07d8ed85f1f94573f1c8a2f6c683850d,"{""distance"":5,""physical_error_rate"":0.2}","{""detection_events"":77,""detectors_checked"":224}"
         1,         0,         0,   0.022,exact_mw,72230d8c06b5a71069df48ede6f7f3e6128cd83e8239dd1b2e5fe023578b6eb1,"{""distance"":5,""physical_error_rate"":0.01}","{""detection_events"":10,""detectors_checked"":224}"
        16,         6,         0,   0.314,exact_mw,14059eecea5f7bdc562c01e7682d53b775a747f80d40379178915ac673e3b6bb,"{""distance"":5,""physical_error_rate"":0.5}","{""detection_events"":1714,""detectors_checked"":3584,""obs_mistake_mask=E"":6}"
     19456,         0,         0,   0.809,exact_mw,bb90ec3459e353008cf9a5bb9142bf1e8515517a9e167021b225104594e48e8a,"{""distance"":5,""physical_error_rate"":0.001}","{""detection_events"":19216,""detectors_checked"":4358144}"
        64,        12,         0,   0.680,exact_mw,7fd11737ba5953e5998cf5d5ab7672462ce2ff07a9ab0f8628176a3f70e7a095,"{""distance"":5,""physical_error_rate"":0.05}","{""detection_events"":2518,""detectors_checked"":14336,""obs_mistake_mask=E"":12}"
      6144,         0,         0,   0.071,exact_mw,70a969f5042aec17ac076c6379f4170fb7c69b8e925756ef3b7334e28a33338b,"{""distance"":5,""physical_error_rate"":0.0001}","{""detection_events"":587,""detectors_checked"":1376256}"
     70656,         0,         0,   0.777,exact_mw,70a969f5042aec17ac076c6379f4170fb7c69b8e925756ef3b7334e28a33338b,"{""distance"":5,""physical_error_rate"":0.0001}","{""detection_events"":6834,""detectors_checked"":15826944}"
         1,         0,         0,   0.007,exact_mw,7b4896c0e7f0a510554d89637fd747b157418067a95869d1f0661294d473d1dc,"{""distance"":5,""physical_error_rate"":0.02}","{""detection_events"":10,""detectors_checked"":224}"
      9216,         0,         0,   0.118,exact_mw,f32ebecd8e105e50ec838d33c5ed9b45444b6b44a3c6ac541111079f2b14e893,"{""distance"":5,""physical_error_rate"":5e-05}","{""detection_events"":391,""detectors_checked"":2064384}"
      1024,         0,         0,   0.185,exact_mw,3208f56225bbcac0e2804eb6f92d0a8b681652a702ca1ec920ccd7367f0e0899,"{""distance"":5,""physical_error_rate"":0.002}","{""detection_events"":2175,""detectors_checked"":229376}"
         1,         0,         0,   0.010,exact_mw,70a969f5042aec17ac076c6379f4170fb7c69b8e925756ef3b7334e28a33338b,"{""distance"":5,""physical_error_rate"":0.0001}","{""detectors_checked"":224}"
         1,         1,         0,   0.011,exact_mw,7fd11737ba5953e5998cf5d5ab7672462ce2ff07a9ab0f8628176a3f70e7a095,"{""distance"":5,""physical_error_rate"":0.05}","{""detection_events"":30,""detectors_checked"":224,""obs_mistake_mask=E"":1}"
      9216,         0,         0,   0.154,exact_mw,cb12ae119b9b2ba18d0216e7235b403229e92fd0743ede48fe7f1a2c6f45d594,"{""distance"":5,""physical_error_rate"":0.0005}","{""detection_events"":4629,""detectors_checked"":2064384}"
        16,         0,         0,   0.068,exact_mw,72230d8c06b5a71069df48ede6f7f3e6128cd83e8239dd1b2e5fe023578b6eb1,"{""distance"":5,""physical_error_rate"":0.01}","{""detection_events"":127,""detectors_checked"":3584}"
      2320,         0,         0,   0.022,exact_mw,70a969f5042aec17ac076c6379f4170fb7c69b8e925756ef3b7334e28a33338b,"{""distance"":5,""physical_error_rate"":0.0001}","{""detection_events"":233,""detectors_checked"":519680}"
      6144,         0,         0,   0.084,exact_mw,70a969f5042aec17ac076c6379f4170fb7c69b8e925756ef3b7334e28a33338b,"{""distance"":5,""physical_error_rate"":0.0001}","{""detection_events"":561,""detectors_checked"":1376256}"
      2048,         0,         0,   0.024,exact_mw,70a969f5042aec17ac076c6379f4170fb7c69b8e925756ef3b7334e28a33338b,"{""distance"":5,""physical_error_rate"":0.0001}","{""detection_events"":146,""detectors_checked"":458752}"
         1,         0,         0,   0.007,exact_mw,72230d8c06b5a71069df48ede6f7f3e6128cd83e8239dd1b2e5fe023578b6eb1,"{""distance"":5,""physical_error_rate"":0.01}","{""detection_events"":17,""detectors_checked"":224}"
       273,         0,         0,   0.036,exact_mw,3208f56225bbcac0e2804eb6f92d0a8b681652a702ca1ec920ccd7367f0e0899,"{""distance"":5,""physical_error_rate"":0.002}","{""detection_events"":485,""detectors_checked"":61152}"
        16,         6,         0,   0.201,exact_mw,d68317bf2f4c69d73359111c5597779a07d8ed85f1f94573f1c8a2f6c683850d,"{""distance"":5,""physical_error_rate"":0.2}","{""detection_events"":1462,""detectors_checked"":3584,""obs_mistake_mask=E"":6}"
     19456,         0,         0,   0.298,exact_mw,cb12ae119b9b2ba18d0216e7235b403229e92fd0743ede48fe7f1a2c6f45d594,"{""distance"":5,""physical_error_rate"":0.0005}","{""detection_events"":9542,""detectors_checked"":4358144}"
      2048,         0,         0,   0.349,exact_mw,3208f56225bbcac0e2804eb6f92d0a8b681652a702ca1ec920ccd7367f0e0899,"{""distance"":5,""physical_error_rate"":0.002}","{""detection_events"":4111,""detectors_checked"":458752}"
         1,         0,         0,   0.004,exact_mw,bb90ec3459e353008cf9a5bb9142bf1e8515517a9e167021b225104594e48e8a,"{""distance"":5,""physical_error_rate"":0.001}","{""detectors_checked"":224}"
        64,         2,         0,   0.597,exact_mw,7b4896c0e7f0a510554d89637fd747b157418067a95869d1f0661294d473d1dc,"{""distance"":5,""physical_error_rate"":0.02}","{""detection_events"":1175,""detectors_checked"":14336,""obs_mistake_mask=E"":2}"
         1,         0,         0,   0.018,exact_mw,70a969f5042aec17ac076c6379f4170fb7c69b8e925756ef3b7334e28a33338b,"{""distance"":5,""physical_error_rate"":0.0001}","{""detectors_checked"":224}"
      3072,         0,         0,   0.050,exact_mw,70a969f5042aec17ac076c6379f4170fb7c69b8e925756ef3b7334e28a33338b,"{""distance"":5,""physical_error_rate"":0.0001}","{""detection_events"":262,""detectors_checked"":688128}"
      1024,         0,         0,   0.226,exact_mw,3208f56225bbcac0e2804eb6f92d0a8b681652a702ca1ec920ccd7367f0e0899,"{""distance"":5,""physical_error_rate"":0.002}","{""detection_events"":1967,""detectors_checked"":229376}"
      2320,         0,         0,   0.008,exact_mw,70a969f5042aec17ac076c6379f4170fb7c69b8e925756ef3b7334e28a33338b,"{""distance"":5,""physical_error_rate"":0.0001}","{""detection_events"":194,""detectors_checked"":519680}"
         1,         0,         0,   0.009,exact_mw,38b7ae1c4e8407fc325e0d9e43e9f92ff26dcb3f5cf7b98d24ea74c9e5188d39,"{""distance"":5,""physical_error_rate"":0.005}","{""detection_events"":3,""detectors_checked"":224}"
      1296,         0,         0,   0.034,exact_mw,bb90ec3459e353008cf9a5bb9142bf1e8515517a9e167021b225104594e48e8a,"{""distance"":5,""physical_error_rate"":0.001}","{""detection_events"":1278,""detectors_checked"":290304}"
     14336,         0,         0,   0.145,exact_mw,f32ebecd8e105e50ec838d33c5ed9b45444b6b44a3c6ac541111079f2b14e893,"{""distance"":5,""physical_error_rate"":5e-05}","{""detection_events"":752,""detectors_checked"":3211264}"
        16,         0,         0,   0.151,exact_mw,7b4896c0e7f0a510554d89637fd747b157418067a95869d1f0661294d473d1dc,"{""distance"":5,""physical_error_rate"":0.02}","{""detection_events"":204,""detectors_checked"":3584}"
        16,         0,         0,   0.087,exact_mw,72230d8c06b5a71069df48ede6f7f3e6128cd83e8239dd1b2e5fe023578b6eb1,"{""distance"":5,""physical_error_rate"":0.01}","{""detection_events"":191,""detectors_checked"":3584}"
         1,         1,         0,   0.012,exact_mw,d68317bf2f4c69d73359111c5597779a07d8ed85f1f94573f1c8a2f6c683850d,"{""distance"":5,""physical_error_rate"":0.2}","{""detection_events"":92,""detectors_checked"":224,""obs_mistake_mask=E"":1}"
     10240,         0,         0,   0.114,exact_mw,70a969f5042aec17ac076c6379f4170fb7c69b8e925756ef3b7334e28a33338b,"{""distance"":5,""physical_error_rate"":0.0001}","{""detection_events"":1025,""detectors_checked"":2293760}"
      1024,         0,         0,   0.022,exact_mw,bb90ec3459e353008cf9a5bb9142bf1e8515517a9e167021b225104594e48e8a,"{""distance"":5,""physical_error_rate"":0.001}","{""detection_events"":1113,""detectors_checked"":229376}"
         1,         0,         0,   0.006,exact_mw,70a969f5042aec17ac076c6379f4170fb7c69b8e925756ef3b7334e28a33338b,"{""distance"":5,""physical_error_rate"":0.0001}","{""detectors_checked"":224}"
        32,        10,         0,   0.571,exact_mw,7def73f725f8347dc4de7c57664b66d91778cc6018e33f45b3defe89c7a0cfc0,"{""distance"":5,""physical_error_rate"":0.1}","{""detection_events"":1912,""detectors_checked"":7168,""obs_mistake_mask=E"":10}"
      4096,         0,         0,   0.041,exact_mw,70a969f5042aec17ac076c6379f4170fb7c69b8e925756ef3b7334e28a33338b,"{""distance"":5,""physical_error_rate"":0.0001}","{""detection_events"":370,""detectors_checked"":917504}"
       256,         0,         0,   0.381,exact_mw,38b7ae1c4e8407fc325e0d9e43e9f92ff26dcb3f5cf7b98d24ea74c9e5188d39,"{""distance"":5,""physical_error_rate"":0.005}","{""detection_events"":1280,""detectors_checked"":57344}"
        32,        15,         0,   0.491,exact_mw,7def73f725f8347dc4de7c57664b66d91778cc6018e33f45b3defe89c7a0cfc0,"{""distance"":5,""physical_error_rate"":0.1}","{""detection_events"":2010,""detectors_checked"":7168,""obs_mistake_mask=E"":15}"
        32,        16,         0,   0.418,exact_mw,7def73f725f8347dc4de7c57664b66d91778cc6018e33f45b3defe89c7a0cfc0,"{""distance"":5,""physical_error_rate"":0.1}","{""detection_events"":1954,""detectors_checked"":7168,""obs_mistake_mask=E"":16}"
      1024,         0,         0,   0.202,exact_mw,3208f56225bbcac0e2804eb6f92d0a8b681652a702ca1ec920ccd7367f0e0899,"{""distance"":5,""physical_error_rate"":0.002}","{""detection_events"":2133,""detectors_checked"":229376}"
        16,         8,         0,   0.246,exact_mw,d68317bf2f4c69d73359111c5597779a07d8ed85f1f94573f1c8a2f6c683850d,"{""distance"":5,""physical_error_rate"":0.2}","{""detection_events"":1412,""detectors_checked"":3584,""obs_mistake_mask=E"":8}"
         1,         0,         0,   0.002,exact_mw,38b7ae1c4e8407fc325e0d9e43e9f92ff26dcb3f5cf7b98d24ea74c9e5188d39,"{""distance"":5,""physical_error_rate"":0.005}","{""detection_events"":7,""detectors_checked"":224}"
      2320,         0,         0,   0.017,exact_mw,70a969f5042aec17ac076c6379f4170fb7c69b8e925756ef3b7334e28a33338b,"{""distance"":5,""physical_error_rate"":0.0001}","{""detection_events"":228,""detectors_checked"":519680}"
         1,         0,         0,   0.007,exact_mw,72230d8c06b5a71069df48ede6f7f3e6128cd83e8239dd1b2e5fe023578b6eb1,"{""distance"":5,""physical_error_rate"":0.01}","{""detectors_checked"":224}"
      5120,         0,         0,   0.021,exact_mw,70a969f5042aec17ac076c6379f4170fb7c69b8e925756ef3b7334e28a33338b,"{""distance"":5,""physical_error_rate"":0.0001}","{""detection_events"":515,""detectors_checked"":1146880}"
      1024,         0,         0,   0.003,exact_mw,70a969f5042aec17ac076c6379f4170fb7c69b8e925756ef3b7334e28a33338b,"{""distance"":5,""physical_error_rate"":0.0001}","{""detection_events"":120,""detectors_checked"":229376}"
      4096,         0,         0,   0.027,exact_mw,70a969f5042aec17ac076c6379f4170fb7c69b8e925756ef3b7334e28a33338b,"{""distance"":5,""physical_error_rate"":0.0001}","{""detection_events"":420,""detectors_checked"":917504}"
        16,         0,         0,   0.019,exact_mw,38b7ae1c4e8407fc325e0d9e43e9f92ff26dcb3f5cf7b98d24ea74c9e5188d39,"{""distance"":5,""physical_error_rate"":0.005}","{""detection_events"":111,""detectors_checked"":3584}"
      2048,         0,         0,   0.050,exact_mw,bb90ec3459e353008cf9a5bb9142bf1e8515517a9e167021b225104594e48e8a,"{""distance"":5,""physical_error_rate"":0.001}","{""detection_events"":2172,""detectors_checked"":458752}"
        17,         0,         0,   0.002,exact_mw,3208f56225bbcac0e2804eb6f92d0a8b681652a702ca1ec920ccd7367f0e0899,"{""distance"":5,""physical_error_rate"":0.002}","{""detection_events"":27,""detectors_checked"":3808}"
        16,         7,         0,   0.221,exact_mw,7fd11737ba5953e5998cf5d5ab7672462ce2ff07a9ab0f8628176a3f70e7a095,"{""distance"":5,""physical_error_rate"":0.05}","{""detection_events"":602,""detectors_checked"":3584,""obs_mistake_mask=E"":7}"
     12288,         0,         0,   0.209,exact_mw,cb12ae119b9b2ba18d0216e7235b403229e92fd0743ede48fe7f1a2c6f45d594,"{""distance"":5,""physical_error_rate"":0.0005}","{""detection_events"":5927,""detectors_checked"":2752512}"
      2048,         0,         0,   0.022,exact_mw,70a969f5042aec17ac076c6379f4170fb7c69b8e925756ef3b7334e28a33338b,"{""distance"":5,""physical_error_rate"":0.0001}","{""detection_events"":185,""detectors_checked"":458752}"
        32,        19,         0,   0.604,exact_mw,14059eecea5f7bdc562c01e7682d53b775a747f80d40379178915ac673e3b6bb,"{""distance"":5,""physical_error_rate"":0.5}","{""detection_events"":3508,""detectors_checked"":7168,""obs_mistake_mask=E"":19}"
      2321,         0,         0,   0.010,exact_mw,cdc4a450a40af8e24899239080e4c40992fb5baf91c5a31ab3a165eacb3a1ab3,"{""distance"":5,""physical_error_rate"":0.0002}","{""detection_events"":482,""detectors_checked"":519904}"
      1024,         0,         0,   0.003,exact_mw,cdc4a450a40af8e24899239080e4c40992fb5baf91c5a31ab3a165eacb3a1ab3,"{""distance"":5,""physical_error_rate"":0.0002}","{""detection_events"":206,""detectors_checked"":229376}"
        32,        14,         0,   0.615,exact_mw,d68317bf2f4c69d73359111c5597779a07d8ed85f1f94573f1c8a2f6c683850d,"{""distance"":5,""physical_error_rate"":0.2}","{""detection_events"":2820,""detectors_checked"":7168,""obs_mistake_mask=E"":14}"
     50176,         0,         0,   0.404,exact_mw,f32ebecd8e105e50ec838d33c5ed9b45444b6b44a3c6ac541111079f2b14e893,"{""distance"":5,""physical_error_rate"":5e-05}","{""detection_events"":2461,""detectors_checked"":11239424}"
      1024,         0,         0,   0.185,exact_mw,3208f56225bbcac0e2804eb6f92d0a8b681652a702ca1ec920ccd7367f0e0899,"{""distance"":5,""physical_error_rate"":0.002}","{""detection_events"":1901,""detectors_checked"":229376}"
      3072,         0,         0,   0.024,exact_mw,70a969f5042aec17ac076c6379f4170fb7c69b8e925756ef3b7334e28a33338b,"{""distance"":5,""physical_error_rate"":0.0001}","{""detection_events"":313,""detectors_checked"":688128}"
      1024,         0,         0,   0.039,exact_mw,bb90ec3459e353008cf9a5bb9142bf1e8515517a9e167021b225104594e48e8a,"{""distance"":5,""physical_error_rate"":0.001}","{""detection_events"":1060,""detectors_checked"":229376}"
        32,        11,         0,   0.371,exact_mw,7def73f725f8347dc4de7c57664b66d91778cc6018e33f45b3defe89c7a0cfc0,"{""distance"":5,""physical_error_rate"":0.1}","{""detection_events"":1969,""detectors_checked"":7168,""obs_mistake_mask=E"":11}"
       256,         0,         0,   0.039,exact_mw,3208f56225bbcac0e2804eb6f92d0a8b681652a702ca1ec920ccd7367f0e0899,"{""distance"":5,""physical_error_rate"":0.002}","{""detection_events"":501,""detectors_checked"":57344}"
      5120,         0,         0,   0.019,exact_mw,cdc4a450a40af8e24899239080e4c40992fb5baf91c5a31ab3a165eacb3a1ab3,"{""distance"":5,""physical_error_rate"":0.0002}","{""detection_events"":1015,""detectors_checked"":1146880}"
         1,         0,         0,   0.002,exact_mw,38b7ae1c4e8407fc325e0d9e43e9f92ff26dcb3f5cf7b98d24ea74c9e5188d39,"{""distance"":5,""physical_error_rate"":0.005}","{""detection_events"":5,""detectors_checked"":224}"
      6144,         0,         0,   0.077,exact_mw,70a969f5042aec17ac076c6379f4170fb7c69b8e925756ef3b7334e28a33338b,"{""distance"":5,""physical_error_rate"":0.0001}","{""detection_events"":558,""detectors_checked"":1376256}"
        16,         8,         0,   0.325,exact_mw,14059eecea5f7bdc562c01e7682d53b775a747f80d40379178915ac673e3b6bb,"{""distance"":5,""physical_error_rate"":0.5}","{""detection_events"":1786,""detectors_checked"":3584,""obs_mistake_mask=E"":8}"
      1024,         0,         0,   0.083,exact_mw,70a969f5042aec17ac076c6379f4170fb7c69b8e925756ef3b7334e28a33338b,"{""distance"":5,""physical_error_rate"":0.0001}","{""detection_events"":123,""detectors_checked"":229376}"
     28672,         0,         0,   0.404,exact_mw,70a969f5042aec17ac076c6379f4170fb7c69b8e925756ef3b7334e28a33338b,"{""distance"":5,""physical_error_rate"":0.0001}","{""detection_events"":2922,""detectors_checked"":6422528}"
     94208,         0,         0,    1.11,exact_mw,cb12ae119b9b2ba18d0216e7235b403229e92fd0743ede48fe7f1a2c6f45d594,"{""distance"":5,""physical_error_rate"":0.0005}","{""detection_events"":46058,""detectors_checked"":21102592}"
        32,        21,         0,   0.431,exact_mw,14059eecea5f7bdc562c01e7682d53b775a747f80d40379178915ac673e3b6bb,"{""distance"":5,""physical_error_rate"":0.5}","{""detection_events"":3581,""detectors_checked"":7168,""obs_mistake_mask=E"":21}"
        32,        15,         0,   0.515,exact_mw,d68317bf2f4c69d73359111c5597779a07d8ed85f1f94573f1c8a2f6c683850d,"{""distance"":5,""physical_error_rate"":0.2}","{""detection_events"":2943,""detectors_checked"":7168,""obs_mistake_mask=E"":15}"
       256,         1,         0,   0.747,exact_mw,38b7ae1c4e8407fc325e0d9e43e9f92ff26dcb3f5cf7b98d24ea74c9e5188d39,"{""distance"":5,""physical_error_rate"":0.005}","{""detection_events"":1220,""detectors_checked"":57344,""obs_mistake_mask=E"":1}"
        17,         6,         0,   0.308,exact_mw,7def73f725f8347dc4de7c57664b66d91778cc6018e33f45b3defe89c7a0cfc0,"{""distance"":5,""physical_error_rate"":0.1}","{""detection_events"":970,""detectors_checked"":3808,""obs_mistake_mask=E"":6}"
        16,         0,         0,   0.107,exact_mw,72230d8c06b5a71069df48ede6f7f3e6128cd83e8239dd1b2e5fe023578b6eb1,"{""distance"":5,""physical_error_rate"":0.01}","{""detection_events"":149,""detectors_checked"":3584}"
        16,         0,         0,   0.017,exact_mw,38b7ae1c4e8407fc325e0d9e43e9f92ff26dcb3f5cf7b98d24ea74c9e5188d39,"{""distance"":5,""physical_error_rate"":0.005}","{""detection_events"":125,""detectors_checked"":3584}"
      1297,         0,         0,   0.046,exact_mw,bb90ec3459e353008cf9a5bb9142bf1e8515517a9e167021b225104594e48e8a,"{""distance"":5,""physical_error_rate"":0.001}","{""detection_events"":1268,""detectors_checked"":290528}"
        17,         6,         0,   0.310,exact_mw,d68317bf2f4c69d73359111c5597779a07d8ed85f1f94573f1c8a2f6c683850d,"{""distance"":5,""physical_error_rate"":0.2}","{""detection_events"":1482,""detectors_checked"":3808,""obs_mistake_mask=E"":6}"
      4096,         0,         0,   0.057,exact_mw,70a969f5042aec17ac076c6379f4170fb7c69b8e925756ef3b7334e28a33338b,"{""distance"":5,""physical_error_rate"":0.0001}","{""detection_events"":458,""detectors_checked"":917504}"
      2048,         0,         0,   0.014,exact_mw,cdc4a450a40af8e24899239080e4c40992fb5baf91c5a31ab3a165eacb3a1ab3,"{""distance"":5,""physical_error_rate"":0.0002}","{""detection_events"":464,""detectors_checked"":458752}"
     20480,         0,         0,   0.166,exact_mw,70a969f5042aec17ac076c6379f4170fb7c69b8e925756ef3b7334e28a33338b,"{""distance"":5,""physical_error_rate"":0.0001}","{""detection_events"":2165,""detectors_checked"":4587520}"
      2048,         0,         0,   0.071,exact_mw,bb90ec3459e353008cf9a5bb9142bf1e8515517a9e167021b225104594e48e8a,"{""distance"":5,""physical_error_rate"":0.001}","{""detection_events"":2049,""detectors_checked"":458752}"
      1024,         0,         0,   0.031,exact_mw,bb90ec3459e353008cf9a5bb9142bf1e8515517a9e167021b225104594e48e8a,"{""distance"":5,""physical_error_rate"":0.001}","{""detection_events"":1019,""detectors_checked"":229376}"
      3072,         0,         0,   0.024,exact_mw,cdc4a450a40af8e24899239080e4c40992fb5baf91c5a31ab3a165eacb3a1ab3,"{""distance"":5,""physical_error_rate"":0.0002}","{""detection_events"":630,""detectors_checked"":688128}"
         1,         0,         0,   0.005,exact_mw,14059eecea5f7bdc562c01e7682d53b775a747f80d40379178915ac673e3b6bb,"{""distance"":5,""physical_error_rate"":0.5}","{""detection_events"":109,""detectors_checked"":224}"
    108544,         1,         0,    1.11,exact_mw,bb90ec3459e353008cf9a5bb9142bf1e8515517a9e167021b225104594e48e8a,"{""distance"":5,""physical_error_rate"":0.001}","{""detection_events"":106356,""detectors_checked"":24313856,""obs_mistake_mask=E"":1}"
         1,         1,         0,   0.010,exact_mw,7fd11737ba5953e5998cf5d5ab7672462ce2ff07a9ab0f8628176a3f70e7a095,"{""distance"":5,""physical_error_rate"":0.05}","{""detection_events"":25,""detectors_checked"":224,""obs_mistake_mask=E"":1}"
      1024,         0,         0,   0.083,exact_mw,70a969f5042aec17ac076c6379f4170fb7c69b8e925756ef3b7334e28a33338b,"{""distance"":5,""physical_error_rate"":0.0001}","{""detection_events"":114,""detectors_checked"":229376}"
      7168,         0,         0,   0.063,exact_mw,70a969f5042aec17ac076c6379f4170fb7c69b8e925756ef3b7334e28a33338b,"{""distance"":5,""physical_error_rate"":0.0001}","{""detection_events"":736,""detectors_checked"":1605632}"
      1024,         0,         0,   0.026,exact_mw,bb90ec3459e353008cf9a5bb9142bf1e8515517a9e167021b225104594e48e8a,"{""distance"":5,""physical_error_rate"":0.001}","{""detection_events"":967,""detectors_checked"":229376}"
        16,         7,         0,   0.231,exact_mw,d68317bf2f4c69d73359111c5597779a07d8ed85f1f94573f1c8a2f6c683850d,"{""distance"":5,""physical_error_rate"":0.2}","{""detection_events"":1433,""detectors_checked"":3584,""obs_mistake_mask=E"":7}"
      2048,         1,         0,   0.283,exact_mw,3208f56225bbcac0e2804eb6f92d0a8b681652a702ca1ec920ccd7367f0e0899,"{""distance"":5,""physical_error_rate"":0.002}","{""detection_events"":4061,""detectors_checked"":458752,""obs_mistake_mask=E"":1}"
         1,         1,         0,   0.018,exact_mw,14059eecea5f7bdc562c01e7682d53b775a747f80d40379178915ac673e3b6bb,"{""distance"":5,""physical_error_rate"":0.5}","{""detection_events"":115,""detectors_checked"":224,""obs_mistake_mask=E"":1}"
       128,         1,         0,   0.756,exact_mw,72230d8c06b5a71069df48ede6f7f3e6128cd83e8239dd1b2e5fe023578b6eb1,"{""distance"":5,""physical_error_rate"":0.01}","{""detection_events"":1218,""detectors_checked"":28672,""obs_mistake_mask=E"":1}"
      1024,         1,         0,   0.230,exact_mw,3208f56225bbcac0e2804eb6f92d0a8b681652a702ca1ec920ccd7367f0e0899,"{""distance"":5,""physical_error_rate"":0.002}","{""detection_events"":2094,""detectors_checked"":229376,""obs_mistake_mask=E"":1}"
      5120,         0,         0,   0.272,exact_mw,f32ebecd8e105e50ec838d33c5ed9b45444b6b44a3c6ac541111079f2b14e893,"{""distance"":5,""physical_error_rate"":5e-05}","{""detection_events"":194,""detectors_checked"":1146880}"
      8192,         0,         0,   0.060,exact_mw,cdc4a450a40af8e24899239080e4c40992fb5baf91c5a31ab3a165eacb3a1ab3,"{""distance"":5,""physical_error_rate"":0.0002}","{""detection_events"":1632,""detectors_checked"":1835008}"
      8192,         0,         0,   0.123,exact_mw,70a969f5042aec17ac076c6379f4170fb7c69b8e925756ef3b7334e28a33338b,"{""distance"":5,""physical_error_rate"":0.0001}","{""detection_events"":792,""detectors_checked"":1835008}"
         1,         0,         0,   0.002,exact_mw,38b7ae1c4e8407fc325e0d9e43e9f92ff26dcb3f5cf7b98d24ea74c9e5188d39,"{""distance"":5,""physical_error_rate"":0.005}","{""detection_events"":5,""detectors_checked"":224}"
      1024,         0,         0,   0.054,exact_mw,bb90ec3459e353008cf9a5bb9142bf1e8515517a9e167021b225104594e48e8a,"{""distance"":5,""physical_error_rate"":0.001}","{""detection_events"":1016,""detectors_checked"":229376}"
      1024,         0,         0,   0.191,exact_mw,3208f56225bbcac0e2804eb6f92d0a8b681652a702ca1ec920ccd7367f0e0899,"{""distance"":5,""physical_error_rate"":0.002}","{""detection_events"":1963,""detectors_checked"":229376}"
      2048,         0,         0,   0.079,exact_mw,bb90ec3459e353008cf9a5bb9142bf1e8515517a9e167021b225104594e48e8a,"{""distance"":5,""physical_error_rate"":0.001}","{""detection_events"":2013,""detectors_checked"":458752}"
         1,         1,         0,   0.009,exact_mw,14059eecea5f7bdc562c01e7682d53b775a747f80d40379178915ac673e3b6bb,"{""distance"":5,""physical_error_rate"":0.5}","{""detection_events"":106,""detectors_checked"":224,""obs_mistake_mask=E"":1}"
      9216,         0,         0,   0.086,exact_mw,70a969f5042aec17ac076c6379f4170fb7c69b8e925756ef3b7334e28a33338b,"{""distance"":5,""physical_error_rate"":0.0001}","{""detection_events"":917,""detectors_checked"":2064384}"
        64,         1,         0,   0.322,exact_mw,72230d8c06b5a71069df48ede6f7f3e6128cd83e8239dd1b2e5fe023578b6eb1,"{""distance"":5,""physical_error_rate"":0.01}","{""detection_events"":655,""detectors_checked"":14336,""obs_mistake_mask=E"":1}"
        32,        16,         0,   0.233,exact_mw,d68317bf2f4c69d73359111c5597779a07d8ed85f1f94573f1c8a2f6c683850d,"{""distance"":5,""physical_error_rate"":0.2}","{""detection_events"":2881,""detectors_checked"":7168,""obs_mistake_mask=E"":16}"
      6144,         0,         0,   0.048,exact_mw,cdc4a450a40af8e24899239080e4c40992fb5baf91c5a31ab3a165eacb3a1ab3,"{""distance"":5,""physical_error_rate"":0.0002}","{""detection_events"":1292,""detectors_checked"":1376256}"
      1024,         0,         0,   0.240,exact_mw,3208f56225bbcac0e2804eb6f92d0a8b681652a702ca1ec920ccd7367f0e0899,"{""distance"":5,""physical_error_rate"":0.002}","{""detection_events"":2040,""detectors_checked"":229376}"
     19456,         0,         0,   0.411,exact_mw,cb12ae119b9b2ba18d0216e7235b403229e92fd0743ede48fe7f1a2c6f45d594,"{""distance"":5,""physical_error_rate"":0.0005}","{""detection_events"":9582,""detectors_checked"":4358144}"
      1024,         0,         0,   0.060,exact_mw,bb90ec3459e353008cf9a5bb9142bf1e8515517a9e167021b225104594e48e8a,"{""distance"":5,""physical_error_rate"":0.001}","{""detection_events"":1003,""detectors_checked"":229376}"
      3072,         0,         0,   0.146,exact_mw,70a969f5042aec17ac076c6379f4170fb7c69b8e925756ef3b7334e28a33338b,"{""distance"":5,""physical_error_rate"":0.0001}","{""detection_events"":311,""detectors_checked"":688128}"
        32,        15,         0,   0.602,exact_mw,d68317bf2f4c69d73359111c5597779a07d8ed85f1f94573f1c8a2f6c683850d,"{""distance"":5,""physical_error_rate"":0.2}","{""detection_events"":2924,""detectors_checked"":7168,""obs_mistake_mask=E"":15}"
       272,         0,         0,   0.406,exact_mw,38b7ae1c4e8407fc325e0d9e43e9f92ff26dcb3f5cf7b98d24ea74c9e5188d39,"{""distance"":5,""physical_error_rate"":0.005}","{""detection_events"":1262,""detectors_checked"":60928}"
        32,         3,         0,   0.384,exact_mw,7b4896c0e7f0a510554d89637fd747b157418067a95869d1f0661294d473d1dc,"{""distance"":5,""physical_error_rate"":0.02}","{""detection_events"":647,""detectors_checked"":7168,""obs_mistake_mask=E"":3}"
        16,         8,         0,   0.257,exact_mw,14059eecea5f7bdc562c01e7682d53b775a747f80d40379178915ac673e3b6bb,"{""distance"":5,""physical_error_rate"":0.5}","{""detection_events"":1811,""detectors_checked"":3584,""obs_mistake_mask=E"":8}"
     18432,         0,         0,   0.304,exact_mw,cb12ae119b9b2ba18d0216e7235b403229e92fd0743ede48fe7f1a2c6f45d594,"{""distance"":5,""physical_error_rate"":0.0005}","{""detection_events"":9193,""detectors_checked"":4128768}"
     24576,         0,         0,   0.184,exact_mw,70a969f5042aec17ac076c6379f4170fb7c69b8e925756ef3b7334e28a33338b,"{""distance"":5,""physical_error_rate"":0.0001}","{""detection_events"":2421,""detectors_checked"":5505024}"
        16,        10,         0,   0.173,exact_mw,14059eecea5f7bdc562c01e7682d53b775a747f80d40379178915ac673e3b6bb,"{""distance"":5,""physical_error_rate"":0.5}","{""detection_events"":1796,""detectors_checked"":3584,""obs_mistake_mask=E"":10}"
      2048,         0,         0,   0.113,exact_mw,bb90ec3459e353008cf9a5bb9142bf1e8515517a9e167021b225104594e48e8a,"{""distance"":5,""physical_error_rate"":0.001}","{""detection_events"":2165,""detectors_checked"":458752}"
     61440,         0,         0,    1.13,exact_mw,cb12ae119b9b2ba18d0216e7235b403229e92fd0743ede48fe7f1a2c6f45d594,"{""distance"":5,""physical_error_rate"":0.0005}","{""detection_events"":30063,""detectors_checked"":13762560}"
         1,         0,         0,   0.004,exact_mw,7b4896c0e7f0a510554d89637fd747b157418067a95869d1f0661294d473d1dc,"{""distance"":5,""physical_error_rate"":0.02}","{""detection_events"":20,""detectors_checked"":224}"
      9216,         0,         0,   0.122,exact_mw,70a969f5042aec17ac076c6379f4170fb7c69b8e925756ef3b7334e28a33338b,"{""distance"":5,""physical_error_rate"":0.0001}","{""detection_events"":887,""detectors_checked"":2064384}"
        64,        14,         0,   0.612,exact_mw,7fd11737ba5953e5998cf5d5ab7672462ce2ff07a9ab0f8628176a3f70e7a095,"{""distance"":5,""physical_error_rate"":0.05}","{""detection_events"":2580,""detectors_checked"":14336,""obs_mistake_mask=E"":14}"
        32,        20,         0,   0.483,exact_mw,d68317bf2f4c69d73359111c5597779a07d8ed85f1f94573f1c8a2f6c683850d,"{""distance"":5,""physical_error_rate"":0.2}","{""detection_events"":2862,""detectors_checked"":7168,""obs_mistake_mask=E"":20}"
     10240,         0,         0,   0.115,exact_mw,70a969f5042aec17ac076c6379f4170fb7c69b8e925756ef3b7334e28a33338b,"{""distance"":5,""physical_error_rate"":0.0001}","{""detection_events"":994,""detectors_checked"":2293760}"
     54272,         0,         0,   0.774,exact_mw,cdc4a450a40af8e24899239080e4c40992fb5baf91c5a31ab3a165eacb3a1ab3,"{""distance"":5,""physical_error_rate"":0.0002}","{""detection_events"":10506,""detectors_checked"":12156928}"
      2048,         0,         0,   0.086,exact_mw,bb90ec3459e353008cf9a5bb9142bf1e8515517a9e167021b225104594e48e8a,"{""distance"":5,""physical_error_rate"":0.001}","{""detection_events"":1906,""detectors_checked"":458752}"
      6144,         0,         0,   0.102,exact_mw,cdc4a450a40af8e24899239080e4c40992fb5baf91c5a31ab3a165eacb3a1ab3,"{""distance"":5,""physical_error_rate"":0.0002}","{""detection_events"":1169,""detectors_checked"":1376256}"
         1,         1,         0,   0.010,exact_mw,14059eecea5f7bdc562c01e7682d53b775a747f80d40379178915ac673e3b6bb,"{""distance"":5,""physical_error_rate"":0.5}","{""detection_events"":124,""detectors_checked"":224,""obs_mistake_mask=E"":1}"
         1,         0,         0,   0.006,exact_mw,38b7ae1c4e8407fc325e0d9e43e9f92ff26dcb3f5cf7b98d24ea74c9e5188d39,"{""distance"":5,""physical_error_rate"":0.005}","{""detection_events"":4,""detectors_checked"":224}"
        16,         7,         0,   0.307,exact_mw,d68317bf2f4c69d73359111c5597779a07d8ed85f1f94573f1c8a2f6c683850d,"{""distance"":5,""physical_error_rate"":0.2}","{""detection_events"":1418,""detectors_checked"":3584,""obs_mistake_mask=E"":7}"
      1297,         0,         0,   0.010,exact_mw,f32ebecd8e105e50ec838d33c5ed9b45444b6b44a3c6ac541111079f2b14e893,"{""distance"":5,""physical_error_rate"":5e-05}","{""detection_events"":68,""detectors_checked"":290528}"
        16,         3,         0,   0.262,exact_mw,7fd11737ba5953e5998cf5d5ab7672462ce2ff07a9ab0f8628176a3f70e7a095,"{""distance"":5,""physical_error_rate"":0.05}","{""detection_events"":678,""detectors_checked"":3584,""obs_mistake_mask=E"":3}"
        16,        11,         0,   0.343,exact_mw,7def73f725f8347dc4de7c57664b66d91778cc6018e33f45b3defe89c7a0cfc0,"{""distance"":5,""physical_error_rate"":0.1}","{""detection_events"":1015,""detectors_checked"":3584,""obs_mistake_mask=E"":11}"
        32,        15,         0,   0.457,exact_mw,7def73f725f8347dc4de7c57664b66d91778cc6018e33f45b3defe89c7a0cfc0,"{""distance"":5,""physical_error_rate"":0.1}","{""detection_events"":2029,""detectors_checked"":7168,""obs_mistake_mask=E"":15}"
        16,         0,         0,   0.033,exact_mw,38b7ae1c4e8407fc325e0d9e43e9f92ff26dcb3f5cf7b98d24ea74c9e5188d39,"{""distance"":5,""physical_error_rate"":0.005}","{""detection_events"":68,""detectors_checked"":3584}"
      1024,         0,         0,   0.018,exact_mw,f32ebecd8e105e50ec838d33c5ed9b45444b6b44a3c6ac541111079f2b14e893,"{""distance"":5,""physical_error_rate"":5e-05}","{""detection_events"":42,""detectors_checked"":229376}"
        32,        14,         0,   0.358,exact_mw,14059eecea5f7bdc562c01e7682d53b775a747f80d40379178915ac673e3b6bb,"{""distance"":5,""physical_error_rate"":0.5}","{""detection_events"":3584,""detectors_checked"":7168,""obs_mistake_mask=E"":14}"
      2048,         0,         0,   0.142,exact_mw,70a969f5042aec17ac076c6379f4170fb7c69b8e925756ef3b7334e28a33338b,"{""distance"":5,""physical_error_rate"":0.0001}","{""detection_events"":221,""detectors_checked"":458752}"
       128,         2,         0,   0.641,exact_mw,72230d8c06b5a71069df48ede6f7f3e6128cd83e8239dd1b2e5fe023578b6eb1,"{""distance"":5,""physical_error_rate"":0.01}","{""detection_events"":1105,""detectors_checked"":28672,""obs_mistake_mask=E"":2}"
         1,         0,         0,   0.024,exact_mw,70a969f5042aec17ac076c6379f4170fb7c69b8e925756ef3b7334e28a33338b,"{""distance"":5,""physical_error_rate"":0.0001}","{""detectors_checked"":224}"
      3072,         0,         0,   0.031,exact_mw,f32ebecd8e105e50ec838d33c5ed9b45444b6b44a3c6ac541111079f2b14e893,"{""distance"":5,""physical_error_rate"":5e-05}","{""detection_events"":119,""detectors_checked"":688128}"
        64,         0,         0,   0.190,exact_mw,72230d8c06b5a71069df48ede6f7f3e6128cd83e8239dd1b2e5fe023578b6eb1,"{""distance"":5,""physical_error_rate"":0.01}","{""detection_events"":541,""detectors_checked"":14336}"
      1024,         0,         0,   0.224,exact_mw,3208f56225bbcac0e2804eb6f92d0a8b681652a702ca1ec920ccd7367f0e0899,"{""distance"":5,""physical_error_rate"":0.002}","{""detection_events"":2093,""detectors_checked"":229376}"
        16,        10,         0,   0.260,exact_mw,14059eecea5f7bdc562c01e7682d53b775a747f80d40379178915ac673e3b6bb,"{""distance"":5,""physical_error_rate"":0.5}","{""detection_events"":1831,""detectors_checked"":3584,""obs_mistake_mask=E"":10}"
      3072,         0,         0,   0.595,exact_mw,3208f56225bbcac0e2804eb6f92d0a8b681652a702ca1ec920ccd7367f0e0899,"{""distance"":5,""physical_error_rate"":0.002}","{""detection_events"":5925,""detectors_checked"":688128}"
      3072,         0,         0,   0.086,exact_mw,bb90ec3459e353008cf9a5bb9142bf1e8515517a9e167021b225104594e48e8a,"{""distance"":5,""physical_error_rate"":0.001}","{""detection_events"":3042,""detectors_checked"":688128}"
       256,         0,         0,   0.464,exact_mw,38b7ae1c4e8407fc325e0d9e43e9f92ff26dcb3f5cf7b98d24ea74c9e5188d39,"{""distance"":5,""physical_error_rate"":0.005}","{""detection_events"":1208,""detectors_checked"":57344}"
         1,         0,         0,   0.023,exact_mw,3208f56225bbcac0e2804eb6f92d0a8b681652a702ca1ec920ccd7367f0e0899,"{""distance"":5,""physical_error_rate"":0.002}","{""detection_events"":5,""detectors_checked"":224}"
        32,        16,         0,   0.508,exact_mw,d68317bf2f4c69d73359111c5597779a07d8ed85f1f94573f1c8a2f6c683850d,"{""distance"":5,""physical_error_rate"":0.2}","{""detection_events"":2799,""detectors_checked"":7168,""obs_mistake_mask=E"":16}"
        32,        16,         0,   0.405,exact_mw,d68317bf2f4c69d73359111c5597779a07d8ed85f1f94573f1c8a2f6c683850d,"{""distance"":5,""physical_error_rate"":0.2}","{""detection_events"":2784,""detectors_checked"":7168,""obs_mistake_mask=E"":16}"
      3072,         0,         0,   0.030,exact_mw,f32ebecd8e105e50ec838d33c5ed9b45444b6b44a3c6ac541111079f2b14e893,"{""distance"":5,""physical_error_rate"":5e-05}","{""detection_events"":173,""detectors_checked"":688128}"
      1296,         0,         0,   0.032,exact_mw,70a969f5042aec17ac076c6379f4170fb7c69b8e925756ef3b7334e28a33338b,"{""distance"":5,""physical_error_rate"":0.0001}","{""detection_events"":167,""detectors_checked"":290304}"
       256,         0,         0,   0.406,exact_mw,38b7ae1c4e8407fc325e0d9e43e9f92ff26dcb3f5cf7b98d24ea74c9e5188d39,"{""distance"":5,""physical_error_rate"":0.005}","{""detection_events"":1200,""detectors_checked"":57344}"
        32,        18,         0,   0.529,exact_mw,7def73f725f8347dc4de7c57664b66d91778cc6018e33f45b3defe89c7a0cfc0,"{""distance"":5,""physical_error_rate"":0.1}","{""detection_events"":1972,""detectors_checked"":7168,""obs_mistake_mask=E"":18}"
        32,         9,         0,   0.500,exact_mw,7fd11737ba5953e5998cf5d5ab7672462ce2ff07a9ab0f8628176a3f70e7a095,"{""distance"":5,""physical_error_rate"":0.05}","{""detection_events"":1151,""detectors_checked"":7168,""obs_mistake_mask=E"":9}"
     14336,         0,         0,   0.139,exact_mw,70a969f5042aec17ac076c6379f4170fb7c69b8e925756ef3b7334e28a33338b,"{""distance"":5,""physical_error_rate"":0.0001}","{""detection_events"":1499,""detectors_checked"":3211264}"
       256,         0,         0,   0.511,exact_mw,38b7ae1c4e8407fc325e0d9e43e9f92ff26dcb3f5cf7b98d24ea74c9e5188d39,"{""distance"":5,""physical_error_rate"":0.005}","{""detection_events"":1235,""detectors_checked"":57344}"
     20480,         0,         0,   0.269,exact_mw,f32ebecd8e105e50ec838d33c5ed9b45444b6b44a3c6ac541111079f2b14e893,"{""distance"":5,""physical_error_rate"":5e-05}","{""detection_events"":973,""detectors_checked"":4587520}"
       272,         0,         0,   0.044,exact_mw,3208f56225bbcac0e2804eb6f92d0a8b681652a702ca1ec920ccd7367f0e0899,"{""distance"":5,""physical_error_rate"":0.002}","{""detection_events"":477,""detectors_checked"":60928}"
      2048,         0,         0,   0.043,exact_mw,70a969f5042aec17ac076c6379f4170fb7c69b8e925756ef3b7334e28a33338b,"{""distance"":5,""physical_error_rate"":0.0001}","{""detection_events"":187,""detectors_checked"":458752}"
        16,         0,         0,   0.181,exact_mw,7b4896c0e7f0a510554d89637fd747b157418067a95869d1f0661294d473d1dc,"{""distance"":5,""physical_error_rate"":0.02}","{""detection_events"":287,""detectors_checked"":3584}"
        32,        16,         0,   0.496,exact_mw,7def73f725f8347dc4de7c57664b66d91778cc6018e33f45b3defe89c7a0cfc0,"{""distance"":5,""physical_error_rate"":0.1}","{""detection_events"":2013,""detectors_checked"":7168,""obs_mistake_mask=E"":16}"
      4096,         0,         0,   0.054,exact_mw,f32ebecd8e105e50ec838d33c5ed9b45444b6b44a3c6ac541111079f2b14e893,"{""distance"":5,""physical_error_rate"":5e-05}","{""detection_events"":164,""detectors_checked"":917504}"
     11264,         0,         0,   0.150,exact_mw,cdc4a450a40af8e24899239080e4c40992fb5baf91c5a31ab3a165eacb3a1ab3,"{""distance"":5,""physical_error_rate"":0.0002}","{""detection_events"":2186,""detectors_checked"":2523136}"
        64,         0,         0,   0.448,exact_mw,72230d8c06b5a71069df48ede6f7f3e6128cd83e8239dd1b2e5fe023578b6eb1,"{""distance"":5,""physical_error_rate"":0.01}","{""detection_events"":590,""detectors_checked"":14336}"
        16,         8,         0,   0.289,exact_mw,14059eecea5f7bdc562c01e7682d53b775a747f80d40379178915ac673e3b6bb,"{""distance"":5,""physical_error_rate"":0.5}","{""detection_events"":1788,""detectors_checked"":3584,""obs_mistake_mask=E"":8}"
      3072,         0,         0,   0.212,exact_mw,bb90ec3459e353008cf9a5bb9142bf1e8515517a9e167021b225104594e48e8a,"{""distance"":5,""physical_error_rate"":0.001}","{""detection_events"":3105,""detectors_checked"":688128}"
        32,        16,         0,   0.557,exact_mw,14059eecea5f7bdc562c01e7682d53b775a747f80d40379178915ac673e3b6bb,"{""distance"":5,""physical_error_rate"":0.5}","{""detection_events"":3513,""detectors_checked"":7168,""obs_mistake_mask=E"":16}"
       256,         2,         0,   0.490,exact_mw,38b7ae1c4e8407fc325e0d9e43e9f92ff26dcb3f5cf7b98d24ea74c9e5188d39,"{""distance"":5,""physical_error_rate"":0.005}","{""detection_events"":1243,""detectors_checked"":57344,""obs_mistake_mask=E"":2}"
     11264,         0,         0,   0.209,exact_mw,70a969f5042aec17ac076c6379f4170fb7c69b8e925756ef3b7334e28a33338b,"{""distance"":5,""physical_error_rate"":0.0001}","{""detection_events"":1029,""detectors_checked"":2523136}"
      2048,         0,         0,   0.109,exact_mw,bb90ec3459e353008cf9a5bb9142bf1e8515517a9e167021b225104594e48e8a,"{""distance"":5,""physical_error_rate"":0.001}","{""detection_events"":1985,""detectors_checked"":458752}"
      2048,         0,         0,   0.058,exact_mw,70a969f5042aec17ac076c6379f4170fb7c69b8e925756ef3b7334e28a33338b,"{""distance"":5,""physical_error_rate"":0.0001}","{""detection_events"":205,""detectors_checked"":458752}"
         1,         0,         0,   0.016,exact_mw,38b7ae1c4e8407fc325e0d9e43e9f92ff26dcb3f5cf7b98d24ea74c9e5188d39,"{""distance"":5,""physical_error_rate"":0.005}","{""detection_events"":3,""detectors_checked"":224}"
        32,         1,         0,   0.280,exact_mw,7b4896c0e7f0a510554d89637fd747b157418067a95869d1f0661294d473d1dc,"{""distance"":5,""physical_error_rate"":0.02}","{""detection_events"":561,""detectors_checked"":7168,""obs_mistake_mask=E"":1}"
        64,         2,         0,   0.745,exact_mw,7b4896c0e7f0a510554d89637fd747b157418067a95869d1f0661294d473d1dc,"{""distance"":5,""physical_error_rate"":0.02}","{""detection_events"":1096,""detectors_checked"":14336,""obs_mistake_mask=E"":2}"
         1,         0,         0,   0.024,exact_mw,72230d8c06b5a71069df48ede6f7f3e6128cd83e8239dd1b2e5fe023578b6eb1,"{""distance"":5,""physical_error_rate"":0.01}","{""detection_events"":11,""detectors_checked"":224}"
     12288,         0,         0,   0.152,exact_mw,70a969f5042aec17ac076c6379f4170fb7c69b8e925756ef3b7334e28a33338b,"{""distance"":5,""physical_error_rate"":0.0001}","{""detection_events"":1128,""detectors_checked"":2752512}"
      5120,         0,         0,   0.042,exact_mw,f32ebecd8e105e50ec838d33c5ed9b45444b6b44a3c6ac541111079f2b14e893,"{""distance"":5,""physical_error_rate"":5e-05}","{""detection_events"":267,""detectors_checked"":1146880}"
      1024,         0,         0,   0.143,exact_mw,3208f56225bbcac0e2804eb6f92d0a8b681652a702ca1ec920ccd7367f0e0899,"{""distance"":5,""physical_error_rate"":0.002}","{""detection_events"":2045,""detectors_checked"":229376}"
     59392,         0,         0,   0.585,exact_mw,f32ebecd8e105e50ec838d33c5ed9b45444b6b44a3c6ac541111079f2b14e893,"{""distance"":5,""physical_error_rate"":5e-05}","{""detection_events"":2954,""detectors_checked"":13303808}"
        32,        16,         0,   0.645,exact_mw,7def73f725f8347dc4de7c57664b66d91778cc6018e33f45b3defe89c7a0cfc0,"{""distance"":5,""physical_error_rate"":0.1}","{""detection_events"":1923,""detectors_checked"":7168,""obs_mistake_mask=E"":16}"
     31744,         0,         0,   0.273,exact_mw,70a969f5042aec17ac076c6379f4170fb7c69b8e925756ef3b7334e28a33338b,"{""distance"":5,""physical_error_rate"":0.0001}","{""detection_events"":3085,""detectors_checked"":7110656}"
     45056,         0,         0,   0.546,exact_mw,70a969f5042aec17ac076c6379f4170fb7c69b8e925756ef3b7334e28a33338b,"{""distance"":5,""physical_error_rate"":0.0001}","{""detection_events"":4674,""detectors_checked"":10092544}"
         1,         0,         0,   0.005,exact_mw,bb90ec3459e353008cf9a5bb9142bf1e8515517a9e167021b225104594e48e8a,"{""distance"":5,""physical_error_rate"":0.001}","{""detectors_checked"":224}"
      1024,         0,         0,   0.039,exact_mw,70a969f5042aec17ac076c6379f4170fb7c69b8e925756ef3b7334e28a33338b,"{""distance"":5,""physical_error_rate"":0.0001}","{""detection_events"":99,""detectors_checked"":229376}"
      1024,         0,         0,   0.374,exact_mw,3208f56225bbcac0e2804eb6f92d0a8b681652a702ca1ec920ccd7367f0e0899,"{""distance"":5,""physical_error_rate"":0.002}","{""detection_events"":2141,""detectors_checked"":229376}"
       272,         0,         0,   0.022,exact_mw,bb90ec3459e353008cf9a5bb9142bf1e8515517a9e167021b225104594e48e8a,"{""distance"":5,""physical_error_rate"":0.001}","{""detection_events"":297,""detectors_checked"":60928}"
        16,         0,         0,   0.064,exact_mw,38b7ae1c4e8407fc325e0d9e43e9f92ff26dcb3f5cf7b98d24ea74c9e5188d39,"{""distance"":5,""physical_error_rate"":0.005}","{""detection_events"":86,""detectors_checked"":3584}"
        32,        16,         0,   0.327,exact_mw,14059eecea5f7bdc562c01e7682d53b775a747f80d40379178915ac673e3b6bb,"{""distance"":5,""physical_error_rate"":0.5}","{""detection_events"":3618,""detectors_checked"":7168,""obs_mistake_mask=E"":16}"
      1024,         0,         0,   0.152,exact_mw,3208f56225bbcac0e2804eb6f92d0a8b681652a702ca1ec920ccd7367f0e0899,"{""distance"":5,""physical_error_rate"":0.002}","{""detection_events"":1964,""detectors_checked"":229376}"
         1,         0,         0,   0.001,exact_mw,f32ebecd8e105e50ec838d33c5ed9b45444b6b44a3c6ac541111079f2b14e893,"{""distance"":5,""physical_error_rate"":5e-05}","{""detectors_checked"":224}"
      2048,         0,         0,   0.027,exact_mw,bb90ec3459e353008cf9a5bb9142bf1e8515517a9e167021b225104594e48e8a,"{""distance"":5,""physical_error_rate"":0.001}","{""detection_events"":2093,""detectors_checked"":458752}"
        32,        17,         0,   0.536,exact_mw,d68317bf2f4c69d73359111c5597779a07d8ed85f1f94573f1c8a2f6c683850d,"{""distance"":5,""physical_error_rate"":0.2}","{""detection_events"":2827,""detectors_checked"":7168,""obs_mistake_mask=E"":17}"
        16,         5,         0,   0.306,exact_mw,d68317bf2f4c69d73359111c5597779a07d8ed85f1f94573f1c8a2f6c683850d,"{""distance"":5,""physical_error_rate"":0.2}","{""detection_events"":1423,""detectors_checked"":3584,""obs_mistake_mask=E"":5}"
        16,         4,         0,   0.322,exact_mw,14059eecea5f7bdc562c01e7682d53b775a747f80d40379178915ac673e3b6bb,"{""distance"":5,""physical_error_rate"":0.5}","{""detection_events"":1785,""detectors_checked"":3584,""obs_mistake_mask=E"":4}"
      6144,         0,         0,   0.077,exact_mw,f32ebecd8e105e50ec838d33c5ed9b45444b6b44a3c6ac541111079f2b14e893,"{""distance"":5,""physical_error_rate"":5e-05}","{""detection_events"":347,""detectors_checked"":1376256}"
      3344,         0,         0,   0.019,exact_mw,f32ebecd8e105e50ec838d33c5ed9b45444b6b44a3c6ac541111079f2b14e893,"{""distance"":5,""physical_error_rate"":5e-05}","{""detection_events"":200,""detectors_checked"":749056}"
     13312,         0,         0,   0.182,exact_mw,70a969f5042aec17ac076c6379f4170fb7c69b8e925756ef3b7334e28a33338b,"{""distance"":5,""physical_error_rate"":0.0001}","{""detection_events"":1259,""detectors_checked"":2981888}"
       256,         1,         0,   0.400,exact_mw,38b7ae1c4e8407fc325e0d9e43e9f92ff26dcb3f5cf7b98d24ea74c9e5188d39,"{""distance"":5,""physical_error_rate"":0.005}","{""detection_events"":1161,""detectors_checked"":57344,""obs_mistake_mask=E"":1}"
      2048,         0,         0,   0.498,exact_mw,3208f56225bbcac0e2804eb6f92d0a8b681652a702ca1ec920ccd7367f0e0899,"{""distance"":5,""physical_error_rate"":0.002}","{""detection_events"":4305,""detectors_checked"":458752}"
        16,         0,         0,   0.093,exact_mw,72230d8c06b5a71069df48ede6f7f3e6128cd83e8239dd1b2e5fe023578b6eb1,"{""distance"":5,""physical_error_rate"":0.01}","{""detection_events"":159,""detectors_checked"":3584}"
        16,        11,         0,   0.309,exact_mw,7def73f725f8347dc4de7c57664b66d91778cc6018e33f45b3defe89c7a0cfc0,"{""distance"":5,""physical_error_rate"":0.1}","{""detection_events"":938,""detectors_checked"":3584,""obs_mistake_mask=E"":11}"
      2048,         0,         0,   0.030,exact_mw,bb90ec3459e353008cf9a5bb9142bf1e8515517a9e167021b225104594e48e8a,"{""distance"":5,""physical_error_rate"":0.001}","{""detection_events"":1985,""detectors_checked"":458752}"
     23552,         0,         0,   0.362,exact_mw,cb12ae119b9b2ba18d0216e7235b403229e92fd0743ede48fe7f1a2c6f45d594,"{""distance"":5,""physical_error_rate"":0.0005}","{""detection_events"":11961,""detectors_checked"":5275648}"
         1,         0,         0,   0.011,exact_mw,f32ebecd8e105e50ec838d33c5ed9b45444b6b44a3c6ac541111079f2b14e893,"{""distance"":5,""physical_error_rate"":5e-05}","{""detectors_checked"":224}"
      2048,         0,         0,   0.564,exact_mw,3208f56225bbcac0e2804eb6f92d0a8b681652a702ca1ec920ccd7367f0e0899,"{""distance"":5,""physical_error_rate"":0.002}","{""detection_events"":4067,""detectors_checked"":458752}"
      1024,         0,         0,   0.106,exact_mw,3208f56225bbcac0e2804eb6f92d0a8b681652a702ca1ec920ccd7367f0e0899,"{""distance"":5,""physical_error_rate"":0.002}","{""detection_events"":1955,""detectors_checked"":229376}"
      3072,         0,         0,   0.025,exact_mw,f32ebecd8e105e50ec838d33c5ed9b45444b6b44a3c6ac541111079f2b14e893,"{""distance"":5,""physical_error_rate"":5e-05}","{""detection_events"":140,""detectors_checked"":688128}"
      2048,         0,         0,   0.102,exact_mw,70a969f5042aec17ac076c6379f4170fb7c69b8e925756ef3b7334e28a33338b,"{""distance"":5,""physical_error_rate"":0.0001}","{""detection_events"":190,""detectors_checked"":458752}"
      6144,         0,         0,   0.165,exact_mw,bb90ec3459e353008cf9a5bb9142bf1e8515517a9e167021b225104594e48e8a,"{""distance"":5,""physical_error_rate"":0.001}","{""detection_events"":6232,""detectors_checked"":1376256}"
        64,        33,         0,   0.485,exact_mw,d68317bf2f4c69d73359111c5597779a07d8ed85f1f94573f1c8a2f6c683850d,"{""distance"":5,""physical_error_rate"":0.2}","{""detection_events"":5733,""detectors_checked"":14336,""obs_mistake_mask=E"":33}"
     13312,         0,         0,   0.196,exact_mw,cdc4a450a40af8e24899239080e4c40992fb5baf91c5a31ab3a165eacb3a1ab3,"{""distance"":5,""physical_error_rate"":0.0002}","{""detection_events"":2523,""detectors_checked"":2981888}"
       272,         0,         0,   0.519,exact_mw,38b7ae1c4e8407fc325e0d9e43e9f92ff26dcb3f5cf7b98d24ea74c9e5188d39,"{""distance"":5,""physical_error_rate"":0.005}","{""detection_events"":1378,""detectors_checked"":60928}"
         1,         0,         0,   0.001,exact_mw,bb90ec3459e353008cf9a5bb9142bf1e8515517a9e167021b225104594e48e8a,"{""distance"":5,""physical_error_rate"":0.001}","{""detectors_checked"":224}"
      3072,         0,         0,   0.039,exact_mw,bb90ec3459e353008cf9a5bb9142bf1e8515517a9e167021b225104594e48e8a,"{""distance"":5,""physical_error_rate"":0.001}","{""detection_events"":3001,""detectors_checked"":688128}"
      2320,         0,         0,   0.023,exact_mw,f32ebecd8e105e50ec838d33c5ed9b45444b6b44a3c6ac541111079f2b14e893,"{""distance"":5,""physical_error_rate"":5e-05}","{""detection_events"":126,""detectors_checked"":519680}"
         1,         0,         0,   0.003,exact_mw,cdc4a450a40af8e24899239080e4c40992fb5baf91c5a31ab3a165eacb3a1ab3,"{""distance"":5,""physical_error_rate"":0.0002}","{""detectors_checked"":224}"
         1,         0,         0,   0.010,exact_mw,7fd11737ba5953e5998cf5d5ab7672462ce2ff07a9ab0f8628176a3f70e7a095,"{""distance"":5,""physical_error_rate"":0.05}","{""detection_events"":27,""detectors_checked"":224}"
      4096,         0,         0,   0.040,exact_mw,f32ebecd8e105e50ec838d33c5ed9b45444b6b44a3c6ac541111079f2b14e893,"{""distance"":5,""physical_error_rate"":5e-05}","{""detection_events"":174,""detectors_checked"":917504}"
       256,         1,         0,   0.216,exact_mw,38b7ae1c4e8407fc325e0d9e43e9f92ff26dcb3f5cf7b98d24ea74c9e5188d39,"{""distance"":5,""physical_error_rate"":0.005}","{""detection_events"":1234,""detectors_checked"":57344,""obs_mistake_mask=E"":1}"
         1,         0,         0,   0.011,exact_mw,38b7ae1c4e8407fc325e0d9e43e9f92ff26dcb3f5cf7b98d24ea74c9e5188d39,"{""distance"":5,""physical_error_rate"":0.005}","{""detection_events"":2,""detectors_checked"":224}"
        32,        17,         0,   0.476,exact_mw,d68317bf2f4c69d73359111c5597779a07d8ed85f1f94573f1c8a2f6c683850d,"{""distance"":5,""physical_error_rate"":0.2}","{""detection_events"":2887,""detectors_checked"":7168,""obs_mistake_mask=E"":17}"
      2320,         0,         0,   0.017,exact_mw,cdc4a450a40af8e24899239080e4c40992fb5baf91c5a31ab3a165eacb3a1ab3,"{""distance"":5,""physical_error_rate"":0.0002}","{""detection_events"":411,""detectors_checked"":519680}"
      2048,         0,         0,   0.031,exact_mw,f32ebecd8e105e50ec838d33c5ed9b45444b6b44a3c6ac541111079f2b14e893,"{""distance"":5,""physical_error_rate"":5e-05}","{""detection_events"":84,""detectors_checked"":458752}"
      1296,         0,         0,   0.041,exact_mw,bb90ec3459e353008cf9a5bb9142bf1e8515517a9e167021b225104594e48e8a,"{""distance"":5,""physical_error_rate"":0.001}","{""detection_events"":1357,""detectors_checked"":290304}"
        16,         0,         0,   0.026,exact_mw,38b7ae1c4e8407fc325e0d9e43e9f92ff26dcb3f5cf7b98d24ea74c9e5188d39,"{""distance"":5,""physical_error_rate"":0.005}","{""detection_events"":64,""detectors_checked"":3584}"
     12288,         0,         0,   0.184,exact_mw,70a969f5042aec17ac076c6379f4170fb7c69b8e925756ef3b7334e28a33338b,"{""distance"":5,""physical_error_rate"":0.0001}","{""detection_events"":1311,""detectors_checked"":2752512}"
         1,         0,         0,   0.028,exact_mw,7fd11737ba5953e5998cf5d5ab7672462ce2ff07a9ab0f8628176a3f70e7a095,"{""distance"":5,""physical_error_rate"":0.05}","{""detection_events"":35,""detectors_checked"":224}"
    175104,         0,         0,    1.08,exact_mw,70a969f5042aec17ac076c6379f4170fb7c69b8e925756ef3b7334e28a33338b,"{""distance"":5,""physical_error_rate"":0.0001}","{""detection_events"":16748,""detectors_checked"":39223296}"
      2048,         0,         0,   0.031,exact_mw,cdc4a450a40af8e24899239080e4c40992fb5baf91c5a31ab3a165eacb3a1ab3,"{""distance"":5,""physical_error_rate"":0.0002}","{""detection_events"":418,""detectors_checked"":458752}"
         1,         0,         0,   0.005,exact_mw,7fd11737ba5953e5998cf5d5ab7672462ce2ff07a9ab0f8628176a3f70e7a095,"{""distance"":5,""physical_error_rate"":0.05}","{""detection_events"":38,""detectors_checked"":224}"
      3072,         0,         0,   0.048,exact_mw,f32ebecd8e105e50ec838d33c5ed9b45444b6b44a3c6ac541111079f2b14e893,"{""distance"":5,""physical_error_rate"":5e-05}","{""detection_events"":122,""detectors_checked"":688128}"
      8192,         0,         0,   0.122,exact_mw,f32ebecd8e105e50ec838d33c5ed9b45444b6b44a3c6ac541111079f2b14e893,"{""distance"":5,""physical_error_rate"":5e-05}","{""detection_events"":444,""detectors_checked"":1835008}"
      5120,         0,         0,   0.088,exact_mw,70a969f5042aec17ac076c6379f4170fb7c69b8e925756ef3b7334e28a33338b,"{""distance"":5,""physical_error_rate"":0.0001}","{""detection_events"":481,""detectors_checked"":1146880}"
      5120,         0,         0,   0.268,exact_mw,bb90ec3459e353008cf9a5bb9142bf1e8515517a9e167021b225104594e48e8a,"{""distance"":5,""physical_error_rate"":0.001}","{""detection_events"":5027,""detectors_checked"":1146880}"
     20480,         0,         0,   0.289,exact_mw,70a969f5042aec17ac076c6379f4170fb7c69b8e925756ef3b7334e28a33338b,"{""distance"":5,""physical_error_rate"":0.0001}","{""detection_events"":2088,""detectors_checked"":4587520}"
      3072,         0,         0,   0.073,exact_mw,bb90ec3459e353008cf9a5bb9142bf1e8515517a9e167021b225104594e48e8a,"{""distance"":5,""physical_error_rate"":0.001}","{""detection_events"":3100,""detectors_checked"":688128}"
     24576,         0,         0,    1.10,exact_mw,bb90ec3459e353008cf9a5bb9142bf1e8515517a9e167021b225104594e48e8a,"{""distance"":5,""physical_error_rate"":0.001}","{""detection_events"":23802,""detectors_checked"":5505024}"
      2048,         0,         0,   0.028,exact_mw,cdc4a450a40af8e24899239080e4c40992fb5baf91c5a31ab3a165eacb3a1ab3,"{""distance"":5,""physical_error_rate"":0.0002}","{""detection_events"":455,""detectors_checked"":458752}"
     25600,         0,         0,   0.556,exact_mw,cb12ae119b9b2ba18d0216e7235b403229e92fd0743ede48fe7f1a2c6f45d594,"{""distance"":5,""physical_error_rate"":0.0005}","{""detection_events"":12564,""detectors_checked"":5734400}"
       256,         1,         0,   0.397,exact_mw,38b7ae1c4e8407fc325e0d9e43e9f92ff26dcb3f5cf7b98d24ea74c9e5188d39,"{""distance"":5,""physical_error_rate"":0.005}","{""detection_events"":1245,""detectors_checked"":57344,""obs_mistake_mask=E"":1}"
      3072,         0,         0,   0.029,exact_mw,f32ebecd8e105e50ec838d33c5ed9b45444b6b44a3c6ac541111079f2b14e893,"{""distance"":5,""physical_error_rate"":5e-05}","{""detection_events"":115,""detectors_checked"":688128}"
      1024,         0,         0,   0.003,exact_mw,f32ebecd8e105e50ec838d33c5ed9b45444b6b44a3c6ac541111079f2b14e893,"{""distance"":5,""physical_error_rate"":5e-05}","{""detection_events"":34,""detectors_checked"":229376}"
      1024,         0,         0,   0.073,exact_mw,bb90ec3459e353008cf9a5bb9142bf1e8515517a9e167021b225104594e48e8a,"{""distance"":5,""physical_error_rate"":0.001}","{""detection_events"":966,""detectors_checked"":229376}"
        32,        18,         0,   0.525,exact_mw,d68317bf2f4c69d73359111c5597779a07d8ed85f1f94573f1c8a2f6c683850d,"{""distance"":5,""physical_error_rate"":0.2}","{""detection_events"":2807,""detectors_checked"":7168,""obs_mistake_mask=E"":18}"
      4096,         0,         0,   0.036,exact_mw,f32ebecd8e105e50ec838d33c5ed9b45444b6b44a3c6ac541111079f2b14e893,"{""distance"":5,""physical_error_rate"":5e-05}","{""detection_events"":210,""detectors_checked"":917504}"
        32,         1,         0,   0.367,exact_mw,7b4896c0e7f0a510554d89637fd747b157418067a95869d1f0661294d473d1dc,"{""distance"":5,""physical_error_rate"":0.02}","{""detection_events"":594,""detectors_checked"":7168,""obs_mistake_mask=E"":1}"
     30720,         0,         0,   0.374,exact_mw,f32ebecd8e105e50ec838d33c5ed9b45444b6b44a3c6ac541111079f2b14e893,"{""distance"":5,""physical_error_rate"":5e-05}","{""detection_events"":1463,""detectors_checked"":6881280}"
      1024,         0,         0,   0.166,exact_mw,3208f56225bbcac0e2804eb6f92d0a8b681652a702ca1ec920ccd7367f0e0899,"{""distance"":5,""physical_error_rate"":0.002}","{""detection_events"":2000,""detectors_checked"":229376}"
        32,        15,         0,   0.237,exact_mw,14059eecea5f7bdc562c01e7682d53b775a747f80d40379178915ac673e3b6bb,"{""distance"":5,""physical_error_rate"":0.5}","{""detection_events"":3581,""detectors_checked"":7168,""obs_mistake_mask=E"":15}"
      3072,         0,         0,   0.046,exact_mw,cdc4a450a40af8e24899239080e4c40992fb5baf91c5a31ab3a165eacb3a1ab3,"{""distance"":5,""physical_error_rate"":0.0002}","{""detection_events"":493,""detectors_checked"":688128}"
      6144,         0,         0,   0.053,exact_mw,f32ebecd8e105e50ec838d33c5ed9b45444b6b44a3c6ac541111079f2b14e893,"{""distance"":5,""physical_error_rate"":5e-05}","{""detection_events"":286,""detectors_checked"":1376256}"
         1,         0,         0,   0.006,exact_mw,bb90ec3459e353008cf9a5bb9142bf1e8515517a9e167021b225104594e48e8a,"{""distance"":5,""physical_error_rate"":0.001}","{""detectors_checked"":224}"
      1024,         0,         0,   0.242,exact_mw,3208f56225bbcac0e2804eb6f92d0a8b681652a702ca1ec920ccd7367f0e0899,"{""distance"":5,""physical_error_rate"":0.002}","{""detection_events"":2148,""detectors_checked"":229376}"
      1024,         0,         0,   0.027,exact_mw,bb90ec3459e353008cf9a5bb9142bf1e8515517a9e167021b225104594e48e8a,"{""distance"":5,""physical_error_rate"":0.001}","{""detection_events"":1033,""detectors_checked"":229376}"
         1,         0,         0,   0.003,exact_mw,cdc4a450a40af8e24899239080e4c40992fb5baf91c5a31ab3a165eacb3a1ab3,"{""distance"":5,""physical_error_rate"":0.0002}","{""detectors_checked"":224}"
        32,        19,         0,   0.452,exact_mw,7def73f725f8347dc4de7c57664b66d91778cc6018e33f45b3defe89c7a0cfc0,"{""distance"":5,""physical_error_rate"":0.1}","{""detection_events"":1968,""detectors_checked"":7168,""obs_mistake_mask=E"":19}"
      5120,         0,         0,   0.216,exact_mw,bb90ec3459e353008cf9a5bb9142bf1e8515517a9e167021b225104594e48e8a,"{""distance"":5,""physical_error_rate"":0.001}","{""detection_events"":4918,""detectors_checked"":1146880}"
        32,        16,         0,   0.603,exact_mw,14059eecea5f7bdc562c01e7682d53b775a747f80d40379178915ac673e3b6bb,"{""distance"":5,""physical_error_rate"":0.5}","{""detection_events"":3564,""detectors_checked"":7168,""obs_mistake_mask=E"":16}"
        32,        17,         0,   0.569,exact_mw,7def73f725f8347dc4de7c57664b66d91778cc6018e33f45b3defe89c7a0cfc0,"{""distance"":5,""physical_error_rate"":0.1}","{""detection_events"":2058,""detectors_checked"":7168,""obs_mistake_mask=E"":17}"
      4096,         0,         0,   0.105,exact_mw,bb90ec3459e353008cf9a5bb9142bf1e8515517a9e167021b225104594e48e8a,"{""distance"":5,""physical_error_rate"":0.001}","{""detection_events"":4091,""detectors_checked"":917504}"
       128,         0,         0,   0.332,exact_mw,38b7ae1c4e8407fc325e0d9e43e9f92ff26dcb3f5cf7b98d24ea74c9e5188d39,"{""distance"":5,""physical_error_rate"":0.005}","{""detection_events"":575,""detectors_checked"":28672}"
      4096,         0,         0,   0.044,exact_mw,cdc4a450a40af8e24899239080e4c40992fb5baf91c5a31ab3a165eacb3a1ab3,"{""distance"":5,""physical_error_rate"":0.0002}","{""detection_events"":897,""detectors_checked"":917504}"
      6144,         0,         0,   0.087,exact_mw,70a969f5042aec17ac076c6379f4170fb7c69b8e925756ef3b7334e28a33338b,"{""distance"":5,""physical_error_rate"":0.0001}","{""detection_events"":598,""detectors_checked"":1376256}"
      1024,         0,         0,   0.029,exact_mw,bb90ec3459e353008cf9a5bb9142bf1e8515517a9e167021b225104594e48e8a,"{""distance"":5,""physical_error_rate"":0.001}","{""detection_events"":1016,""detectors_checked"":229376}"
      6144,         0,         0,   0.077,exact_mw,f32ebecd8e105e50ec838d33c5ed9b45444b6b44a3c6ac541111079f2b14e893,"{""distance"":5,""physical_error_rate"":5e-05}","{""detection_events"":309,""detectors_checked"":1376256}"
      2320,         0,         0,   0.028,exact_mw,cdc4a450a40af8e24899239080e4c40992fb5baf91c5a31ab3a165eacb3a1ab3,"{""distance"":5,""physical_error_rate"":0.0002}","{""detection_events"":474,""detectors_checked"":519680}"
        32,        14,         0,   0.426,exact_mw,7def73f725f8347dc4de7c57664b66d91778cc6018e33f45b3defe89c7a0cfc0,"{""distance"":5,""physical_error_rate"":0.1}","{""detection_events"":2034,""detectors_checked"":7168,""obs_mistake_mask=E"":14}"
      1024,         0,         0,   0.003,exact_mw,cdc4a450a40af8e24899239080e4c40992fb5baf91c5a31ab3a165eacb3a1ab3,"{""distance"":5,""physical_error_rate"":0.0002}","{""detection_events"":199,""detectors_checked"":229376}"
       128,         1,         0,   0.783,exact_mw,72230d8c06b5a71069df48ede6f7f3e6128cd83e8239dd1b2e5fe023578b6eb1,"{""distance"":5,""physical_error_rate"":0.01}","{""detection_events"":1287,""detectors_checked"":28672,""obs_mistake_mask=E"":1}"
      1296,         0,         0,   0.068,exact_mw,bb90ec3459e353008cf9a5bb9142bf1e8515517a9e167021b225104594e48e8a,"{""distance"":5,""physical_error_rate"":0.001}","{""detection_events"":1444,""detectors_checked"":290304}"
        32,        10,         0,   0.562,exact_mw,7fd11737ba5953e5998cf5d5ab7672462ce2ff07a9ab0f8628176a3f70e7a095,"{""distance"":5,""physical_error_rate"":0.05}","{""detection_events"":1199,""detectors_checked"":7168,""obs_mistake_mask=E"":10}"
      9216,         0,         0,   0.126,exact_mw,f32ebecd8e105e50ec838d33c5ed9b45444b6b44a3c6ac541111079f2b14e893,"{""distance"":5,""physical_error_rate"":5e-05}","{""detection_events"":500,""detectors_checked"":2064384}"
        64,         0,         0,   0.419,exact_mw,72230d8c06b5a71069df48ede6f7f3e6128cd83e8239dd1b2e5fe023578b6eb1,"{""distance"":5,""physical_error_rate"":0.01}","{""detection_events"":621,""detectors_checked"":14336}"
      1024,         0,         0,   0.343,exact_mw,3208f56225bbcac0e2804eb6f92d0a8b681652a702ca1ec920ccd7367f0e0899,"{""distance"":5,""physical_error_rate"":0.002}","{""detection_events"":2152,""detectors_checked"":229376}"
       256,         0,         0,   0.556,exact_mw,38b7ae1c4e8407fc325e0d9e43e9f92ff26dcb3f5cf7b98d24ea74c9e5188d39,"{""distance"":5,""physical_error_rate"":0.005}","{""detection_events"":1229,""detectors_checked"":57344}"
        32,        14,         0,   0.495,exact_mw,d68317bf2f4c69d73359111c5597779a07d8ed85f1f94573f1c8a2f6c683850d,"{""distance"":5,""physical_error_rate"":0.2}","{""detection_events"":2825,""detectors_checked"":7168,""obs_mistake_mask=E"":14}"
        32,         7,         0,   0.502,exact_mw,7fd11737ba5953e5998cf5d5ab7672462ce2ff07a9ab0f8628176a3f70e7a095,"{""distance"":5,""physical_error_rate"":0.05}","{""detection_events"":1216,""detectors_checked"":7168,""obs_mistake_mask=E"":7}"
        32,        13,         0,   0.553,exact_mw,14059eecea5f7bdc562c01e7682d53b775a747f80d40379178915ac673e3b6bb,"{""distance"":5,""physical_error_rate"":0.5}","{""detection_events"":3561,""detectors_checked"":7168,""obs_mistake_mask=E"":13}"
        16,        13,         0,   0.326,exact_mw,14059eecea5f7bdc562c01e7682d53b775a747f80d40379178915ac673e3b6bb,"{""distance"":5,""physical_error_rate"":0.5}","{""detection_events"":1815,""detectors_checked"":3584,""obs_mistake_mask=E"":13}"
     10240,         0,         0,   0.090,exact_mw,f32ebecd8e105e50ec838d33c5ed9b45444b6b44a3c6ac541111079f2b14e893,"{""distance"":5,""physical_error_rate"":5e-05}","{""detection_events"":540,""detectors_checked"":2293760}"
     21504,         0,         0,   0.300,exact_mw,70a969f5042aec17ac076c6379f4170fb7c69b8e925756ef3b7334e28a33338b,"{""distance"":5,""physical_error_rate"":0.0001}","{""detection_events"":2038,""detectors_checked"":4816896}"
      5120,         0,         0,   0.042,exact_mw,cdc4a450a40af8e24899239080e4c40992fb5baf91c5a31ab3a165eacb3a1ab3,"{""distance"":5,""physical_error_rate"":0.0002}","{""detection_events"":888,""detectors_checked"":1146880}"
        16,         3,         0,   0.275,exact_mw,d68317bf2f4c69d73359111c5597779a07d8ed85f1f94573f1c8a2f6c683850d,"{""distance"":5,""physical_error_rate"":0.2}","{""detection_events"":1436,""detectors_checked"":3584,""obs_mistake_mask=E"":3}"
        32,        16,         0,   0.595,exact_mw,14059eecea5f7bdc562c01e7682d53b775a747f80d40379178915ac673e3b6bb,"{""distance"":5,""physical_error_rate"":0.5}","{""detection_events"":3597,""detectors_checked"":7168,""obs_mistake_mask=E"":16}"
        16,         7,         0,   0.302,exact_mw,7def73f725f8347dc4de7c57664b66d91778cc6018e33f45b3defe89c7a0cfc0,"{""distance"":5,""physical_error_rate"":0.1}","{""detection_events"":1037,""detectors_checked"":3584,""obs_mistake_mask=E"":7}"
      2048,         0,         0,   0.031,exact_mw,bb90ec3459e353008cf9a5bb9142bf1e8515517a9e167021b225104594e48e8a,"{""distance"":5,""physical_error_rate"":0.001}","{""detection_events"":2117,""detectors_checked"":458752}"
     20480,         0,         0,   0.306,exact_mw,cdc4a450a40af8e24899239080e4c40992fb5baf91c5a31ab3a165eacb3a1ab3,"{""distance"":5,""physical_error_rate"":0.0002}","{""detection_events"":3989,""detectors_checked"":4587520}"
      5120,         0,         0,   0.055,exact_mw,cdc4a450a40af8e24899239080e4c40992fb5baf91c5a31ab3a165eacb3a1ab3,"{""distance"":5,""physical_error_rate"":0.0002}","{""detection_events"":1097,""detectors_checked"":1146880}"
     29696,         0,         0,   0.413,exact_mw,70a969f5042aec17ac076c6379f4170fb7c69b8e925756ef3b7334e28a33338b,"{""distance"":5,""physical_error_rate"":0.0001}","{""detection_events"":2860,""detectors_checked"":6651904}"
        32,        15,         0,   0.494,exact_mw,14059eecea5f7bdc562c01e7682d53b775a747f80d40379178915ac673e3b6bb,"{""distance"":5,""physical_error_rate"":0.5}","{""detection_events"":3590,""detectors_checked"":7168,""obs_mistake_mask=E"":15}"
         1,         0,         0,   0.006,exact_mw,d68317bf2f4c69d73359111c5597779a07d8ed85f1f94573f1c8a2f6c683850d,"{""distance"":5,""physical_error_rate"":0.2}","{""detection_events"":95,""detectors_checked"":224}"
       128,         2,         0,   0.576,exact_mw,72230d8c06b5a71069df48ede6f7f3e6128cd83e8239dd1b2e5fe023578b6eb1,"{""distance"":5,""physical_error_rate"":0.01}","{""detection_events"":1144,""detectors_checked"":28672,""obs_mistake_mask=E"":2}"
      3072,         0,         0,   0.601,exact_mw,3208f56225bbcac0e2804eb6f92d0a8b681652a702ca1ec920ccd7367f0e0899,"{""distance"":5,""physical_error_rate"":0.002}","{""detection_events"":6028,""detectors_checked"":688128}"
       256,         0,         0,   0.557,exact_mw,38b7ae1c4e8407fc325e0d9e43e9f92ff26dcb3f5cf7b98d24ea74c9e5188d39,"{""distance"":5,""physical_error_rate"":0.005}","{""detection_events"":1142,""detectors_checked"":57344}"
       256,         0,         0,   0.546,exact_mw,38b7ae1c4e8407fc325e0d9e43e9f92ff26dcb3f5cf7b98d24ea74c9e5188d39,"{""distance"":5,""physical_error_rate"":0.005}","{""detection_events"":1239,""detectors_checked"":57344}"
      1024,         0,         0,   0.053,exact_mw,bb90ec3459e353008cf9a5bb9142bf1e8515517a9e167021b225104594e48e8a,"{""distance"":5,""physical_error_rate"":0.001}","{""detection_events"":1099,""detectors_checked"":229376}"
        16,         6,         0,   0.259,exact_mw,7fd11737ba5953e5998cf5d5ab7672462ce2ff07a9ab0f8628176a3f70e7a095,"{""distance"":5,""physical_error_rate"":0.05}","{""detection_events"":663,""detectors_checked"":3584,""obs_mistake_mask=E"":6}"
      3072,         0,         0,   0.090,exact_mw,bb90ec3459e353008cf9a5bb9142bf1e8515517a9e167021b225104594e48e8a,"{""distance"":5,""physical_error_rate"":0.001}","{""detection_events"":2945,""detectors_checked"":688128}"
        16,         3,         0,   0.268,exact_mw,7fd11737ba5953e5998cf5d5ab7672462ce2ff07a9ab0f8628176a3f70e7a095,"{""distance"":5,""physical_error_rate"":0.05}","{""detection_events"":630,""detectors_checked"":3584,""obs_mistake_mask=E"":3}"
      9216,         0,         0,   0.094,exact_mw,f32ebecd8e105e50ec838d33c5ed9b45444b6b44a3c6ac541111079f2b14e893,"{""distance"":5,""physical_error_rate"":5e-05}","{""detection_events"":465,""detectors_checked"":2064384}"
      5120,         0,         0,   0.057,exact_mw,cdc4a450a40af8e24899239080e4c40992fb5baf91c5a31ab3a165eacb3a1ab3,"{""distance"":5,""physical_error_rate"":0.0002}","{""detection_events"":987,""detectors_checked"":1146880}"
        32,        14,         0,   0.617,exact_mw,d68317bf2f4c69d73359111c5597779a07d8ed85f1f94573f1c8a2f6c683850d,"{""distance"":5,""physical_error_rate"":0.2}","{""detection_events"":2888,""detectors_checked"":7168,""obs_mistake_mask=E"":14}"
      9216,         0,         0,   0.106,exact_mw,70a969f5042aec17ac076c6379f4170fb7c69b8e925756ef3b7334e28a33338b,"{""distance"":5,""physical_error_rate"":0.0001}","{""detection_events"":863,""detectors_checked"":2064384}"
         1,         0,         0,   0.019,exact_mw,f32ebecd8e105e50ec838d33c5ed9b45444b6b44a3c6ac541111079f2b14e893,"{""distance"":5,""physical_error_rate"":5e-05}","{""detectors_checked"":224}"
      1024,         0,         0,   0.030,exact_mw,bb90ec3459e353008cf9a5bb9142bf1e8515517a9e167021b225104594e48e8a,"{""distance"":5,""physical_error_rate"":0.001}","{""detection_events"":990,""detectors_checked"":229376}"
        16,         5,         0,   0.261,exact_mw,7fd11737ba5953e5998cf5d5ab7672462ce2ff07a9ab0f8628176a3f70e7a095,"{""distance"":5,""physical_error_rate"":0.05}","{""detection_events"":575,""detectors_checked"":3584,""obs_mistake_mask=E"":5}"
     16384,         0,         0,   0.273,exact_mw,70a969f5042aec17ac076c6379f4170fb7c69b8e925756ef3b7334e28a33338b,"{""distance"":5,""physical_error_rate"":0.0001}","{""detection_events"":1694,""detectors_checked"":3670016}"
         1,         0,         0,   0.021,exact_mw,cdc4a450a40af8e24899239080e4c40992fb5baf91c5a31ab3a165eacb3a1ab3,"{""distance"":5,""physical_error_rate"":0.0002}","{""detectors_checked"":224}"
      2320,         0,         0,   0.028,exact_mw,f32ebecd8e105e50ec838d33c5ed9b45444b6b44a3c6ac541111079f2b14e893,"{""distance"":5,""physical_error_rate"":5e-05}","{""detection_events"":116,""detectors_checked"":519680}"
      1024,         0,         0,   0.210,exact_mw,3208f56225bbcac0e2804eb6f92d0a8b681652a702ca1ec920ccd7367f0e0899,"{""distance"":5,""physical_error_rate"":0.002}","{""detection_events"":1877,""detectors_checked"":229376}"
         1,         0,         0,   0.021,exact_mw,cb12ae119b9b2ba18d0216e7235b403229e92fd0743ede48fe7f1a2c6f45d594,"{""distance"":5,""physical_error_rate"":0.0005}","{""detectors_checked"":224}"
      1024,         0,         0,   0.085,exact_mw,bb90ec3459e353008cf9a5bb9142bf1e8515517a9e167021b225104594e48e8a,"{""distance"":5,""physical_error_rate"":0.001}","{""detection_events"":955,""detectors_checked"":229376}"
      2320,         0,         0,   0.022,exact_mw,cdc4a450a40af8e24899239080e4c40992fb5baf91c5a31ab3a165eacb3a1ab3,"{""distance"":5,""physical_error_rate"":0.0002}","{""detection_events"":526,""detectors_checked"":519680}"
     10240,         0,         0,   0.118,exact_mw,f32ebecd8e105e50ec838d33c5ed9b45444b6b44a3c6ac541111079f2b14e893,"{""distance"":5,""physical_error_rate"":5e-05}","{""detection_events"":420,""detectors_checked"":2293760}"
      5120,         0,         0,   0.054,exact_mw,cdc4a450a40af8e24899239080e4c40992fb5baf91c5a31ab3a165eacb3a1ab3,"{""distance"":5,""physical_error_rate"":0.0002}","{""detection_events"":1003,""detectors_checked"":1146880}"
       256,         0,         0,   0.442,exact_mw,38b7ae1c4e8407fc325e0d9e43e9f92ff26dcb3f5cf7b98d24ea74c9e5188d39,"{""distance"":5,""physical_error_rate"":0.005}","{""detection_events"":1320,""detectors_checked"":57344}"
         1,         0,         0,   0.028,exact_mw,cb12ae119b9b2ba18d0216e7235b403229e92fd0743ede48fe7f1a2c6f45d594,"{""distance"":5,""physical_error_rate"":0.0005}","{""detectors_checked"":224}"
      2320,         0,         0,   0.031,exact_mw,cb12ae119b9b2ba18d0216e7235b403229e92fd0743ede48fe7f1a2c6f45d594,"{""distance"":5,""physical_error_rate"":0.0005}","{""detection_events"":1090,""detectors_checked"":519680}"
      3072,         0,         0,   0.036,exact_mw,f32ebecd8e105e50ec838d33c5ed9b45444b6b44a3c6ac541111079f2b14e893,"{""distance"":5,""physical_error_rate"":5e-05}","{""detection_events"":148,""detectors_checked"":688128}"
         1,         0,         0,   0.019,exact_mw,cdc4a450a40af8e24899239080e4c40992fb5baf91c5a31ab3a165eacb3a1ab3,"{""distance"":5,""physical_error_rate"":0.0002}","{""detectors_checked"":224}"
      1024,         0,         0,   0.233,exact_mw,3208f56225bbcac0e2804eb6f92d0a8b681652a702ca1ec920ccd7367f0e0899,"{""distance"":5,""physical_error_rate"":0.002}","{""detection_events"":1963,""detectors_checked"":229376}"
      2048,         0,         0,   0.027,exact_mw,cdc4a450a40af8e24899239080e4c40992fb5baf91c5a31ab3a165eacb3a1ab3,"{""distance"":5,""physical_error_rate"":0.0002}","{""detection_events"":450,""detectors_checked"":458752}"
      7168,         0,         0,   0.117,exact_mw,cdc4a450a40af8e24899239080e4c40992fb5baf91c5a31ab3a165eacb3a1ab3,"{""distance"":5,""physical_error_rate"":0.0002}","{""detection_events"":1450,""detectors_checked"":1605632}"
      2048,         0,         0,   0.076,exact_mw,bb90ec3459e353008cf9a5bb9142bf1e8515517a9e167021b225104594e48e8a,"{""distance"":5,""physical_error_rate"":0.001}","{""detection_events"":1904,""detectors_checked"":458752}"
      1296,         0,         0,   0.036,exact_mw,cb12ae119b9b2ba18d0216e7235b403229e92fd0743ede48fe7f1a2c6f45d594,"{""distance"":5,""physical_error_rate"":0.0005}","{""detection_events"":614,""detectors_checked"":290304}"
      2048,         0,         0,   0.011,exact_mw,cdc4a450a40af8e24899239080e4c40992fb5baf91c5a31ab3a165eacb3a1ab3,"{""distance"":5,""physical_error_rate"":0.0002}","{""detection_events"":403,""detectors_checked"":458752}"
      2320,         0,         0,   0.022,exact_mw,cdc4a450a40af8e24899239080e4c40992fb5baf91c5a31ab3a165eacb3a1ab3,"{""distance"":5,""physical_error_rate"":0.0002}","{""detection_events"":480,""detectors_checked"":519680}"
      2048,         0,         0,   0.470,exact_mw,3208f56225bbcac0e2804eb6f92d0a8b681652a702ca1ec920ccd7367f0e0899,"{""distance"":5,""physical_error_rate"":0.002}","{""detection_events"":3919,""detectors_checked"":458752}"
      3072,         0,         0,   0.022,exact_mw,cb12ae119b9b2ba18d0216e7235b403229e92fd0743ede48fe7f1a2c6f45d594,"{""distance"":5,""physical_error_rate"":0.0005}","{""detection_events"":1437,""detectors_checked"":688128}"
     19456,         0,         0,   0.211,exact_mw,f32ebecd8e105e50ec838d33c5ed9b45444b6b44a3c6ac541111079f2b14e893,"{""distance"":5,""physical_error_rate"":5e-05}","{""detection_events"":989,""detectors_checked"":4358144}"
      1024,         0,         0,   0.005,exact_mw,cb12ae119b9b2ba18d0216e7235b403229e92fd0743ede48fe7f1a2c6f45d594,"{""distance"":5,""physical_error_rate"":0.0005}","{""detection_events"":477,""detectors_checked"":229376}"
      2048,         0,         0,   0.014,exact_mw,cdc4a450a40af8e24899239080e4c40992fb5baf91c5a31ab3a165eacb3a1ab3,"{""distance"":5,""physical_error_rate"":0.0002}","{""detection_events"":410,""detectors_checked"":458752}"
      4096,         0,         0,   0.050,exact_mw,f32ebecd8e105e50ec838d33c5ed9b45444b6b44a3c6ac541111079f2b14e893,"{""distance"":5,""physical_error_rate"":5e-05}","{""detection_events"":184,""detectors_checked"":917504}"
        64,         0,         0,   0.497,exact_mw,72230d8c06b5a71069df48ede6f7f3e6128cd83e8239dd1b2e5fe023578b6eb1,"{""distance"":5,""physical_error_rate"":0.01}","{""detection_events"":656,""detectors_checked"":14336}"
        32,        20,         0,   0.666,exact_mw,14059eecea5f7bdc562c01e7682d53b775a747f80d40379178915ac673e3b6bb,"{""distance"":5,""physical_error_rate"":0.5}","{""detection_events"":3539,""detectors_checked"":7168,""obs_mistake_mask=E"":20}"
        64,        33,         0,   0.475,exact_mw,d68317bf2f4c69d73359111c5597779a07d8ed85f1f94573f1c8a2f6c683850d,"{""distance"":5,""physical_error_rate"":0.2}","{""detection_events"":5748,""detectors_checked"":14336,""obs_mistake_mask=E"":33}"
       256,         2,         0,   0.477,exact_mw,38b7ae1c4e8407fc325e0d9e43e9f92ff26dcb3f5cf7b98d24ea74c9e5188d39,"{""distance"":5,""physical_error_rate"":0.005}","{""detection_events"":1275,""detectors_checked"":57344,""obs_mistake_mask=E"":2}"
      7168,         0,         0,   0.056,exact_mw,cdc4a450a40af8e24899239080e4c40992fb5baf91c5a31ab3a165eacb3a1ab3,"{""distance"":5,""physical_error_rate"":0.0002}","{""detection_events"":1428,""detectors_checked"":1605632}"
      3072,         0,         0,   0.044,exact_mw,cdc4a450a40af8e24899239080e4c40992fb5baf91c5a31ab3a165eacb3a1ab3,"{""distance"":5,""physical_error_rate"":0.0002}","{""detection_events"":616,""detectors_checked"":688128}"
        32,        14,         0,   0.600,exact_mw,7def73f725f8347dc4de7c57664b66d91778cc6018e33f45b3defe89c7a0cfc0,"{""distance"":5,""physical_error_rate"":0.1}","{""detection_events"":1921,""detectors_checked"":7168,""obs_mistake_mask=E"":14}"
      3072,         0,         0,   0.035,exact_mw,cdc4a450a40af8e24899239080e4c40992fb5baf91c5a31ab3a165eacb3a1ab3,"{""distance"":5,""physical_error_rate"":0.0002}","{""detection_events"":663,""detectors_checked"":688128}"
      1024,         0,         0,   0.037,exact_mw,cb12ae119b9b2ba18d0216e7235b403229e92fd0743ede48fe7f1a2c6f45d594,"{""distance"":5,""physical_error_rate"":0.0005}","{""detection_events"":519,""detectors_checked"":229376}"
      3072,         0,         0,   0.173,exact_mw,bb90ec3459e353008cf9a5bb9142bf1e8515517a9e167021b225104594e48e8a,"{""distance"":5,""physical_error_rate"":0.001}","{""detection_events"":3022,""detectors_checked"":688128}"
     14336,         0,         0,   0.169,exact_mw,f32ebecd8e105e50ec838d33c5ed9b45444b6b44a3c6ac541111079f2b14e893,"{""distance"":5,""physical_error_rate"":5e-05}","{""detection_events"":690,""detectors_checked"":3211264}"
        32,        15,         0,   0.558,exact_mw,d68317bf2f4c69d73359111c5597779a07d8ed85f1f94573f1c8a2f6c683850d,"{""distance"":5,""physical_error_rate"":0.2}","{""detection_events"":2799,""detectors_checked"":7168,""obs_mistake_mask=E"":15}"
        32,         1,         0,   0.364,exact_mw,7b4896c0e7f0a510554d89637fd747b157418067a95869d1f0661294d473d1dc,"{""distance"":5,""physical_error_rate"":0.02}","{""detection_events"":567,""detectors_checked"":7168,""obs_mistake_mask=E"":1}"
      2048,         0,         0,   0.070,exact_mw,bb90ec3459e353008cf9a5bb9142bf1e8515517a9e167021b225104594e48e8a,"{""distance"":5,""physical_error_rate"":0.001}","{""detection_events"":1944,""detectors_checked"":458752}"
      4096,         0,         0,   0.051,exact_mw,f32ebecd8e105e50ec838d33c5ed9b45444b6b44a3c6ac541111079f2b14e893,"{""distance"":5,""physical_error_rate"":5e-05}","{""detection_events"":217,""detectors_checked"":917504}"
     29696,         0,         0,   0.407,exact_mw,70a969f5042aec17ac076c6379f4170fb7c69b8e925756ef3b7334e28a33338b,"{""distance"":5,""physical_error_rate"":0.0001}","{""detection_events"":2948,""detectors_checked"":6651904}"
      5120,         0,         0,   0.414,exact_mw,bb90ec3459e353008cf9a5bb9142bf1e8515517a9e167021b225104594e48e8a,"{""distance"":5,""physical_error_rate"":0.001}","{""detection_events"":5083,""detectors_checked"":1146880}"
      4096,         0,         0,   0.066,exact_mw,cb12ae119b9b2ba18d0216e7235b403229e92fd0743ede48fe7f1a2c6f45d594,"{""distance"":5,""physical_error_rate"":0.0005}","{""detection_events"":1985,""detectors_checked"":917504}"
      2048,         0,         0,   0.029,exact_mw,cb12ae119b9b2ba18d0216e7235b403229e92fd0743ede48fe7f1a2c6f45d594,"{""distance"":5,""physical_error_rate"":0.0005}","{""detection_events"":1043,""detectors_checked"":458752}"
       256,         0,         0,   0.477,exact_mw,38b7ae1c4e8407fc325e0d9e43e9f92ff26dcb3f5cf7b98d24ea74c9e5188d39,"{""distance"":5,""physical_error_rate"":0.005}","{""detection_events"":1301,""detectors_checked"":57344}"
      2048,         0,         0,   0.149,exact_mw,bb90ec3459e353008cf9a5bb9142bf1e8515517a9e167021b225104594e48e8a,"{""distance"":5,""physical_error_rate"":0.001}","{""detection_events"":2110,""detectors_checked"":458752}"
      3072,         0,         0,   0.049,exact_mw,cdc4a450a40af8e24899239080e4c40992fb5baf91c5a31ab3a165eacb3a1ab3,"{""distance"":5,""physical_error_rate"":0.0002}","{""detection_events"":537,""detectors_checked"":688128}"
         1,         0,         0,   0.030,exact_mw,cdc4a450a40af8e24899239080e4c40992fb5baf91c5a31ab3a165eacb3a1ab3,"{""distance"":5,""physical_error_rate"":0.0002}","{""detectors_checked"":224}"
      7168,         0,         0,   0.310,exact_mw,bb90ec3459e353008cf9a5bb9142bf1e8515517a9e167021b225104594e48e8a,"{""distance"":5,""physical_error_rate"":0.001}","{""detection_events"":7126,""detectors_checked"":1605632}"
     10240,         0,         0,   0.129,exact_mw,f32ebecd8e105e50ec838d33c5ed9b45444b6b44a3c6ac541111079f2b14e893,"{""distance"":5,""physical_error_rate"":5e-05}","{""detection_events"":537,""detectors_checked"":2293760}"
      2048,         0,         0,   0.579,exact_mw,3208f56225bbcac0e2804eb6f92d0a8b681652a702ca1ec920ccd7367f0e0899,"{""distance"":5,""physical_error_rate"":0.002}","{""detection_events"":3750,""detectors_checked"":458752}"
        16,         6,         0,   0.263,exact_mw,7def73f725f8347dc4de7c57664b66d91778cc6018e33f45b3defe89c7a0cfc0,"{""distance"":5,""physical_error_rate"":0.1}","{""detection_events"":956,""detectors_checked"":3584,""obs_mistake_mask=E"":6}"
     28672,         0,         0,   0.584,exact_mw,cb12ae119b9b2ba18d0216e7235b403229e92fd0743ede48fe7f1a2c6f45d594,"{""distance"":5,""physical_error_rate"":0.0005}","{""detection_events"":13987,""detectors_checked"":6422528}"
        64,        10,         0,   0.954,exact_mw,7fd11737ba5953e5998cf5d5ab7672462ce2ff07a9ab0f8628176a3f70e7a095,"{""distance"":5,""physical_error_rate"":0.05}","{""detection_events"":2516,""detectors_checked"":14336,""obs_mistake_mask=E"":10}"
      5120,         0,         0,   0.076,exact_mw,cdc4a450a40af8e24899239080e4c40992fb5baf91c5a31ab3a165eacb3a1ab3,"{""distance"":5,""physical_error_rate"":0.0002}","{""detection_events"":977,""detectors_checked"":1146880}"
     16384,         0,         0,   0.226,exact_mw,70a969f5042aec17ac076c6379f4170fb7c69b8e925756ef3b7334e28a33338b,"{""distance"":5,""physical_error_rate"":0.0001}","{""detection_events"":1656,""detectors_checked"":3670016}"
      2048,         0,         0,   0.048,exact_mw,cb12ae119b9b2ba18d0216e7235b403229e92fd0743ede48fe7f1a2c6f45d594,"{""distance"":5,""physical_error_rate"":0.0005}","{""detection_events"":1090,""detectors_checked"":458752}"
      1024,         0,         0,   0.331,exact_mw,3208f56225bbcac0e2804eb6f92d0a8b681652a702ca1ec920ccd7367f0e0899,"{""distance"":5,""physical_error_rate"":0.002}","{""detection_events"":2179,""detectors_checked"":229376}"
      2320,         0,         0,   0.033,exact_mw,cdc4a450a40af8e24899239080e4c40992fb5baf91c5a31ab3a165eacb3a1ab3,"{""distance"":5,""physical_error_rate"":0.0002}","{""detection_events"":493,""detectors_checked"":519680}"
        16,        11,         0,   0.302,exact_mw,14059eecea5f7bdc562c01e7682d53b775a747f80d40379178915ac673e3b6bb,"{""distance"":5,""physical_error_rate"":0.5}","{""detection_events"":1837,""detectors_checked"":3584,""obs_mistake_mask=E"":11}"
      3072,         0,         0,   0.054,exact_mw,cb12ae119b9b2ba18d0216e7235b403229e92fd0743ede48fe7f1a2c6f45d594,"{""distance"":5,""physical_error_rate"":0.0005}","{""detection_events"":1485,""detectors_checked"":688128}"
      9216,         0,         0,   0.140,exact_mw,cdc4a450a40af8e24899239080e4c40992fb5baf91c5a31ab3a165eacb3a1ab3,"{""distance"":5,""physical_error_rate"":0.0002}","{""detection_events"":1827,""detectors_checked"":2064384}"
      5120,         0,         0,   0.074,exact_mw,f32ebecd8e105e50ec838d33c5ed9b45444b6b44a3c6ac541111079f2b14e893,"{""distance"":5,""physical_error_rate"":5e-05}","{""detection_events"":229,""detectors_checked"":1146880}"
        32,        14,         0,   0.555,exact_mw,d68317bf2f4c69d73359111c5597779a07d8ed85f1f94573f1c8a2f6c683850d,"{""distance"":5,""physical_error_rate"":0.2}","{""detection_events"":2796,""detectors_checked"":7168,""obs_mistake_mask=E"":14}"
      7168,         0,         0,   0.104,exact_mw,cdc4a450a40af8e24899239080e4c40992fb5baf91c5a31ab3a165eacb3a1ab3,"{""distance"":5,""physical_error_rate"":0.0002}","{""detection_events"":1401,""detectors_checked"":1605632}"
        16,         9,         0,   0.286,exact_mw,d68317bf2f4c69d73359111c5597779a07d8ed85f1f94573f1c8a2f6c683850d,"{""distance"":5,""physical_error_rate"":0.2}","{""detection_events"":1405,""detectors_checked"":3584,""obs_mistake_mask=E"":9}"
      2048,         0,         0,   0.085,exact_mw,bb90ec3459e353008cf9a5bb9142bf1e8515517a9e167021b225104594e48e8a,"{""distance"":5,""physical_error_rate"":0.001}","{""detection_events"":1942,""detectors_checked"":458752}"
       128,         0,         0,   0.359,exact_mw,38b7ae1c4e8407fc325e0d9e43e9f92ff26dcb3f5cf7b98d24ea74c9e5188d39,"{""distance"":5,""physical_error_rate"":0.005}","{""detection_events"":599,""detectors_checked"":28672}"
        64,         1,         0,   0.353,exact_mw,72230d8c06b5a71069df48ede6f7f3e6128cd83e8239dd1b2e5fe023578b6eb1,"{""distance"":5,""physical_error_rate"":0.01}","{""detection_events"":605,""detectors_checked"":14336,""obs_mistake_mask=E"":1}"
        32,        20,         0,   0.349,exact_mw,d68317bf2f4c69d73359111c5597779a07d8ed85f1f94573f1c8a2f6c683850d,"{""distance"":5,""physical_error_rate"":0.2}","{""detection_events"":2860,""detectors_checked"":7168,""obs_mistake_mask=E"":20}"
      1024,         0,         0,   0.028,exact_mw,cdc4a450a40af8e24899239080e4c40992fb5baf91c5a31ab3a165eacb3a1ab3,"{""distance"":5,""physical_error_rate"":0.0002}","{""detection_events"":217,""detectors_checked"":229376}"
        64,         3,         0,   0.748,exact_mw,7b4896c0e7f0a510554d89637fd747b157418067a95869d1f0661294d473d1dc,"{""distance"":5,""physical_error_rate"":0.02}","{""detection_events"":1121,""detectors_checked"":14336,""obs_mistake_mask=E"":3}"
       512,         2,         0,   0.589,exact_mw,38b7ae1c4e8407fc325e0d9e43e9f92ff26dcb3f5cf7b98d24ea74c9e5188d39,"{""distance"":5,""physical_error_rate"":0.005}","{""detection_events"":2450,""detectors_checked"":114688,""obs_mistake_mask=E"":2}"
      1024,         0,         0,   0.202,exact_mw,3208f56225bbcac0e2804eb6f92d0a8b681652a702ca1ec920ccd7367f0e0899,"{""distance"":5,""physical_error_rate"":0.002}","{""detection_events"":1922,""detectors_checked"":229376}"
        32,        20,         0,   0.484,exact_mw,d68317bf2f4c69d73359111c5597779a07d8ed85f1f94573f1c8a2f6c683850d,"{""distance"":5,""physical_error_rate"":0.2}","{""detection_events"":2843,""detectors_checked"":7168,""obs_mistake_mask=E"":20}"
        17,         6,         0,   0.253,exact_mw,7def73f725f8347dc4de7c57664b66d91778cc6018e33f45b3defe89c7a0cfc0,"{""distance"":5,""physical_error_rate"":0.1}","{""detection_events"":1063,""detectors_checked"":3808,""obs_mistake_mask=E"":6}"
       256,         1,         0,   0.389,exact_mw,38b7ae1c4e8407fc325e0d9e43e9f92ff26dcb3f5cf7b98d24ea74c9e5188d39,"{""distance"":5,""physical_error_rate"":0.005}","{""detection_events"":1230,""detectors_checked"":57344,""obs_mistake_mask=E"":1}"
      2048,         0,         0,   0.033,exact_mw,cdc4a450a40af8e24899239080e4c40992fb5baf91c5a31ab3a165eacb3a1ab3,"{""distance"":5,""physical_error_rate"":0.0002}","{""detection_events"":426,""detectors_checked"":458752}"
      5120,         0,         0,   0.074,exact_mw,cdc4a450a40af8e24899239080e4c40992fb5baf91c5a31ab3a165eacb3a1ab3,"{""distance"":5,""physical_error_rate"":0.0002}","{""detection_events"":1001,""detectors_checked"":1146880}"
     66560,         0,         0,   0.759,exact_mw,f32ebecd8e105e50ec838d33c5ed9b45444b6b44a3c6ac541111079f2b14e893,"{""distance"":5,""physical_error_rate"":5e-05}","{""detection_events"":3329,""detectors_checked"":14909440}"
      4096,         0,         0,   0.073,exact_mw,cb12ae119b9b2ba18d0216e7235b403229e92fd0743ede48fe7f1a2c6f45d594,"{""distance"":5,""physical_error_rate"":0.0005}","{""detection_events"":1997,""detectors_checked"":917504}"
      1024,         0,         0,   0.273,exact_mw,3208f56225bbcac0e2804eb6f92d0a8b681652a702ca1ec920ccd7367f0e0899,"{""distance"":5,""physical_error_rate"":0.002}","{""detection_events"":1921,""detectors_checked"":229376}"
      6144,         0,         0,   0.077,exact_mw,cdc4a450a40af8e24899239080e4c40992fb5baf91c5a31ab3a165eacb3a1ab3,"{""distance"":5,""physical_error_rate"":0.0002}","{""detection_events"":1140,""detectors_checked"":1376256}"
     37888,         0,         0,   0.408,exact_mw,70a969f5042aec17ac076c6379f4170fb7c69b8e925756ef3b7334e28a33338b,"{""distance"":5,""physical_error_rate"":0.0001}","{""detection_events"":3734,""detectors_checked"":8486912}"
      5120,         0,         0,   0.076,exact_mw,f32ebecd8e105e50ec838d33c5ed9b45444b6b44a3c6ac541111079f2b14e893,"{""distance"":5,""physical_error_rate"":5e-05}","{""detection_events"":228,""detectors_checked"":1146880}"
      5120,         0,         0,   0.083,exact_mw,cb12ae119b9b2ba18d0216e7235b403229e92fd0743ede48fe7f1a2c6f45d594,"{""distance"":5,""physical_error_rate"":0.0005}","{""detection_events"":2612,""detectors_checked"":1146880}"
      6144,         0,         0,   0.036,exact_mw,cdc4a450a40af8e24899239080e4c40992fb5baf91c5a31ab3a165eacb3a1ab3,"{""distance"":5,""physical_error_rate"":0.0002}","{""detection_events"":1152,""detectors_checked"":1376256}"
       128,         0,         0,   0.980,exact_mw,72230d8c06b5a71069df48ede6f7f3e6128cd83e8239dd1b2e5fe023578b6eb1,"{""distance"":5,""physical_error_rate"":0.01}","{""detection_events"":1264,""detectors_checked"":28672}"
     65536,         0,         0,   0.803,exact_mw,70a969f5042aec17ac076c6379f4170fb7c69b8e925756ef3b7334e28a33338b,"{""distance"":5,""physical_error_rate"":0.0001}","{""detection_events"":6383,""detectors_checked"":14680064}"
        64,         1,         0,   0.782,exact_mw,7b4896c0e7f0a510554d89637fd747b157418067a95869d1f0661294d473d1dc,"{""distance"":5,""physical_error_rate"":0.02}","{""detection_events"":1137,""detectors_checked"":14336,""obs_mistake_mask=E"":1}"
        32,        11,         0,   0.456,exact_mw,7def73f725f8347dc4de7c57664b66d91778cc6018e33f45b3defe89c7a0cfc0,"{""distance"":5,""physical_error_rate"":0.1}","{""detection_events"":1919,""detectors_checked"":7168,""obs_mistake_mask=E"":11}"
         1,         0,         0,   0.004,exact_mw,bb90ec3459e353008cf9a5bb9142bf1e8515517a9e167021b225104594e48e8a,"{""distance"":5,""physical_error_rate"":0.001}","{""detectors_checked"":224}"
      2048,         0,         0,   0.022,exact_mw,cdc4a450a40af8e24899239080e4c40992fb5baf91c5a31ab3a165eacb3a1ab3,"{""distance"":5,""physical_error_rate"":0.0002}","{""detection_events"":370,""detectors_checked"":458752}"
      3072,         0,         0,   0.175,exact_mw,bb90ec3459e353008cf9a5bb9142bf1e8515517a9e167021b225104594e48e8a,"{""distance"":5,""physical_error_rate"":0.001}","{""detection_events"":3023,""detectors_checked"":688128}"
     25600,         0,         0,   0.409,exact_mw,cdc4a450a40af8e24899239080e4c40992fb5baf91c5a31ab3a165eacb3a1ab3,"{""distance"":5,""physical_error_rate"":0.0002}","{""detection_events"":5205,""detectors_checked"":5734400}"
     39936,         0,         0,   0.553,exact_mw,f32ebecd8e105e50ec838d33c5ed9b45444b6b44a3c6ac541111079f2b14e893,"{""distance"":5,""physical_error_rate"":5e-05}","{""detection_events"":2011,""detectors_checked"":8945664}"
       256,         0,         0,   0.564,exact_mw,38b7ae1c4e8407fc325e0d9e43e9f92ff26dcb3f5cf7b98d24ea74c9e5188d39,"{""distance"":5,""physical_error_rate"":0.005}","{""detection_events"":1285,""detectors_checked"":57344}"
     19456,         0,         0,   0.226,exact_mw,f32ebecd8e105e50ec838d33c5ed9b45444b6b44a3c6ac541111079f2b14e893,"{""distance"":5,""physical_error_rate"":5e-05}","{""detection_events"":1044,""detectors_checked"":4358144}"
     79872,         0,         0,    1.12,exact_mw,cdc4a450a40af8e24899239080e4c40992fb5baf91c5a31ab3a165eacb3a1ab3,"{""distance"":5,""physical_error_rate"":0.0002}","{""detection_events"":16094,""detectors_checked"":17891328}"
      7168,         0,         0,   0.063,exact_mw,cb12ae119b9b2ba18d0216e7235b403229e92fd0743ede48fe7f1a2c6f45d594,"{""distance"":5,""physical_error_rate"":0.0005}","{""detection_events"":3468,""detectors_checked"":1605632}"
        32,        14,         0,   0.462,exact_mw,d68317bf2f4c69d73359111c5597779a07d8ed85f1f94573f1c8a2f6c683850d,"{""distance"":5,""physical_error_rate"":0.2}","{""detection_events"":2871,""detectors_checked"":7168,""obs_mistake_mask=E"":14}"
        32,        16,         0,   0.553,exact_mw,7def73f725f8347dc4de7c57664b66d91778cc6018e33f45b3defe89c7a0cfc0,"{""distance"":5,""physical_error_rate"":0.1}","{""detection_events"":1961,""detectors_checked"":7168,""obs_mistake_mask=E"":16}"
      4096,         0,         0,   0.249,exact_mw,bb90ec3459e353008cf9a5bb9142bf1e8515517a9e167021b225104594e48e8a,"{""distance"":5,""physical_error_rate"":0.001}","{""detection_events"":3900,""detectors_checked"":917504}"
        32,        14,         0,   0.488,exact_mw,14059eecea5f7bdc562c01e7682d53b775a747f80d40379178915ac673e3b6bb,"{""distance"":5,""physical_error_rate"":0.5}","{""detection_events"":3520,""detectors_checked"":7168,""obs_mistake_mask=E"":14}"
     12288,         0,         0,   0.158,exact_mw,cdc4a450a40af8e24899239080e4c40992fb5baf91c5a31ab3a165eacb3a1ab3,"{""distance"":5,""physical_error_rate"":0.0002}","{""detection_events"":2504,""detectors_checked"":2752512}"
     27648,         0,         0,   0.307,exact_mw,f32ebecd8e105e50ec838d33c5ed9b45444b6b44a3c6ac541111079f2b14e893,"{""distance"":5,""physical_error_rate"":5e-05}","{""detection_events"":1444,""detectors_checked"":6193152}"
     24576,         0,         0,   0.418,exact_mw,70a969f5042aec17ac076c6379f4170fb7c69b8e925756ef3b7334e28a33338b,"{""distance"":5,""physical_error_rate"":0.0001}","{""detection_events"":2471,""detectors_checked"":5505024}"
        32,        10,         0,   0.440,exact_mw,7fd11737ba5953e5998cf5d5ab7672462ce2ff07a9ab0f8628176a3f70e7a095,"{""distance"":5,""physical_error_rate"":0.05}","{""detection_events"":1263,""detectors_checked"":7168,""obs_mistake_mask=E"":10}"
      3072,         0,         0,   0.057,exact_mw,cdc4a450a40af8e24899239080e4c40992fb5baf91c5a31ab3a165eacb3a1ab3,"{""distance"":5,""physical_error_rate"":0.0002}","{""detection_events"":575,""detectors_checked"":688128}"
     13312,         0,         0,   0.076,exact_mw,f32ebecd8e105e50ec838d33c5ed9b45444b6b44a3c6ac541111079f2b14e893,"{""distance"":5,""physical_error_rate"":5e-05}","{""detection_events"":656,""detectors_checked"":2981888}"
        32,         7,         0,   0.541,exact_mw,7fd11737ba5953e5998cf5d5ab7672462ce2ff07a9ab0f8628176a3f70e7a095,"{""distance"":5,""physical_error_rate"":0.05}","{""detection_events"":1185,""detectors_checked"":7168,""obs_mistake_mask=E"":7}"
      6144,         0,         0,   0.079,exact_mw,cb12ae119b9b2ba18d0216e7235b403229e92fd0743ede48fe7f1a2c6f45d594,"{""distance"":5,""physical_error_rate"":0.0005}","{""detection_events"":2946,""detectors_checked"":1376256}"
      8192,         0,         0,   0.083,exact_mw,cdc4a450a40af8e24899239080e4c40992fb5baf91c5a31ab3a165eacb3a1ab3,"{""distance"":5,""physical_error_rate"":0.0002}","{""detection_events"":1576,""detectors_checked"":1835008}"
      1296,         0,         0,   0.061,exact_mw,bb90ec3459e353008cf9a5bb9142bf1e8515517a9e167021b225104594e48e8a,"{""distance"":5,""physical_error_rate"":0.001}","{""detection_events"":1350,""detectors_checked"":290304}"
         1,         0,         0,   0.005,exact_mw,cb12ae119b9b2ba18d0216e7235b403229e92fd0743ede48fe7f1a2c6f45d594,"{""distance"":5,""physical_error_rate"":0.0005}","{""detectors_checked"":224}"
      3072,         0,         0,   0.181,exact_mw,bb90ec3459e353008cf9a5bb9142bf1e8515517a9e167021b225104594e48e8a,"{""distance"":5,""physical_error_rate"":0.001}","{""detection_events"":2897,""detectors_checked"":688128}"
      1296,         0,         0,   0.005,exact_mw,cb12ae119b9b2ba18d0216e7235b403229e92fd0743ede48fe7f1a2c6f45d594,"{""distance"":5,""physical_error_rate"":0.0005}","{""detection_events"":621,""detectors_checked"":290304}"
        32,         6,         0,   0.446,exact_mw,7fd11737ba5953e5998cf5d5ab7672462ce2ff07a9ab0f8628176a3f70e7a095,"{""distance"":5,""physical_error_rate"":0.05}","{""detection_events"":1234,""detectors_checked"":7168,""obs_mistake_mask=E"":6}"
     14336,         0,         0,   0.203,exact_mw,f32ebecd8e105e50ec838d33c5ed9b45444b6b44a3c6ac541111079f2b14e893,"{""distance"":5,""physical_error_rate"":5e-05}","{""detection_events"":688,""detectors_checked"":3211264}"
        32,         8,         0,   0.542,exact_mw,7fd11737ba5953e5998cf5d5ab7672462ce2ff07a9ab0f8628176a3f70e7a095,"{""distance"":5,""physical_error_rate"":0.05}","{""detection_events"":1200,""detectors_checked"":7168,""obs_mistake_mask=E"":8}"
      4096,         0,         0,   0.122,exact_mw,cdc4a450a40af8e24899239080e4c40992fb5baf91c5a31ab3a165eacb3a1ab3,"{""distance"":5,""physical_error_rate"":0.0002}","{""detection_events"":914,""detectors_checked"":917504}"
         1,         0,         0,   0.004,exact_mw,3208f56225bbcac0e2804eb6f92d0a8b681652a702ca1ec920ccd7367f0e0899,"{""distance"":5,""physical_error_rate"":0.002}","{""detection_events"":2,""detectors_checked"":224}"
         1,         0,         0,   0.015,exact_mw,d68317bf2f4c69d73359111c5597779a07d8ed85f1f94573f1c8a2f6c683850d,"{""distance"":5,""physical_error_rate"":0.2}","{""detection_events"":102,""detectors_checked"":224}"
     24576,         0,         0,   0.245,exact_mw,cdc4a450a40af8e24899239080e4c40992fb5baf91c5a31ab3a165eacb3a1ab3,"{""distance"":5,""physical_error_rate"":0.0002}","{""detection_events"":4736,""detectors_checked"":5505024}"
      1024,         0,         0,   0.251,exact_mw,3208f56225bbcac0e2804eb6f92d0a8b681652a702ca1ec920ccd7367f0e0899,"{""distance"":5,""physical_error_rate"":0.002}","{""detection_events"":2047,""detectors_checked"":229376}"
      1024,         0,         0,   0.030,exact_mw,bb90ec3459e353008cf9a5bb9142bf1e8515517a9e167021b225104594e48e8a,"{""distance"":5,""physical_error_rate"":0.001}","{""detection_events"":1011,""detectors_checked"":229376}"
      3072,         0,         0,   0.031,exact_mw,cb12ae119b9b2ba18d0216e7235b403229e92fd0743ede48fe7f1a2c6f45d594,"{""distance"":5,""physical_error_rate"":0.0005}","{""detection_events"":1542,""detectors_checked"":688128}"
        32,         0,         0,   0.332,exact_mw,7b4896c0e7f0a510554d89637fd747b157418067a95869d1f0661294d473d1dc,"{""distance"":5,""physical_error_rate"":0.02}","{""detection_events"":597,""detectors_checked"":7168}"
        32,        13,         0,   0.622,exact_mw,14059eecea5f7bdc562c01e7682d53b775a747f80d40379178915ac673e3b6bb,"{""distance"":5,""physical_error_rate"":0.5}","{""detection_events"":3706,""detectors_checked"":7168,""obs_mistake_mask=E"":13}"
        32,        22,         0,   0.610,exact_mw,7def73f725f8347dc4de7c57664b66d91778cc6018e33f45b3defe89c7a0cfc0,"{""distance"":5,""physical_error_rate"":0.1}","{""detection_events"":2061,""detectors_checked"":7168,""obs_mistake_mask=E"":22}"
      1024,         0,         0,   0.030,exact_mw,bb90ec3459e353008cf9a5bb9142bf1e8515517a9e167021b225104594e48e8a,"{""distance"":5,""physical_error_rate"":0.001}","{""detection_events"":1071,""detectors_checked"":229376}"
      4096,         0,         0,   0.075,exact_mw,cdc4a450a40af8e24899239080e4c40992fb5baf91c5a31ab3a165eacb3a1ab3,"{""distance"":5,""physical_error_rate"":0.0002}","{""detection_events"":845,""detectors_checked"":917504}"
       256,         0,         0,   0.445,exact_mw,38b7ae1c4e8407fc325e0d9e43e9f92ff26dcb3f5cf7b98d24ea74c9e5188d39,"{""distance"":5,""physical_error_rate"":0.005}","{""detection_events"":1136,""detectors_checked"":57344}"
     53248,         0,         0,   0.555,exact_mw,70a969f5042aec17ac076c6379f4170fb7c69b8e925756ef3b7334e28a33338b,"{""distance"":5,""physical_error_rate"":0.0001}","{""detection_events"":5374,""detectors_checked"":11927552}"
      1024,         1,         0,   0.233,exact_mw,3208f56225bbcac0e2804eb6f92d0a8b681652a702ca1ec920ccd7367f0e0899,"{""distance"":5,""physical_error_rate"":0.002}","{""detection_events"":2058,""detectors_checked"":229376,""obs_mistake_mask=E"":1}"
     93184,         0,         0,    1.55,exact_mw,cb12ae119b9b2ba18d0216e7235b403229e92fd0743ede48fe7f1a2c6f45d594,"{""distance"":5,""physical_error_rate"":0.0005}","{""detection_events"":45977,""detectors_checked"":20873216}"
      7168,         0,         0,   0.122,exact_mw,cb12ae119b9b2ba18d0216e7235b403229e92fd0743ede48fe7f1a2c6f45d594,"{""distance"":5,""physical_error_rate"":0.0005}","{""detection_events"":3361,""detectors_checked"":1605632}"
       272,         0,         0,   0.046,exact_mw,3208f56225bbcac0e2804eb6f92d0a8b681652a702ca1ec920ccd7367f0e0899,"{""distance"":5,""physical_error_rate"":0.002}","{""detection_events"":534,""detectors_checked"":60928}"
        32,        11,         0,   0.540,exact_mw,7fd11737ba5953e5998cf5d5ab7672462ce2ff07a9ab0f8628176a3f70e7a095,"{""distance"":5,""physical_error_rate"":0.05}","{""detection_events"":1193,""detectors_checked"":7168,""obs_mistake_mask=E"":11}"
      1024,         0,         0,   0.053,exact_mw,bb90ec3459e353008cf9a5bb9142bf1e8515517a9e167021b225104594e48e8a,"{""distance"":5,""physical_error_rate"":0.001}","{""detection_events"":1062,""detectors_checked"":229376}"
         1,         0,         0,   0.012,exact_mw,7fd11737ba5953e5998cf5d5ab7672462ce2ff07a9ab0f8628176a3f70e7a095,"{""distance"":5,""physical_error_rate"":0.05}","{""detection_events"":29,""detectors_checked"":224}"
       256,         0,         0,   0.390,exact_mw,38b7ae1c4e8407fc325e0d9e43e9f92ff26dcb3f5cf7b98d24ea74c9e5188d39,"{""distance"":5,""physical_error_rate"":0.005}","{""detection_events"":1157,""detectors_checked"":57344}"
      2048,         0,         0,   0.028,exact_mw,cb12ae119b9b2ba18d0216e7235b403229e92fd0743ede48fe7f1a2c6f45d594,"{""distance"":5,""physical_error_rate"":0.0005}","{""detection_events"":1132,""detectors_checked"":458752}"
     20480,         0,         0,   0.278,exact_mw,70a969f5042aec17ac076c6379f4170fb7c69b8e925756ef3b7334e28a33338b,"{""distance"":5,""physical_error_rate"":0.0001}","{""detection_events"":2028,""detectors_checked"":4587520}"
     40960,         0,         0,   0.779,exact_mw,cb12ae119b9b2ba18d0216e7235b403229e92fd0743ede48fe7f1a2c6f45d594,"{""distance"":5,""physical_error_rate"":0.0005}","{""detection_events"":20036,""detectors_checked"":9175040}"
        64,        30,         0,   0.728,exact_mw,14059eecea5f7bdc562c01e7682d53b775a747f80d40379178915ac673e3b6bb,"{""distance"":5,""physical_error_rate"":0.5}","{""detection_events"":7139,""detectors_checked"":14336,""obs_mistake_mask=E"":30}"
      1024,         0,         0,   0.004,exact_mw,cb12ae119b9b2ba18d0216e7235b403229e92fd0743ede48fe7f1a2c6f45d594,"{""distance"":5,""physical_error_rate"":0.0005}","{""detection_events"":516,""detectors_checked"":229376}"
       128,         2,         0,   0.649,exact_mw,72230d8c06b5a71069df48ede6f7f3e6128cd83e8239dd1b2e5fe023578b6eb1,"{""distance"":5,""physical_error_rate"":0.01}","{""detection_events"":1226,""detectors_checked"":28672,""obs_mistake_mask=E"":2}"
        32,        21,         0,   0.599,exact_mw,14059eecea5f7bdc562c01e7682d53b775a747f80d40379178915ac673e3b6bb,"{""distance"":5,""physical_error_rate"":0.5}","{""detection_events"":3559,""detectors_checked"":7168,""obs_mistake_mask=E"":21}"
        16,         9,         0,   0.322,exact_mw,14059eecea5f7bdc562c01e7682d53b775a747f80d40379178915ac673e3b6bb,"{""distance"":5,""physical_error_rate"":0.5}","{""detection_events"":1808,""detectors_checked"":3584,""obs_mistake_mask=E"":9}"
        32,        18,         0,   0.622,exact_mw,14059eecea5f7bdc562c01e7682d53b775a747f80d40379178915ac673e3b6bb,"{""distance"":5,""physical_error_rate"":0.5}","{""detection_events"":3611,""detectors_checked"":7168,""obs_mistake_mask=E"":18}"
       256,         0,         0,   0.628,exact_mw,38b7ae1c4e8407fc325e0d9e43e9f92ff26dcb3f5cf7b98d24ea74c9e5188d39,"{""distance"":5,""physical_error_rate"":0.005}","{""detection_events"":1188,""detectors_checked"":57344}"
      8192,         0,         0,   0.143,exact_mw,cb12ae119b9b2ba18d0216e7235b403229e92fd0743ede48fe7f1a2c6f45d594,"{""distance"":5,""physical_error_rate"":0.0005}","{""detection_events"":4089,""detectors_checked"":1835008}"
      8192,         0,         0,   0.125,exact_mw,cdc4a450a40af8e24899239080e4c40992fb5baf91c5a31ab3a165eacb3a1ab3,"{""distance"":5,""physical_error_rate"":0.0002}","{""detection_events"":1695,""detectors_checked"":1835008}"
     12288,         0,         0,   0.156,exact_mw,f32ebecd8e105e50ec838d33c5ed9b45444b6b44a3c6ac541111079f2b14e893,"{""distance"":5,""physical_error_rate"":5e-05}","{""detection_events"":680,""detectors_checked"":2752512}"
      5120,         0,         0,   0.211,exact_mw,bb90ec3459e353008cf9a5bb9142bf1e8515517a9e167021b225104594e48e8a,"{""distance"":5,""physical_error_rate"":0.001}","{""detection_events"":5079,""detectors_checked"":1146880}"
    158720,         0,         0,    1.56,exact_mw,bb90ec3459e353008cf9a5bb9142bf1e8515517a9e167021b225104594e48e8a,"{""distance"":5,""physical_error_rate"":0.001}","{""detection_events"":156457,""detectors_checked"":35553280}"
     19456,         0,         0,   0.191,exact_mw,cdc4a450a40af8e24899239080e4c40992fb5baf91c5a31ab3a165eacb3a1ab3,"{""distance"":5,""physical_error_rate"":0.0002}","{""detection_events"":3852,""detectors_checked"":4358144}"
        64,        35,         0,   0.470,exact_mw,d68317bf2f4c69d73359111c5597779a07d8ed85f1f94573f1c8a2f6c683850d,"{""distance"":5,""physical_error_rate"":0.2}","{""detection_events"":5560,""detectors_checked"":14336,""obs_mistake_mask=E"":35}"
        32,        17,         0,   0.378,exact_mw,d68317bf2f4c69d73359111c5597779a07d8ed85f1f94573f1c8a2f6c683850d,"{""distance"":5,""physical_error_rate"":0.2}","{""detection_events"":2715,""detectors_checked"":7168,""obs_mistake_mask=E"":17}"
        64,         0,         0,   0.469,exact_mw,72230d8c06b5a71069df48ede6f7f3e6128cd83e8239dd1b2e5fe023578b6eb1,"{""distance"":5,""physical_error_rate"":0.01}","{""detection_events"":583,""detectors_checked"":14336}"
      9216,         0,         0,   0.435,exact_mw,bb90ec3459e353008cf9a5bb9142bf1e8515517a9e167021b225104594e48e8a,"{""distance"":5,""physical_error_rate"":0.001}","{""detection_events"":9148,""detectors_checked"":2064384}"
      4096,         0,         0,   0.151,exact_mw,bb90ec3459e353008cf9a5bb9142bf1e8515517a9e167021b225104594e48e8a,"{""distance"":5,""physical_error_rate"":0.001}","{""detection_events"":4090,""detectors_checked"":917504}"
      8192,         0,         0,   0.169,exact_mw,cdc4a450a40af8e24899239080e4c40992fb5baf91c5a31ab3a165eacb3a1ab3,"{""distance"":5,""physical_error_rate"":0.0002}","{""detection_events"":1476,""detectors_checked"":1835008}"
      4096,         0,         0,   0.109,exact_mw,cdc4a450a40af8e24899239080e4c40992fb5baf91c5a31ab3a165eacb3a1ab3,"{""distance"":5,""physical_error_rate"":0.0002}","{""detection_events"":807,""detectors_checked"":917504}"
        32,        19,         0,   0.488,exact_mw,d68317bf2f4c69d73359111c5597779a07d8ed85f1f94573f1c8a2f6c683850d,"{""distance"":5,""physical_error_rate"":0.2}","{""detection_events"":2952,""detectors_checked"":7168,""obs_mistake_mask=E"":19}"
      5120,         0,         0,   0.079,exact_mw,cb12ae119b9b2ba18d0216e7235b403229e92fd0743ede48fe7f1a2c6f45d594,"{""distance"":5,""physical_error_rate"":0.0005}","{""detection_events"":2429,""detectors_checked"":1146880}"
        32,         9,         0,   0.351,exact_mw,d68317bf2f4c69d73359111c5597779a07d8ed85f1f94573f1c8a2f6c683850d,"{""distance"":5,""physical_error_rate"":0.2}","{""detection_events"":2946,""detectors_checked"":7168,""obs_mistake_mask=E"":9}"
       128,         0,         0,   0.408,exact_mw,38b7ae1c4e8407fc325e0d9e43e9f92ff26dcb3f5cf7b98d24ea74c9e5188d39,"{""distance"":5,""physical_error_rate"":0.005}","{""detection_events"":645,""detectors_checked"":28672}"
      2048,         0,         0,   0.101,exact_mw,bb90ec3459e353008cf9a5bb9142bf1e8515517a9e167021b225104594e48e8a,"{""distance"":5,""physical_error_rate"":0.001}","{""detection_events"":1947,""detectors_checked"":458752}"
      8192,         0,         0,   0.111,exact_mw,cb12ae119b9b2ba18d0216e7235b403229e92fd0743ede48fe7f1a2c6f45d594,"{""distance"":5,""physical_error_rate"":0.0005}","{""detection_events"":3909,""detectors_checked"":1835008}"
        32,        18,         0,   0.532,exact_mw,7def73f725f8347dc4de7c57664b66d91778cc6018e33f45b3defe89c7a0cfc0,"{""distance"":5,""physical_error_rate"":0.1}","{""detection_events"":1936,""detectors_checked"":7168,""obs_mistake_mask=E"":18}"
     28672,         0,         0,   0.309,exact_mw,f32ebecd8e105e50ec838d33c5ed9b45444b6b44a3c6ac541111079f2b14e893,"{""distance"":5,""physical_error_rate"":5e-05}","{""detection_events"":1362,""detectors_checked"":6422528}"
        64,         0,         0,   0.453,exact_mw,72230d8c06b5a71069df48ede6f7f3e6128cd83e8239dd1b2e5fe023578b6eb1,"{""distance"":5,""physical_error_rate"":0.01}","{""detection_events"":562,""detectors_checked"":14336}"
      3072,         0,         0,   0.540,exact_mw,bb90ec3459e353008cf9a5bb9142bf1e8515517a9e167021b225104594e48e8a,"{""distance"":5,""physical_error_rate"":0.001}","{""detection_events"":3003,""detectors_checked"":688128}"
       256,         0,         0,   0.532,exact_mw,38b7ae1c4e8407fc325e0d9e43e9f92ff26dcb3f5cf7b98d24ea74c9e5188d39,"{""distance"":5,""physical_error_rate"":0.005}","{""detection_events"":1196,""detectors_checked"":57344}"
      7168,         0,         0,   0.312,exact_mw,bb90ec3459e353008cf9a5bb9142bf1e8515517a9e167021b225104594e48e8a,"{""distance"":5,""physical_error_rate"":0.001}","{""detection_events"":6959,""detectors_checked"":1605632}"
     40960,         0,         0,   0.546,exact_mw,70a969f5042aec17ac076c6379f4170fb7c69b8e925756ef3b7334e28a33338b,"{""distance"":5,""physical_error_rate"":0.0001}","{""detection_events"":4139,""detectors_checked"":9175040}"
     19456,         0,         0,   0.268,exact_mw,f32ebecd8e105e50ec838d33c5ed9b45444b6b44a3c6ac541111079f2b14e893,"{""distance"":5,""physical_error_rate"":5e-05}","{""detection_events"":1000,""detectors_checked"":4358144}"
        16,         5,         0,   0.260,exact_mw,d68317bf2f4c69d73359111c5597779a07d8ed85f1f94573f1c8a2f6c683850d,"{""distance"":5,""physical_error_rate"":0.2}","{""detection_events"":1427,""detectors_checked"":3584,""obs_mistake_mask=E"":5}"
      1024,         0,         0,   0.249,exact_mw,3208f56225bbcac0e2804eb6f92d0a8b681652a702ca1ec920ccd7367f0e0899,"{""distance"":5,""physical_error_rate"":0.002}","{""detection_events"":1988,""detectors_checked"":229376}"
      5120,         0,         0,   0.104,exact_mw,cb12ae119b9b2ba18d0216e7235b403229e92fd0743ede48fe7f1a2c6f45d594,"{""distance"":5,""physical_error_rate"":0.0005}","{""detection_events"":2417,""detectors_checked"":1146880}"
      3072,         0,         0,   0.641,exact_mw,3208f56225bbcac0e2804eb6f92d0a8b681652a702ca1ec920ccd7367f0e0899,"{""distance"":5,""physical_error_rate"":0.002}","{""detection_events"":5838,""detectors_checked"":688128}"
        32,        13,         0,   0.458,exact_mw,7def73f725f8347dc4de7c57664b66d91778cc6018e33f45b3defe89c7a0cfc0,"{""distance"":5,""physical_error_rate"":0.1}","{""detection_events"":2004,""detectors_checked"":7168,""obs_mistake_mask=E"":13}"
      2048,         0,         0,   0.102,exact_mw,bb90ec3459e353008cf9a5bb9142bf1e8515517a9e167021b225104594e48e8a,"{""distance"":5,""physical_error_rate"":0.001}","{""detection_events"":1986,""detectors_checked"":458752}"
    103424,         0,         0,    1.48,exact_mw,cb12ae119b9b2ba18d0216e7235b403229e92fd0743ede48fe7f1a2c6f45d594,"{""distance"":5,""physical_error_rate"":0.0005}","{""detection_events"":50771,""detectors_checked"":23166976}"
       128,         3,         0,   0.817,exact_mw,72230d8c06b5a71069df48ede6f7f3e6128cd83e8239dd1b2e5fe023578b6eb1,"{""distance"":5,""physical_error_rate"":0.01}","{""detection_events"":1146,""detectors_checked"":28672,""obs_mistake_mask=E"":3}"
      2048,         0,         0,   0.447,exact_mw,3208f56225bbcac0e2804eb6f92d0a8b681652a702ca1ec920ccd7367f0e0899,"{""distance"":5,""physical_error_rate"":0.002}","{""detection_events"":4014,""detectors_checked"":458752}"
        32,        17,         0,   0.661,exact_mw,14059eecea5f7bdc562c01e7682d53b775a747f80d40379178915ac673e3b6bb,"{""distance"":5,""physical_error_rate"":0.5}","{""detection_events"":3580,""detectors_checked"":7168,""obs_mistake_mask=E"":17}"
      1024,         1,         0,   0.224,exact_mw,3208f56225bbcac0e2804eb6f92d0a8b681652a702ca1ec920ccd7367f0e0899,"{""distance"":5,""physical_error_rate"":0.002}","{""detection_events"":1997,""detectors_checked"":229376,""obs_mistake_mask=E"":1}"
        32,         1,         0,   0.293,exact_mw,7b4896c0e7f0a510554d89637fd747b157418067a95869d1f0661294d473d1dc,"{""distance"":5,""physical_error_rate"":0.02}","{""detection_events"":548,""detectors_checked"":7168,""obs_mistake_mask=E"":1}"
      9216,         0,         0,   0.190,exact_mw,cb12ae119b9b2ba18d0216e7235b403229e92fd0743ede48fe7f1a2c6f45d594,"{""distance"":5,""physical_error_rate"":0.0005}","{""detection_events"":4442,""detectors_checked"":2064384}"
     10240,         0,         0,   0.150,exact_mw,cdc4a450a40af8e24899239080e4c40992fb5baf91c5a31ab3a165eacb3a1ab3,"{""distance"":5,""physical_error_rate"":0.0002}","{""detection_events"":2086,""detectors_checked"":2293760}"
        32,        14,         0,   0.588,exact_mw,7def73f725f8347dc4de7c57664b66d91778cc6018e33f45b3defe89c7a0cfc0,"{""distance"":5,""physical_error_rate"":0.1}","{""detection_events"":1935,""detectors_checked"":7168,""obs_mistake_mask=E"":14}"
        16,         3,         0,   0.247,exact_mw,7fd11737ba5953e5998cf5d5ab7672462ce2ff07a9ab0f8628176a3f70e7a095,"{""distance"":5,""physical_error_rate"":0.05}","{""detection_events"":609,""detectors_checked"":3584,""obs_mistake_mask=E"":3}"
     21504,         0,         0,   0.311,exact_mw,cdc4a450a40af8e24899239080e4c40992fb5baf91c5a31ab3a165eacb3a1ab3,"{""distance"":5,""physical_error_rate"":0.0002}","{""detection_events"":4275,""detectors_checked"":4816896}"
      5120,         0,         0,   0.870,exact_mw,3208f56225bbcac0e2804eb6f92d0a8b681652a702ca1ec920ccd7367f0e0899,"{""distance"":5,""physical_error_rate"":0.002}","{""detection_events"":10197,""detectors_checked"":1146880}"
     15360,         0,         0,   0.199,exact_mw,f32ebecd8e105e50ec838d33c5ed9b45444b6b44a3c6ac541111079f2b14e893,"{""distance"":5,""physical_error_rate"":5e-05}","{""detection_events"":804,""detectors_checked"":3440640}"
     12288,         0,         0,   0.187,exact_mw,cdc4a450a40af8e24899239080e4c40992fb5baf91c5a31ab3a165eacb3a1ab3,"{""distance"":5,""physical_error_rate"":0.0002}","{""detection_events"":2517,""detectors_checked"":2752512}"
     31744,         0,         0,   0.398,exact_mw,f32ebecd8e105e50ec838d33c5ed9b45444b6b44a3c6ac541111079f2b14e893,"{""distance"":5,""physical_error_rate"":5e-05}","{""detection_events"":1532,""detectors_checked"":7110656}"
       256,         0,         0,   0.527,exact_mw,38b7ae1c4e8407fc325e0d9e43e9f92ff26dcb3f5cf7b98d24ea74c9e5188d39,"{""distance"":5,""physical_error_rate"":0.005}","{""detection_events"":1275,""detectors_checked"":57344}"
      1024,         0,         0,   0.273,exact_mw,3208f56225bbcac0e2804eb6f92d0a8b681652a702ca1ec920ccd7367f0e0899,"{""distance"":5,""physical_error_rate"":0.002}","{""detection_events"":2086,""detectors_checked"":229376}"
      4096,         0,         0,   0.174,exact_mw,bb90ec3459e353008cf9a5bb9142bf1e8515517a9e167021b225104594e48e8a,"{""distance"":5,""physical_error_rate"":0.001}","{""detection_events"":4134,""detectors_checked"":917504}"
        32,        19,         0,   0.617,exact_mw,d68317bf2f4c69d73359111c5597779a07d8ed85f1f94573f1c8a2f6c683850d,"{""distance"":5,""physical_error_rate"":0.2}","{""detection_events"":2906,""detectors_checked"":7168,""obs_mistake_mask=E"":19}"
        16,        10,         0,   0.263,exact_mw,14059eecea5f7bdc562c01e7682d53b775a747f80d40379178915ac673e3b6bb,"{""distance"":5,""physical_error_rate"":0.5}","{""detection_events"":1799,""detectors_checked"":3584,""obs_mistake_mask=E"":10}"
      9216,         0,         0,   0.208,exact_mw,cdc4a450a40af8e24899239080e4c40992fb5baf91c5a31ab3a165eacb3a1ab3,"{""distance"":5,""physical_error_rate"":0.0002}","{""detection_events"":1780,""detectors_checked"":2064384}"
        32,        15,         0,   0.464,exact_mw,d68317bf2f4c69d73359111c5597779a07d8ed85f1f94573f1c8a2f6c683850d,"{""distance"":5,""physical_error_rate"":0.2}","{""detection_events"":2839,""detectors_checked"":7168,""obs_mistake_mask=E"":15}"
      8192,         0,         0,   0.127,exact_mw,cb12ae119b9b2ba18d0216e7235b403229e92fd0743ede48fe7f1a2c6f45d594,"{""distance"":5,""physical_error_rate"":0.0005}","{""detection_events"":4146,""detectors_checked"":1835008}"
        64,         0,         0,   0.244,exact_mw,72230d8c06b5a71069df48ede6f7f3e6128cd83e8239dd1b2e5fe023578b6eb1,"{""distance"":5,""physical_error_rate"":0.01}","{""detection_events"":619,""detectors_checked"":14336}"
        32,         6,         0,   0.427,exact_mw,7fd11737ba5953e5998cf5d5ab7672462ce2ff07a9ab0f8628176a3f70e7a095,"{""distance"":5,""physical_error_rate"":0.05}","{""detection_events"":1257,""detectors_checked"":7168,""obs_mistake_mask=E"":6}"
         1,         0,         0,   0.006,exact_mw,3208f56225bbcac0e2804eb6f92d0a8b681652a702ca1ec920ccd7367f0e0899,"{""distance"":5,""physical_error_rate"":0.002}","{""detection_events"":3,""detectors_checked"":224}"
      6144,         0,         0,   0.267,exact_mw,bb90ec3459e353008cf9a5bb9142bf1e8515517a9e167021b225104594e48e8a,"{""distance"":5,""physical_error_rate"":0.001}","{""detection_events"":5817,""detectors_checked"":1376256}"
         1,         0,         0,   0.016,exact_mw,72230d8c06b5a71069df48ede6f7f3e6128cd83e8239dd1b2e5fe023578b6eb1,"{""distance"":5,""physical_error_rate"":0.01}","{""detection_events"":13,""detectors_checked"":224}"
        32,         7,         0,   0.443,exact_mw,7fd11737ba5953e5998cf5d5ab7672462ce2ff07a9ab0f8628176a3f70e7a095,"{""distance"":5,""physical_error_rate"":0.05}","{""detection_events"":1246,""detectors_checked"":7168,""obs_mistake_mask=E"":7}"
      9216,         0,         0,   0.224,exact_mw,cb12ae119b9b2ba18d0216e7235b403229e92fd0743ede48fe7f1a2c6f45d594,"{""distance"":5,""physical_error_rate"":0.0005}","{""detection_events"":4581,""detectors_checked"":2064384}"
       256,         1,         0,   0.333,exact_mw,38b7ae1c4e8407fc325e0d9e43e9f92ff26dcb3f5cf7b98d24ea74c9e5188d39,"{""distance"":5,""physical_error_rate"":0.005}","{""detection_events"":1186,""detectors_checked"":57344,""obs_mistake_mask=E"":1}"
        32,         8,         0,   0.445,exact_mw,7fd11737ba5953e5998cf5d5ab7672462ce2ff07a9ab0f8628176a3f70e7a095,"{""distance"":5,""physical_error_rate"":0.05}","{""detection_events"":1244,""detectors_checked"":7168,""obs_mistake_mask=E"":8}"
         1,         0,         0,   0.010,exact_mw,14059eecea5f7bdc562c01e7682d53b775a747f80d40379178915ac673e3b6bb,"{""distance"":5,""physical_error_rate"":0.5}","{""detection_events"":115,""detectors_checked"":224}"
      3072,         0,         0,   0.146,exact_mw,bb90ec3459e353008cf9a5bb9142bf1e8515517a9e167021b225104594e48e8a,"{""distance"":5,""physical_error_rate"":0.001}","{""detection_events"":2819,""detectors_checked"":688128}"
     52224,         0,         0,   0.574,exact_mw,70a969f5042aec17ac076c6379f4170fb7c69b8e925756ef3b7334e28a33338b,"{""distance"":5,""physical_error_rate"":0.0001}","{""detection_events"":5153,""detectors_checked"":11698176}"
       256,         0,         0,   0.532,exact_mw,38b7ae1c4e8407fc325e0d9e43e9f92ff26dcb3f5cf7b98d24ea74c9e5188d39,"{""distance"":5,""physical_error_rate"":0.005}","{""detection_events"":1247,""detectors_checked"":57344}"
       256,         0,         0,   0.411,exact_mw,38b7ae1c4e8407fc325e0d9e43e9f92ff26dcb3f5cf7b98d24ea74c9e5188d39,"{""distance"":5,""physical_error_rate"":0.005}","{""detection_events"":1161,""detectors_checked"":57344}"
     29696,         0,         0,   0.305,exact_mw,cdc4a450a40af8e24899239080e4c40992fb5baf91c5a31ab3a165eacb3a1ab3,"{""distance"":5,""physical_error_rate"":0.0002}","{""detection_events"":5932,""detectors_checked"":6651904}"
        32,        15,         0,   0.506,exact_mw,14059eecea5f7bdc562c01e7682d53b775a747f80d40379178915ac673e3b6bb,"{""distance"":5,""physical_error_rate"":0.5}","{""detection_events"":3589,""detectors_checked"":7168,""obs_mistake_mask=E"":15}"
        32,        14,         0,   0.651,exact_mw,d68317bf2f4c69d73359111c5597779a07d8ed85f1f94573f1c8a2f6c683850d,"{""distance"":5,""physical_error_rate"":0.2}","{""detection_events"":2832,""detectors_checked"":7168,""obs_mistake_mask=E"":14}"
     35840,         0,         0,   0.583,exact_mw,cdc4a450a40af8e24899239080e4c40992fb5baf91c5a31ab3a165eacb3a1ab3,"{""distance"":5,""physical_error_rate"":0.0002}","{""detection_events"":6915,""detectors_checked"":8028160}"
     25600,         0,         0,   0.359,exact_mw,70a969f5042aec17ac076c6379f4170fb7c69b8e925756ef3b7334e28a33338b,"{""distance"":5,""physical_error_rate"":0.0001}","{""detection_events"":2579,""detectors_checked"":5734400}"
       272,         0,         0,   0.042,exact_mw,3208f56225bbcac0e2804eb6f92d0a8b681652a702ca1ec920ccd7367f0e0899,"{""distance"":5,""physical_error_rate"":0.002}","{""detection_events"":554,""detectors_checked"":60928}"
        16,         0,         0,   0.064,exact_mw,72230d8c06b5a71069df48ede6f7f3e6128cd83e8239dd1b2e5fe023578b6eb1,"{""distance"":5,""physical_error_rate"":0.01}","{""detection_events"":169,""detectors_checked"":3584}"
        32,        16,         0,   0.629,exact_mw,7def73f725f8347dc4de7c57664b66d91778cc6018e33f45b3defe89c7a0cfc0,"{""distance"":5,""physical_error_rate"":0.1}","{""detection_events"":2052,""detectors_checked"":7168,""obs_mistake_mask=E"":16}"
       512,         0,         0,    1.01,exact_mw,38b7ae1c4e8407fc325e0d9e43e9f92ff26dcb3f5cf7b98d24ea74c9e5188d39,"{""distance"":5,""physical_error_rate"":0.005}","{""detection_events"":2518,""detectors_checked"":114688}"
      3072,         0,         0,   0.785,exact_mw,3208f56225bbcac0e2804eb6f92d0a8b681652a702ca1ec920ccd7367f0e0899,"{""distance"":5,""physical_error_rate"":0.002}","{""detection_events"":5929,""detectors_checked"":688128}"
       128,         0,         0,   0.337,exact_mw,38b7ae1c4e8407fc325e0d9e43e9f92ff26dcb3f5cf7b98d24ea74c9e5188d39,"{""distance"":5,""physical_error_rate"":0.005}","{""detection_events"":557,""detectors_checked"":28672}"
     14336,         0,         0,   0.190,exact_mw,cdc4a450a40af8e24899239080e4c40992fb5baf91c5a31ab3a165eacb3a1ab3,"{""distance"":5,""physical_error_rate"":0.0002}","{""detection_events"":2796,""detectors_checked"":3211264}"
      1024,         0,         0,   0.143,exact_mw,3208f56225bbcac0e2804eb6f92d0a8b681652a702ca1ec920ccd7367f0e0899,"{""distance"":5,""physical_error_rate"":0.002}","{""detection_events"":2076,""detectors_checked"":229376}"
        32,        10,         0,   0.572,exact_mw,7def73f725f8347dc4de7c57664b66d91778cc6018e33f45b3defe89c7a0cfc0,"{""distance"":5,""physical_error_rate"":0.1}","{""detection_events"":1970,""detectors_checked"":7168,""obs_mistake_mask=E"":10}"
      1024,         0,         0,   0.234,exact_mw,3208f56225bbcac0e2804eb6f92d0a8b681652a702ca1ec920ccd7367f0e0899,"{""distance"":5,""physical_error_rate"":0.002}","{""detection_events"":2076,""detectors_checked"":229376}"
        32,        16,         0,   0.484,exact_mw,7def73f725f8347dc4de7c57664b66d91778cc6018e33f45b3defe89c7a0cfc0,"{""distance"":5,""physical_error_rate"":0.1}","{""detection_events"":2006,""detectors_checked"":7168,""obs_mistake_mask=E"":16}"
        64,         3,         0,   0.754,exact_mw,7b4896c0e7f0a510554d89637fd747b157418067a95869d1f0661294d473d1dc,"{""distance"":5,""physical_error_rate"":0.02}","{""detection_events"":1152,""detectors_checked"":14336,""obs_mistake_mask=E"":3}"
     45056,         0,         0,   0.781,exact_mw,cb12ae119b9b2ba18d0216e7235b403229e92fd0743ede48fe7f1a2c6f45d594,"{""distance"":5,""physical_error_rate"":0.0005}","{""detection_events"":21682,""detectors_checked"":10092544}"
      7168,         0,         0,   0.150,exact_mw,cb12ae119b9b2ba18d0216e7235b403229e92fd0743ede48fe7f1a2c6f45d594,"{""distance"":5,""physical_error_rate"":0.0005}","{""detection_events"":3914,""detectors_checked"":1605632}"
     32768,         0,         0,   0.561,exact_mw,70a969f5042aec17ac076c6379f4170fb7c69b8e925756ef3b7334e28a33338b,"{""distance"":5,""physical_error_rate"":0.0001}","{""detection_events"":3132,""detectors_checked"":7340032}"
        32,        19,         0,   0.527,exact_mw,14059eecea5f7bdc562c01e7682d53b775a747f80d40379178915ac673e3b6bb,"{""distance"":5,""physical_error_rate"":0.5}","{""detection_events"":3614,""detectors_checked"":7168,""obs_mistake_mask=E"":19}"
        32,         3,         0,   0.625,exact_mw,7fd11737ba5953e5998cf5d5ab7672462ce2ff07a9ab0f8628176a3f70e7a095,"{""distance"":5,""physical_error_rate"":0.05}","{""detection_events"":1254,""detectors_checked"":7168,""obs_mistake_mask=E"":3}"
        32,         1,         0,   0.501,exact_mw,7fd11737ba5953e5998cf5d5ab7672462ce2ff07a9ab0f8628176a3f70e7a095,"{""distance"":5,""physical_error_rate"":0.05}","{""detection_events"":1243,""detectors_checked"":7168,""obs_mistake_mask=E"":1}"
      1024,         0,         0,   0.153,exact_mw,bb90ec3459e353008cf9a5bb9142bf1e8515517a9e167021b225104594e48e8a,"{""distance"":5,""physical_error_rate"":0.001}","{""detection_events"":1002,""detectors_checked"":229376}"
      1024,         0,         0,   0.320,exact_mw,3208f56225bbcac0e2804eb6f92d0a8b681652a702ca1ec920ccd7367f0e0899,"{""distance"":5,""physical_error_rate"":0.002}","{""detection_events"":2159,""detectors_checked"":229376}"
        32,        14,         0,   0.430,exact_mw,d68317bf2f4c69d73359111c5597779a07d8ed85f1f94573f1c8a2f6c683850d,"{""distance"":5,""physical_error_rate"":0.2}","{""detection_events"":2831,""detectors_checked"":7168,""obs_mistake_mask=E"":14}"
        64,         4,         0,   0.747,exact_mw,7b4896c0e7f0a510554d89637fd747b157418067a95869d1f0661294d473d1dc,"{""distance"":5,""physical_error_rate"":0.02}","{""detection_events"":1127,""detectors_checked"":14336,""obs_mistake_mask=E"":4}"
     24576,         0,         0,   0.249,exact_mw,cdc4a450a40af8e24899239080e4c40992fb5baf91c5a31ab3a165eacb3a1ab3,"{""distance"":5,""physical_error_rate"":0.0002}","{""detection_events"":4880,""detectors_checked"":5505024}"
      7168,         0,         0,   0.261,exact_mw,bb90ec3459e353008cf9a5bb9142bf1e8515517a9e167021b225104594e48e8a,"{""distance"":5,""physical_error_rate"":0.001}","{""detection_events"":6951,""detectors_checked"":1605632}"
     28672,         0,         0,   0.395,exact_mw,f32ebecd8e105e50ec838d33c5ed9b45444b6b44a3c6ac541111079f2b14e893,"{""distance"":5,""physical_error_rate"":5e-05}","{""detection_events"":1454,""detectors_checked"":6422528}"
     14336,         0,         0,   0.269,exact_mw,cb12ae119b9b2ba18d0216e7235b403229e92fd0743ede48fe7f1a2c6f45d594,"{""distance"":5,""physical_error_rate"":0.0005}","{""detection_events"":7128,""detectors_checked"":3211264}"
        32,        16,         0,   0.354,exact_mw,7def73f725f8347dc4de7c57664b66d91778cc6018e33f45b3defe89c7a0cfc0,"{""distance"":5,""physical_error_rate"":0.1}","{""detection_events"":2000,""detectors_checked"":7168,""obs_mistake_mask=E"":16}"
       512,         1,         0,   0.802,exact_mw,38b7ae1c4e8407fc325e0d9e43e9f92ff26dcb3f5cf7b98d24ea74c9e5188d39,"{""distance"":5,""physical_error_rate"":0.005}","{""detection_events"":2449,""detectors_checked"":114688,""obs_mistake_mask=E"":1}"
        64,        12,         0,   0.938,exact_mw,7fd11737ba5953e5998cf5d5ab7672462ce2ff07a9ab0f8628176a3f70e7a095,"{""distance"":5,""physical_error_rate"":0.05}","{""detection_events"":2467,""detectors_checked"":14336,""obs_mistake_mask=E"":12}"
      8192,         0,         0,   0.400,exact_mw,bb90ec3459e353008cf9a5bb9142bf1e8515517a9e167021b225104594e48e8a,"{""distance"":5,""physical_error_rate"":0.001}","{""detection_events"":8087,""detectors_checked"":1835008}"
     25600,         0,         0,   0.258,exact_mw,f32ebecd8e105e50ec838d33c5ed9b45444b6b44a3c6ac541111079f2b14e893,"{""distance"":5,""physical_error_rate"":5e-05}","{""detection_events"":1271,""detectors_checked"":5734400}"
     28672,         0,         0,   0.373,exact_mw,f32ebecd8e105e50ec838d33c5ed9b45444b6b44a3c6ac541111079f2b14e893,"{""distance"":5,""physical_error_rate"":5e-05}","{""detection_events"":1549,""detectors_checked"":6422528}"
      1024,         0,         0,   0.136,exact_mw,3208f56225bbcac0e2804eb6f92d0a8b681652a702ca1ec920ccd7367f0e0899,"{""distance"":5,""physical_error_rate"":0.002}","{""detection_events"":1940,""detectors_checked"":229376}"
     21504,         0,         0,   0.269,exact_mw,cdc4a450a40af8e24899239080e4c40992fb5baf91c5a31ab3a165eacb3a1ab3,"{""distance"":5,""physical_error_rate"":0.0002}","{""detection_events"":4284,""detectors_checked"":4816896}"
      2048,         0,         0,   0.387,exact_mw,3208f56225bbcac0e2804eb6f92d0a8b681652a702ca1ec920ccd7367f0e0899,"{""distance"":5,""physical_error_rate"":0.002}","{""detection_events"":3986,""detectors_checked"":458752}"
        16,         8,         0,   0.254,exact_mw,14059eecea5f7bdc562c01e7682d53b775a747f80d40379178915ac673e3b6bb,"{""distance"":5,""physical_error_rate"":0.5}","{""detection_events"":1780,""detectors_checked"":3584,""obs_mistake_mask=E"":8}"
        32,        14,         0,   0.581,exact_mw,14059eecea5f7bdc562c01e7682d53b775a747f80d40379178915ac673e3b6bb,"{""distance"":5,""physical_error_rate"":0.5}","{""detection_events"":3547,""detectors_checked"":7168,""obs_mistake_mask=E"":14}"
        32,        12,         0,   0.348,exact_mw,7fd11737ba5953e5998cf5d5ab7672462ce2ff07a9ab0f8628176a3f70e7a095,"{""distance"":5,""physical_error_rate"":0.05}","{""detection_events"":1275,""detectors_checked"":7168,""obs_mistake_mask=E"":12}"
     67584,         0,         0,   0.807,exact_mw,f32ebecd8e105e50ec838d33c5ed9b45444b6b44a3c6ac541111079f2b14e893,"{""distance"":5,""physical_error_rate"":5e-05}","{""detection_events"":3442,""detectors_checked"":15138816}"
        32,        15,         0,   0.560,exact_mw,d68317bf2f4c69d73359111c5597779a07d8ed85f1f94573f1c8a2f6c683850d,"{""distance"":5,""physical_error_rate"":0.2}","{""detection_events"":2783,""detectors_checked"":7168,""obs_mistake_mask=E"":15}"
        32,        14,         0,   0.636,exact_mw,14059eecea5f7bdc562c01e7682d53b775a747f80d40379178915ac673e3b6bb,"{""distance"":5,""physical_error_rate"":0.5}","{""detection_events"":3626,""detectors_checked"":7168,""obs_mistake_mask=E"":14}"
     14336,         0,         0,   0.277,exact_mw,cb12ae119b9b2ba18d0216e7235b403229e92fd0743ede48fe7f1a2c6f45d594,"{""distance"":5,""physical_error_rate"":0.0005}","{""detection_events"":6764,""detectors_checked"":3211264}"
        64,         0,         0,   0.505,exact_mw,72230d8c06b5a71069df48ede6f7f3e6128cd83e8239dd1b2e5fe023578b6eb1,"{""distance"":5,""physical_error_rate"":0.01}","{""detection_events"":619,""detectors_checked"":14336}"
     12288,         0,         0,   0.586,exact_mw,bb90ec3459e353008cf9a5bb9142bf1e8515517a9e167021b225104594e48e8a,"{""distance"":5,""physical_error_rate"":0.001}","{""detection_events"":11901,""detectors_checked"":2752512}"
      9216,         0,         0,   0.407,exact_mw,cdc4a450a40af8e24899239080e4c40992fb5baf91c5a31ab3a165eacb3a1ab3,"{""distance"":5,""physical_error_rate"":0.0002}","{""detection_events"":1833,""detectors_checked"":2064384}"
      8192,         0,         0,   0.199,exact_mw,cb12ae119b9b2ba18d0216e7235b403229e92fd0743ede48fe7f1a2c6f45d594,"{""distance"":5,""physical_error_rate"":0.0005}","{""detection_events"":4234,""detectors_checked"":1835008}"
        32,        14,         0,   0.490,exact_mw,d68317bf2f4c69d73359111c5597779a07d8ed85f1f94573f1c8a2f6c683850d,"{""distance"":5,""physical_error_rate"":0.2}","{""detection_events"":2840,""detectors_checked"":7168,""obs_mistake_mask=E"":14}"
        32,        16,         0,   0.453,exact_mw,7def73f725f8347dc4de7c57664b66d91778cc6018e33f45b3defe89c7a0cfc0,"{""distance"":5,""physical_error_rate"":0.1}","{""detection_events"":1959,""detectors_checked"":7168,""obs_mistake_mask=E"":16}"
       256,         0,         0,   0.405,exact_mw,38b7ae1c4e8407fc325e0d9e43e9f92ff26dcb3f5cf7b98d24ea74c9e5188d39,"{""distance"":5,""physical_error_rate"":0.005}","{""detection_events"":1196,""detectors_checked"":57344}"
    246784,         0,         0,    1.54,exact_mw,70a969f5042aec17ac076c6379f4170fb7c69b8e925756ef3b7334e28a33338b,"{""distance"":5,""physical_error_rate"":0.0001}","{""detection_events"":24730,""detectors_checked"":55279616}"
       256,         1,         0,   0.631,exact_mw,38b7ae1c4e8407fc325e0d9e43e9f92ff26dcb3f5cf7b98d24ea74c9e5188d39,"{""distance"":5,""physical_error_rate"":0.005}","{""detection_events"":1158,""detectors_checked"":57344,""obs_mistake_mask=E"":1}"
        32,        19,         0,   0.609,exact_mw,7def73f725f8347dc4de7c57664b66d91778cc6018e33f45b3defe89c7a0cfc0,"{""distance"":5,""physical_error_rate"":0.1}","{""detection_events"":2066,""detectors_checked"":7168,""obs_mistake_mask=E"":19}"
       256,         0,         0,   0.376,exact_mw,38b7ae1c4e8407fc325e0d9e43e9f92ff26dcb3f5cf7b98d24ea74c9e5188d39,"{""distance"":5,""physical_error_rate"":0.005}","{""detection_events"":1202,""detectors_checked"":57344}"
      1024,         0,         0,   0.306,exact_mw,3208f56225bbcac0e2804eb6f92d0a8b681652a702ca1ec920ccd7367f0e0899,"{""distance"":5,""physical_error_rate"":0.002}","{""detection_events"":2007,""detectors_checked"":229376}"
     19456,         0,         0,   0.268,exact_mw,cdc4a450a40af8e24899239080e4c40992fb5baf91c5a31ab3a165eacb3a1ab3,"{""distance"":5,""physical_error_rate"":0.0002}","{""detection_events"":4015,""detectors_checked"":4358144}"
      1024,         0,         0,   0.227,exact_mw,bb90ec3459e353008cf9a5bb9142bf1e8515517a9e167021b225104594e48e8a,"{""distance"":5,""physical_error_rate"":0.001}","{""detection_events"":1030,""detectors_checked"":229376}"
        64,        26,         0,   0.685,exact_mw,d68317bf2f4c69d73359111c5597779a07d8ed85f1f94573f1c8a2f6c683850d,"{""distance"":5,""physical_error_rate"":0.2}","{""detection_events"":5710,""detectors_checked"":14336,""obs_mistake_mask=E"":26}"
      8192,         0,         0,   0.414,exact_mw,bb90ec3459e353008cf9a5bb9142bf1e8515517a9e167021b225104594e48e8a,"{""distance"":5,""physical_error_rate"":0.001}","{""detection_events"":8089,""detectors_checked"":1835008}"
      1024,         0,         0,   0.295,exact_mw,3208f56225bbcac0e2804eb6f92d0a8b681652a702ca1ec920ccd7367f0e0899,"{""distance"":5,""physical_error_rate"":0.002}","{""detection_events"":2014,""detectors_checked"":229376}"
     32768,         0,         0,    1.56,exact_mw,bb90ec3459e353008cf9a5bb9142bf1e8515517a9e167021b225104594e48e8a,"{""distance"":5,""physical_error_rate"":0.001}","{""detection_events"":32482,""detectors_checked"":7340032}"
     60416,         0,         0,   0.785,exact_mw,70a969f5042aec17ac076c6379f4170fb7c69b8e925756ef3b7334e28a33338b,"{""distance"":5,""physical_error_rate"":0.0001}","{""detection_events"":6017,""detectors_checked"":13533184}"
     37888,         0,         0,   0.380,exact_mw,cdc4a450a40af8e24899239080e4c40992fb5baf91c5a31ab3a165eacb3a1ab3,"{""distance"":5,""physical_error_rate"":0.0002}","{""detection_events"":7625,""detectors_checked"":8486912}"
       256,         0,         0,   0.430,exact_mw,38b7ae1c4e8407fc325e0d9e43e9f92ff26dcb3f5cf7b98d24ea74c9e5188d39,"{""distance"":5,""physical_error_rate"":0.005}","{""detection_events"":1250,""detectors_checked"":57344}"
       256,         0,         0,   0.616,exact_mw,38b7ae1c4e8407fc325e0d9e43e9f92ff26dcb3f5cf7b98d24ea74c9e5188d39,"{""distance"":5,""physical_error_rate"":0.005}","{""detection_events"":1214,""detectors_checked"":57344}"
       256,         0,         0,   0.415,exact_mw,38b7ae1c4e8407fc325e0d9e43e9f92ff26dcb3f5cf7b98d24ea74c9e5188d39,"{""distance"":5,""physical_error_rate"":0.005}","{""detection_events"":1307,""detectors_checked"":57344}"
        32,        13,         0,   0.433,exact_mw,7fd11737ba5953e5998cf5d5ab7672462ce2ff07a9ab0f8628176a3f70e7a095,"{""distance"":5,""physical_error_rate"":0.05}","{""detection_events"":1272,""detectors_checked"":7168,""obs_mistake_mask=E"":13}"
       128,         2,         0,   0.999,exact_mw,72230d8c06b5a71069df48ede6f7f3e6128cd83e8239dd1b2e5fe023578b6eb1,"{""distance"":5,""physical_error_rate"":0.01}","{""detection_events"":1278,""detectors_checked"":28672,""obs_mistake_mask=E"":2}"
         1,         0,         0,   0.009,exact_mw,72230d8c06b5a71069df48ede6f7f3e6128cd83e8239dd1b2e5fe023578b6eb1,"{""distance"":5,""physical_error_rate"":0.01}","{""detection_events"":10,""detectors_checked"":224}"
       128,         1,         0,   0.485,exact_mw,72230d8c06b5a71069df48ede6f7f3e6128cd83e8239dd1b2e5fe023578b6eb1,"{""distance"":5,""physical_error_rate"":0.01}","{""detection_events"":1068,""detectors_checked"":28672,""obs_mistake_mask=E"":1}"
        32,        10,         0,   0.500,exact_mw,d68317bf2f4c69d73359111c5597779a07d8ed85f1f94573f1c8a2f6c683850d,"{""distance"":5,""physical_error_rate"":0.2}","{""detection_events"":2803,""detectors_checked"":7168,""obs_mistake_mask=E"":10}"
      1024,         0,         0,   0.218,exact_mw,3208f56225bbcac0e2804eb6f92d0a8b681652a702ca1ec920ccd7367f0e0899,"{""distance"":5,""physical_error_rate"":0.002}","{""detection_events"":1969,""detectors_checked"":229376}"
        32,        12,         0,   0.517,exact_mw,14059eecea5f7bdc562c01e7682d53b775a747f80d40379178915ac673e3b6bb,"{""distance"":5,""physical_error_rate"":0.5}","{""detection_events"":3541,""detectors_checked"":7168,""obs_mistake_mask=E"":12}"
        32,        16,         0,   0.520,exact_mw,d68317bf2f4c69d73359111c5597779a07d8ed85f1f94573f1c8a2f6c683850d,"{""distance"":5,""physical_error_rate"":0.2}","{""detection_events"":2858,""detectors_checked"":7168,""obs_mistake_mask=E"":16}"
        32,         3,         0,   0.487,exact_mw,7fd11737ba5953e5998cf5d5ab7672462ce2ff07a9ab0f8628176a3f70e7a095,"{""distance"":5,""physical_error_rate"":0.05}","{""detection_events"":1265,""detectors_checked"":7168,""obs_mistake_mask=E"":3}"
      3072,         0,         0,   0.682,exact_mw,bb90ec3459e353008cf9a5bb9142bf1e8515517a9e167021b225104594e48e8a,"{""distance"":5,""physical_error_rate"":0.001}","{""detection_events"":2988,""detectors_checked"":688128}"
         1,         0,         0,   0.008,exact_mw,7def73f725f8347dc4de7c57664b66d91778cc6018e33f45b3defe89c7a0cfc0,"{""distance"":5,""physical_error_rate"":0.1}","{""detection_events"":59,""detectors_checked"":224}"
     58368,         0,         0,   0.565,exact_mw,f32ebecd8e105e50ec838d33c5ed9b45444b6b44a3c6ac541111079f2b14e893,"{""distance"":5,""physical_error_rate"":5e-05}","{""detection_events"":2643,""detectors_checked"":13074432}"
     90112,         0,         0,    1.08,exact_mw,f32ebecd8e105e50ec838d33c5ed9b45444b6b44a3c6ac541111079f2b14e893,"{""distance"":5,""physical_error_rate"":5e-05}","{""detection_events"":4740,""detectors_checked"":20185088}"
        64,         1,         0,   0.629,exact_mw,7b4896c0e7f0a510554d89637fd747b157418067a95869d1f0661294d473d1dc,"{""distance"":5,""physical_error_rate"":0.02}","{""detection_events"":1135,""detectors_checked"":14336,""obs_mistake_mask=E"":1}"
        32,        13,         0,   0.363,exact_mw,d68317bf2f4c69d73359111c5597779a07d8ed85f1f94573f1c8a2f6c683850d,"{""distance"":5,""physical_error_rate"":0.2}","{""detection_events"":2785,""detectors_checked"":7168,""obs_mistake_mask=E"":13}"
       128,         0,         0,   0.458,exact_mw,38b7ae1c4e8407fc325e0d9e43e9f92ff26dcb3f5cf7b98d24ea74c9e5188d39,"{""distance"":5,""physical_error_rate"":0.005}","{""detection_events"":758,""detectors_checked"":28672}"
     87040,         0,         0,    1.10,exact_mw,70a969f5042aec17ac076c6379f4170fb7c69b8e925756ef3b7334e28a33338b,"{""distance"":5,""physical_error_rate"":0.0001}","{""detection_events"":8678,""detectors_checked"":19496960}"
        32,        22,         0,   0.436,exact_mw,7def73f725f8347dc4de7c57664b66d91778cc6018e33f45b3defe89c7a0cfc0,"{""distance"":5,""physical_error_rate"":0.1}","{""detection_events"":2026,""detectors_checked"":7168,""obs_mistake_mask=E"":22}"
      1024,         0,         0,   0.194,exact_mw,3208f56225bbcac0e2804eb6f92d0a8b681652a702ca1ec920ccd7367f0e0899,"{""distance"":5,""physical_error_rate"":0.002}","{""detection_events"":1991,""detectors_checked"":229376}"
       128,         0,         0,   0.925,exact_mw,72230d8c06b5a71069df48ede6f7f3e6128cd83e8239dd1b2e5fe023578b6eb1,"{""distance"":5,""physical_error_rate"":0.01}","{""detection_events"":1235,""detectors_checked"":28672}"
     30720,         0,         0,   0.515,exact_mw,70a969f5042aec17ac076c6379f4170fb7c69b8e925756ef3b7334e28a33338b,"{""distance"":5,""physical_error_rate"":0.0001}","{""detection_events"":3041,""detectors_checked"":6881280}"
      1024,         0,         0,   0.407,exact_mw,3208f56225bbcac0e2804eb6f92d0a8b681652a702ca1ec920ccd7367f0e0899,"{""distance"":5,""physical_error_rate"":0.002}","{""detection_events"":1960,""detectors_checked"":229376}"
        32,        10,         0,   0.595,exact_mw,7fd11737ba5953e5998cf5d5ab7672462ce2ff07a9ab0f8628176a3f70e7a095,"{""distance"":5,""physical_error_rate"":0.05}","{""detection_events"":1258,""detectors_checked"":7168,""obs_mistake_mask=E"":10}"
     37888,         0,         0,   0.392,exact_mw,cdc4a450a40af8e24899239080e4c40992fb5baf91c5a31ab3a165eacb3a1ab3,"{""distance"":5,""physical_error_rate"":0.0002}","{""detection_events"":7492,""detectors_checked"":8486912}"
     23552,         0,         0,   0.377,exact_mw,cb12ae119b9b2ba18d0216e7235b403229e92fd0743ede48fe7f1a2c6f45d594,"{""distance"":5,""physical_error_rate"":0.0005}","{""detection_events"":11224,""detectors_checked"":5275648}"
        32,        13,         0,   0.477,exact_mw,7def73f725f8347dc4de7c57664b66d91778cc6018e33f45b3defe89c7a0cfc0,"{""distance"":5,""physical_error_rate"":0.1}","{""detection_events"":2087,""detectors_checked"":7168,""obs_mistake_mask=E"":13}"
     29696,         0,         0,   0.372,exact_mw,f32ebecd8e105e50ec838d33c5ed9b45444b6b44a3c6ac541111079f2b14e893,"{""distance"":5,""physical_error_rate"":5e-05}","{""detection_events"":1463,""detectors_checked"":6651904}"
     70656,         0,         0,   0.793,exact_mw,70a969f5042aec17ac076c6379f4170fb7c69b8e925756ef3b7334e28a33338b,"{""distance"":5,""physical_error_rate"":0.0001}","{""detection_events"":6915,""detectors_checked"":15826944}"
     14336,         0,         0,   0.306,exact_mw,cb12ae119b9b2ba18d0216e7235b403229e92fd0743ede48fe7f1a2c6f45d594,"{""distance"":5,""physical_error_rate"":0.0005}","{""detection_events"":6613,""detectors_checked"":3211264}"
       128,         0,         0,   0.778,exact_mw,72230d8c06b5a71069df48ede6f7f3e6128cd83e8239dd1b2e5fe023578b6eb1,"{""distance"":5,""physical_error_rate"":0.01}","{""detection_events"":1236,""detectors_checked"":28672}"
     30720,         0,         0,   0.388,exact_mw,cdc4a450a40af8e24899239080e4c40992fb5baf91c5a31ab3a165eacb3a1ab3,"{""distance"":5,""physical_error_rate"":0.0002}","{""detection_events"":6280,""detectors_checked"":6881280}"
        16,         0,         0,   0.173,exact_mw,72230d8c06b5a71069df48ede6f7f3e6128cd83e8239dd1b2e5fe023578b6eb1,"{""distance"":5,""physical_error_rate"":0.01}","{""detection_events"":156,""detectors_checked"":3584}"
        32,        10,         0,   0.500,exact_mw,7fd11737ba5953e5998cf5d5ab7672462ce2ff07a9ab0f8628176a3f70e7a095,"{""distance"":5,""physical_error_rate"":0.05}","{""detection_events"":1252,""detectors_checked"":7168,""obs_mistake_mask=E"":10}"
      1024,         0,         0,   0.164,exact_mw,3208f56225bbcac0e2804eb6f92d0a8b681652a702ca1ec920ccd7367f0e0899,"{""distance"":5,""physical_error_rate"":0.002}","{""detection_events"":2009,""detectors_checked"":229376}"
     10240,         0,         0,   0.408,exact_mw,bb90ec3459e353008cf9a5bb9142bf1e8515517a9e167021b225104594e48e8a,"{""distance"":5,""physical_error_rate"":0.001}","{""detection_events"":9927,""detectors_checked"":2293760}"
        32,         5,         0,   0.518,exact_mw,7fd11737ba5953e5998cf5d5ab7672462ce2ff07a9ab0f8628176a3f70e7a095,"{""distance"":5,""physical_error_rate"":0.05}","{""detection_events"":1241,""detectors_checked"":7168,""obs_mistake_mask=E"":5}"
         1,         0,         0,   0.004,exact_mw,70a969f5042aec17ac076c6379f4170fb7c69b8e925756ef3b7334e28a33338b,"{""distance"":5,""physical_error_rate"":0.0001}","{""detectors_checked"":224}"
        32,        15,         0,   0.786,exact_mw,14059eecea5f7bdc562c01e7682d53b775a747f80d40379178915ac673e3b6bb,"{""distance"":5,""physical_error_rate"":0.5}","{""detection_events"":3585,""detectors_checked"":7168,""obs_mistake_mask=E"":15}"
        32,        22,         0,   0.640,exact_mw,d68317bf2f4c69d73359111c5597779a07d8ed85f1f94573f1c8a2f6c683850d,"{""distance"":5,""physical_error_rate"":0.2}","{""detection_events"":2828,""detectors_checked"":7168,""obs_mistake_mask=E"":22}"
        64,        35,         0,    1.02,exact_mw,14059eecea5f7bdc562c01e7682d53b775a747f80d40379178915ac673e3b6bb,"{""distance"":5,""physical_error_rate"":0.5}","{""detection_events"":7078,""detectors_checked"":14336,""obs_mistake_mask=E"":35}"
        32,        10,         0,   0.413,exact_mw,7fd11737ba5953e5998cf5d5ab7672462ce2ff07a9ab0f8628176a3f70e7a095,"{""distance"":5,""physical_error_rate"":0.05}","{""detection_events"":1275,""detectors_checked"":7168,""obs_mistake_mask=E"":10}"
      1296,         0,         0,   0.019,exact_mw,70a969f5042aec17ac076c6379f4170fb7c69b8e925756ef3b7334e28a33338b,"{""distance"":5,""physical_error_rate"":0.0001}","{""detection_events"":123,""detectors_checked"":290304}"
      1024,         0,         0,   0.003,exact_mw,70a969f5042aec17ac076c6379f4170fb7c69b8e925756ef3b7334e28a33338b,"{""distance"":5,""physical_error_rate"":0.0001}","{""detection_events"":82,""detectors_checked"":229376}"
       256,         1,         0,   0.341,exact_mw,38b7ae1c4e8407fc325e0d9e43e9f92ff26dcb3f5cf7b98d24ea74c9e5188d39,"{""distance"":5,""physical_error_rate"":0.005}","{""detection_events"":1163,""detectors_checked"":57344,""obs_mistake_mask=E"":1}"
        32,        19,         0,   0.583,exact_mw,14059eecea5f7bdc562c01e7682d53b775a747f80d40379178915ac673e3b6bb,"{""distance"":5,""physical_error_rate"":0.5}","{""detection_events"":3563,""detectors_checked"":7168,""obs_mistake_mask=E"":19}"
     28672,         0,         0,   0.385,exact_mw,cb12ae119b9b2ba18d0216e7235b403229e92fd0743ede48fe7f1a2c6f45d594,"{""distance"":5,""physical_error_rate"":0.0005}","{""detection_events"":13880,""detectors_checked"":6422528}"
      2048,         1,         0,   0.451,exact_mw,3208f56225bbcac0e2804eb6f92d0a8b681652a702ca1ec920ccd7367f0e0899,"{""distance"":5,""physical_error_rate"":0.002}","{""detection_events"":4144,""detectors_checked"":458752,""obs_mistake_mask=E"":1}"
        32,        15,         0,   0.685,exact_mw,14059eecea5f7bdc562c01e7682d53b775a747f80d40379178915ac673e3b6bb,"{""distance"":5,""physical_error_rate"":0.5}","{""detection_events"":3616,""detectors_checked"":7168,""obs_mistake_mask=E"":15}"
        32,        13,         0,   0.446,exact_mw,d68317bf2f4c69d73359111c5597779a07d8ed85f1f94573f1c8a2f6c683850d,"{""distance"":5,""physical_error_rate"":0.2}","{""detection_events"":2772,""detectors_checked"":7168,""obs_mistake_mask=E"":13}"
     47104,         0,         0,   0.498,exact_mw,f32ebecd8e105e50ec838d33c5ed9b45444b6b44a3c6ac541111079f2b14e893,"{""distance"":5,""physical_error_rate"":5e-05}","{""detection_events"":2222,""detectors_checked"":10551296}"
      4096,         0,         0,   0.046,exact_mw,70a969f5042aec17ac076c6379f4170fb7c69b8e925756ef3b7334e28a33338b,"{""distance"":5,""physical_error_rate"":0.0001}","{""detection_events"":484,""detectors_checked"":917504}"
        64,         0,         0,   0.435,exact_mw,72230d8c06b5a71069df48ede6f7f3e6128cd83e8239dd1b2e5fe023578b6eb1,"{""distance"":5,""physical_error_rate"":0.01}","{""detection_events"":672,""detectors_checked"":14336}"
      1024,         0,         0,   0.194,exact_mw,3208f56225bbcac0e2804eb6f92d0a8b681652a702ca1ec920ccd7367f0e0899,"{""distance"":5,""physical_error_rate"":0.002}","{""detection_events"":1994,""detectors_checked"":229376}"
         1,         0,         0,   0.007,exact_mw,cb12ae119b9b2ba18d0216e7235b403229e92fd0743ede48fe7f1a2c6f45d594,"{""distance"":5,""physical_error_rate"":0.0005}","{""detection_events"":5,""detectors_checked"":224}"
     51200,         0,         0,    1.11,exact_mw,cb12ae119b9b2ba18d0216e7235b403229e92fd0743ede48fe7f1a2c6f45d594,"{""distance"":5,""physical_error_rate"":0.0005}","{""detection_events"":25152,""detectors_checked"":11468800}"
      1296,         0,         0,   0.016,exact_mw,cb12ae119b9b2ba18d0216e7235b403229e92fd0743ede48fe7f1a2c6f45d594,"{""distance"":5,""physical_error_rate"":0.0005}","{""detection_events"":603,""detectors_checked"":290304}"
        16,        11,         0,   0.284,exact_mw,7def73f725f8347dc4de7c57664b66d91778cc6018e33f45b3defe89c7a0cfc0,"{""distance"":5,""physical_error_rate"":0.1}","{""detection_events"":1039,""detectors_checked"":3584,""obs_mistake_mask=E"":11}"
     34816,         0,         0,   0.404,exact_mw,cdc4a450a40af8e24899239080e4c40992fb5baf91c5a31ab3a165eacb3a1ab3,"{""distance"":5,""physical_error_rate"":0.0002}","{""detection_events"":6738,""detectors_checked"":7798784}"
        32,        17,         0,   0.552,exact_mw,7def73f725f8347dc4de7c57664b66d91778cc6018e33f45b3defe89c7a0cfc0,"{""distance"":5,""physical_error_rate"":0.1}","{""detection_events"":2005,""detectors_checked"":7168,""obs_mistake_mask=E"":17}"
      1297,         0,         0,   0.029,exact_mw,cb12ae119b9b2ba18d0216e7235b403229e92fd0743ede48fe7f1a2c6f45d594,"{""distance"":5,""physical_error_rate"":0.0005}","{""detection_events"":673,""detectors_checked"":290528}"
      5120,         1,         0,   0.958,exact_mw,3208f56225bbcac0e2804eb6f92d0a8b681652a702ca1ec920ccd7367f0e0899,"{""distance"":5,""physical_error_rate"":0.002}","{""detection_events"":9796,""detectors_checked"":1146880,""obs_mistake_mask=E"":1}"
       256,         0,         0,   0.356,exact_mw,38b7ae1c4e8407fc325e0d9e43e9f92ff26dcb3f5cf7b98d24ea74c9e5188d39,"{""distance"":5,""physical_error_rate"":0.005}","{""detection_events"":1127,""detectors_checked"":57344}"
        32,        11,         0,   0.543,exact_mw,14059eecea5f7bdc562c01e7682d53b775a747f80d40379178915ac673e3b6bb,"{""distance"":5,""physical_error_rate"":0.5}","{""detection_events"":3531,""detectors_checked"":7168,""obs_mistake_mask=E"":11}"
      4096,         0,         0,   0.041,exact_mw,70a969f5042aec17ac076c6379f4170fb7c69b8e925756ef3b7334e28a33338b,"{""distance"":5,""physical_error_rate"":0.0001}","{""detection_events"":390,""detectors_checked"":917504}"
     53248,         0,         0,   0.795,exact_mw,70a969f5042aec17ac076c6379f4170fb7c69b8e925756ef3b7334e28a33338b,"{""distance"":5,""physical_error_rate"":0.0001}","{""detection_events"":5028,""detectors_checked"":11927552}"
      1024,         0,         0,   0.027,exact_mw,cb12ae119b9b2ba18d0216e7235b403229e92fd0743ede48fe7f1a2c6f45d594,"{""distance"":5,""physical_error_rate"":0.0005}","{""detection_events"":601,""detectors_checked"":229376}"
      1024,         0,         0,   0.026,exact_mw,cb12ae119b9b2ba18d0216e7235b403229e92fd0743ede48fe7f1a2c6f45d594,"{""distance"":5,""physical_error_rate"":0.0005}","{""detection_events"":480,""detectors_checked"":229376}"
     34816,         0,         0,   0.575,exact_mw,f32ebecd8e105e50ec838d33c5ed9b45444b6b44a3c6ac541111079f2b14e893,"{""distance"":5,""physical_error_rate"":5e-05}","{""detection_events"":1710,""detectors_checked"":7798784}"
     12288,         0,         0,   0.582,exact_mw,bb90ec3459e353008cf9a5bb9142bf1e8515517a9e167021b225104594e48e8a,"{""distance"":5,""physical_error_rate"":0.001}","{""detection_events"":11793,""detectors_checked"":2752512}"
       256,         0,         0,   0.477,exact_mw,38b7ae1c4e8407fc325e0d9e43e9f92ff26dcb3f5cf7b98d24ea74c9e5188d39,"{""distance"":5,""physical_error_rate"":0.005}","{""detection_events"":1206,""detectors_checked"":57344}"
       128,         0,         0,   0.298,exact_mw,38b7ae1c4e8407fc325e0d9e43e9f92ff26dcb3f5cf7b98d24ea74c9e5188d39,"{""distance"":5,""physical_error_rate"":0.005}","{""detection_events"":624,""detectors_checked"":28672}"
        32,         3,         0,   0.398,exact_mw,7fd11737ba5953e5998cf5d5ab7672462ce2ff07a9ab0f8628176a3f70e7a095,"{""distance"":5,""physical_error_rate"":0.05}","{""detection_events"":1201,""detectors_checked"":7168,""obs_mistake_mask=E"":3}"
      1024,         0,         0,   0.024,exact_mw,cb12ae119b9b2ba18d0216e7235b403229e92fd0743ede48fe7f1a2c6f45d594,"{""distance"":5,""physical_error_rate"":0.0005}","{""detection_events"":461,""detectors_checked"":229376}"
        64,         1,         0,   0.645,exact_mw,7b4896c0e7f0a510554d89637fd747b157418067a95869d1f0661294d473d1dc,"{""distance"":5,""physical_error_rate"":0.02}","{""detection_events"":1136,""detectors_checked"":14336,""obs_mistake_mask=E"":1}"
     45056,         0,         0,   0.803,exact_mw,cdc4a450a40af8e24899239080e4c40992fb5baf91c5a31ab3a165eacb3a1ab3,"{""distance"":5,""physical_error_rate"":0.0002}","{""detection_events"":8863,""detectors_checked"":10092544}"
      1024,         0,         0,   0.208,exact_mw,3208f56225bbcac0e2804eb6f92d0a8b681652a702ca1ec920ccd7367f0e0899,"{""distance"":5,""physical_error_rate"":0.002}","{""detection_events"":2006,""detectors_checked"":229376}"
      2048,         0,         0,   0.048,exact_mw,cb12ae119b9b2ba18d0216e7235b403229e92fd0743ede48fe7f1a2c6f45d594,"{""distance"":5,""physical_error_rate"":0.0005}","{""detection_events"":976,""detectors_checked"":458752}"
       256,         0,         0,   0.502,exact_mw,38b7ae1c4e8407fc325e0d9e43e9f92ff26dcb3f5cf7b98d24ea74c9e5188d39,"{""distance"":5,""physical_error_rate"":0.005}","{""detection_events"":1149,""detectors_checked"":57344}"
      3072,         0,         0,   0.481,exact_mw,bb90ec3459e353008cf9a5bb9142bf1e8515517a9e167021b225104594e48e8a,"{""distance"":5,""physical_error_rate"":0.001}","{""detection_events"":2811,""detectors_checked"":688128}"
        64,         4,         0,   0.736,exact_mw,7b4896c0e7f0a510554d89637fd747b157418067a95869d1f0661294d473d1dc,"{""distance"":5,""physical_error_rate"":0.02}","{""detection_events"":1060,""detectors_checked"":14336,""obs_mistake_mask=E"":4}"
        32,        13,         0,   0.500,exact_mw,7def73f725f8347dc4de7c57664b66d91778cc6018e33f45b3defe89c7a0cfc0,"{""distance"":5,""physical_error_rate"":0.1}","{""detection_events"":1972,""detectors_checked"":7168,""obs_mistake_mask=E"":13}"
        32,         0,         0,   0.222,exact_mw,72230d8c06b5a71069df48ede6f7f3e6128cd83e8239dd1b2e5fe023578b6eb1,"{""distance"":5,""physical_error_rate"":0.01}","{""detection_events"":290,""detectors_checked"":7168}"
        32,        15,         0,   0.616,exact_mw,14059eecea5f7bdc562c01e7682d53b775a747f80d40379178915ac673e3b6bb,"{""distance"":5,""physical_error_rate"":0.5}","{""detection_events"":3577,""detectors_checked"":7168,""obs_mistake_mask=E"":15}"
      5120,         0,         0,   0.075,exact_mw,70a969f5042aec17ac076c6379f4170fb7c69b8e925756ef3b7334e28a33338b,"{""distance"":5,""physical_error_rate"":0.0001}","{""detection_events"":552,""detectors_checked"":1146880}"
     47104,         0,         0,   0.738,exact_mw,70a969f5042aec17ac076c6379f4170fb7c69b8e925756ef3b7334e28a33338b,"{""distance"":5,""physical_error_rate"":0.0001}","{""detection_events"":4643,""detectors_checked"":10551296}"
        32,        16,         0,   0.357,exact_mw,d68317bf2f4c69d73359111c5597779a07d8ed85f1f94573f1c8a2f6c683850d,"{""distance"":5,""physical_error_rate"":0.2}","{""detection_events"":2867,""detectors_checked"":7168,""obs_mistake_mask=E"":16}"
      2048,         0,         0,   0.052,exact_mw,cb12ae119b9b2ba18d0216e7235b403229e92fd0743ede48fe7f1a2c6f45d594,"{""distance"":5,""physical_error_rate"":0.0005}","{""detection_events"":947,""detectors_checked"":458752}"
      3072,         0,         0,   0.049,exact_mw,cb12ae119b9b2ba18d0216e7235b403229e92fd0743ede48fe7f1a2c6f45d594,"{""distance"":5,""physical_error_rate"":0.0005}","{""detection_events"":1445,""detectors_checked"":688128}"
      2048,         0,         0,   0.480,exact_mw,3208f56225bbcac0e2804eb6f92d0a8b681652a702ca1ec920ccd7367f0e0899,"{""distance"":5,""physical_error_rate"":0.002}","{""detection_events"":4083,""detectors_checked"":458752}"
      1024,         0,         0,   0.158,exact_mw,3208f56225bbcac0e2804eb6f92d0a8b681652a702ca1ec920ccd7367f0e0899,"{""distance"":5,""physical_error_rate"":0.002}","{""detection_events"":1909,""detectors_checked"":229376}"
        32,        13,         0,   0.478,exact_mw,d68317bf2f4c69d73359111c5597779a07d8ed85f1f94573f1c8a2f6c683850d,"{""distance"":5,""physical_error_rate"":0.2}","{""detection_events"":2855,""detectors_checked"":7168,""obs_mistake_mask=E"":13}"
      4096,         0,         0,   0.023,exact_mw,cb12ae119b9b2ba18d0216e7235b403229e92fd0743ede48fe7f1a2c6f45d594,"{""distance"":5,""physical_error_rate"":0.0005}","{""detection_events"":2061,""detectors_checked"":917504}"
     11264,         0,         0,   0.622,exact_mw,cdc4a450a40af8e24899239080e4c40992fb5baf91c5a31ab3a165eacb3a1ab3,"{""distance"":5,""physical_error_rate"":0.0002}","{""detection_events"":2198,""detectors_checked"":2523136}"
        32,        17,         0,   0.614,exact_mw,d68317bf2f4c69d73359111c5597779a07d8ed85f1f94573f1c8a2f6c683850d,"{""distance"":5,""physical_error_rate"":0.2}","{""detection_events"":2835,""detectors_checked"":7168,""obs_mistake_mask=E"":17}"
       512,         0,         0,   0.866,exact_mw,38b7ae1c4e8407fc325e0d9e43e9f92ff26dcb3f5cf7b98d24ea74c9e5188d39,"{""distance"":5,""physical_error_rate"":0.005}","{""detection_events"":2495,""detectors_checked"":114688}"
        32,        15,         0,   0.466,exact_mw,14059eecea5f7bdc562c01e7682d53b775a747f80d40379178915ac673e3b6bb,"{""distance"":5,""physical_error_rate"":0.5}","{""detection_events"":3492,""detectors_checked"":7168,""obs_mistake_mask=E"":15}"
      4096,         0,         0,   0.061,exact_mw,70a969f5042aec17ac076c6379f4170fb7c69b8e925756ef3b7334e28a33338b,"{""distance"":5,""physical_error_rate"":0.0001}","{""detection_events"":362,""detectors_checked"":917504}"
       128,         2,         0,   0.891,exact_mw,72230d8c06b5a71069df48ede6f7f3e6128cd83e8239dd1b2e5fe023578b6eb1,"{""distance"":5,""physical_error_rate"":0.01}","{""detection_events"":1289,""detectors_checked"":28672,""obs_mistake_mask=E"":2}"
      4096,         0,         0,   0.054,exact_mw,cb12ae119b9b2ba18d0216e7235b403229e92fd0743ede48fe7f1a2c6f45d594,"{""distance"":5,""physical_error_rate"":0.0005}","{""detection_events"":1929,""detectors_checked"":917504}"
       256,         0,         0,   0.537,exact_mw,38b7ae1c4e8407fc325e0d9e43e9f92ff26dcb3f5cf7b98d24ea74c9e5188d39,"{""distance"":5,""physical_error_rate"":0.005}","{""detection_events"":1281,""detectors_checked"":57344}"
      1024,         0,         0,   0.398,exact_mw,3208f56225bbcac0e2804eb6f92d0a8b681652a702ca1ec920ccd7367f0e0899,"{""distance"":5,""physical_error_rate"":0.002}","{""detection_events"":2214,""detectors_checked"":229376}"
      3072,         0,         0,   0.040,exact_mw,cb12ae119b9b2ba18d0216e7235b403229e92fd0743ede48fe7f1a2c6f45d594,"{""distance"":5,""physical_error_rate"":0.0005}","{""detection_events"":1397,""detectors_checked"":688128}"
     13312,         0,         0,   0.563,exact_mw,bb90ec3459e353008cf9a5bb9142bf1e8515517a9e167021b225104594e48e8a,"{""distance"":5,""physical_error_rate"":0.001}","{""detection_events"":13155,""detectors_checked"":2981888}"
     38912,         0,         0,   0.560,exact_mw,cdc4a450a40af8e24899239080e4c40992fb5baf91c5a31ab3a165eacb3a1ab3,"{""distance"":5,""physical_error_rate"":0.0002}","{""detection_events"":7687,""detectors_checked"":8716288}"
        32,        16,         0,   0.708,exact_mw,14059eecea5f7bdc562c01e7682d53b775a747f80d40379178915ac673e3b6bb,"{""distance"":5,""physical_error_rate"":0.5}","{""detection_events"":3589,""detectors_checked"":7168,""obs_mistake_mask=E"":16}"
      3072,         0,         0,   0.953,exact_mw,3208f56225bbcac0e2804eb6f92d0a8b681652a702ca1ec920ccd7367f0e0899,"{""distance"":5,""physical_error_rate"":0.002}","{""detection_events"":5875,""detectors_checked"":688128}"
    130048,         0,         0,    1.52,exact_mw,cdc4a450a40af8e24899239080e4c40992fb5baf91c5a31ab3a165eacb3a1ab3,"{""distance"":5,""physical_error_rate"":0.0002}","{""detection_events"":25867,""detectors_checked"":29130752}"
     19456,         0,         0,   0.416,exact_mw,cb12ae119b9b2ba18d0216e7235b403229e92fd0743ede48fe7f1a2c6f45d594,"{""distance"":5,""physical_error_rate"":0.0005}","{""detection_events"":9407,""detectors_checked"":4358144}"
      6144,         0,         0,   0.080,exact_mw,cb12ae119b9b2ba18d0216e7235b403229e92fd0743ede48fe7f1a2c6f45d594,"{""distance"":5,""physical_error_rate"":0.0005}","{""detection_events"":3159,""detectors_checked"":1376256}"
       256,         0,         0,   0.341,exact_mw,38b7ae1c4e8407fc325e0d9e43e9f92ff26dcb3f5cf7b98d24ea74c9e5188d39,"{""distance"":5,""physical_error_rate"":0.005}","{""detection_events"":1251,""detectors_checked"":57344}"
      7168,         0,         0,   0.090,exact_mw,70a969f5042aec17ac076c6379f4170fb7c69b8e925756ef3b7334e28a33338b,"{""distance"":5,""physical_error_rate"":0.0001}","{""detection_events"":725,""detectors_checked"":1605632}"
       256,         0,         0,   0.625,exact_mw,38b7ae1c4e8407fc325e0d9e43e9f92ff26dcb3f5cf7b98d24ea74c9e5188d39,"{""distance"":5,""physical_error_rate"":0.005}","{""detection_events"":1237,""detectors_checked"":57344}"
        32,        14,         0,   0.520,exact_mw,7def73f725f8347dc4de7c57664b66d91778cc6018e33f45b3defe89c7a0cfc0,"{""distance"":5,""physical_error_rate"":0.1}","{""detection_events"":2000,""detectors_checked"":7168,""obs_mistake_mask=E"":14}"
      1024,         0,         0,   0.141,exact_mw,3208f56225bbcac0e2804eb6f92d0a8b681652a702ca1ec920ccd7367f0e0899,"{""distance"":5,""physical_error_rate"":0.002}","{""detection_events"":1995,""detectors_checked"":229376}"
      7168,         0,         0,    1.13,exact_mw,3208f56225bbcac0e2804eb6f92d0a8b681652a702ca1ec920ccd7367f0e0899,"{""distance"":5,""physical_error_rate"":0.002}","{""detection_events"":13918,""detectors_checked"":1605632}"
      4096,         0,         0,   0.089,exact_mw,cb12ae119b9b2ba18d0216e7235b403229e92fd0743ede48fe7f1a2c6f45d594,"{""distance"":5,""physical_error_rate"":0.0005}","{""detection_events"":2039,""detectors_checked"":917504}"
        64,        15,         0,   0.844,exact_mw,7fd11737ba5953e5998cf5d5ab7672462ce2ff07a9ab0f8628176a3f70e7a095,"{""distance"":5,""physical_error_rate"":0.05}","{""detection_events"":2352,""detectors_checked"":14336,""obs_mistake_mask=E"":15}"
       128,         1,         0,   0.616,exact_mw,72230d8c06b5a71069df48ede6f7f3e6128cd83e8239dd1b2e5fe023578b6eb1,"{""distance"":5,""physical_error_rate"":0.01}","{""detection_events"":1173,""detectors_checked"":28672,""obs_mistake_mask=E"":1}"
        32,        18,         0,   0.606,exact_mw,d68317bf2f4c69d73359111c5597779a07d8ed85f1f94573f1c8a2f6c683850d,"{""distance"":5,""physical_error_rate"":0.2}","{""detection_events"":2903,""detectors_checked"":7168,""obs_mistake_mask=E"":18}"
        64,         1,         0,   0.341,exact_mw,72230d8c06b5a71069df48ede6f7f3e6128cd83e8239dd1b2e5fe023578b6eb1,"{""distance"":5,""physical_error_rate"":0.01}","{""detection_events"":602,""detectors_checked"":14336,""obs_mistake_mask=E"":1}"
        32,         7,         0,   0.613,exact_mw,7fd11737ba5953e5998cf5d5ab7672462ce2ff07a9ab0f8628176a3f70e7a095,"{""distance"":5,""physical_error_rate"":0.05}","{""detection_events"":1207,""detectors_checked"":7168,""obs_mistake_mask=E"":7}"
     20480,         0,         0,   0.799,exact_mw,bb90ec3459e353008cf9a5bb9142bf1e8515517a9e167021b225104594e48e8a,"{""distance"":5,""physical_error_rate"":0.001}","{""detection_events"":19687,""detectors_checked"":4587520}"
         1,         0,         0,   0.012,exact_mw,cdc4a450a40af8e24899239080e4c40992fb5baf91c5a31ab3a165eacb3a1ab3,"{""distance"":5,""physical_error_rate"":0.0002}","{""detection_events"":2,""detectors_checked"":224}"
        32,        14,         0,    2.04,exact_mw,d68317bf2f4c69d73359111c5597779a07d8ed85f1f94573f1c8a2f6c683850d,"{""distance"":5,""physical_error_rate"":0.2}","{""detection_events"":2856,""detectors_checked"":7168,""obs_mistake_mask=E"":14}"
         1,         0,         0,   0.013,exact_mw,7def73f725f8347dc4de7c57664b66d91778cc6018e33f45b3defe89c7a0cfc0,"{""distance"":5,""physical_error_rate"":0.1}","{""detection_events"":61,""detectors_checked"":224}"
      2321,         0,         0,   0.037,exact_mw,cdc4a450a40af8e24899239080e4c40992fb5baf91c5a31ab3a165eacb3a1ab3,"{""distance"":5,""physical_error_rate"":0.0002}","{""detection_events"":504,""detectors_checked"":519904}"
        32,        10,         0,   0.537,exact_mw,7fd11737ba5953e5998cf5d5ab7672462ce2ff07a9ab0f8628176a3f70e7a095,"{""distance"":5,""physical_error_rate"":0.05}","{""detection_events"":1261,""detectors_checked"":7168,""obs_mistake_mask=E"":10}"
      1297,         0,         0,   0.042,exact_mw,cb12ae119b9b2ba18d0216e7235b403229e92fd0743ede48fe7f1a2c6f45d594,"{""distance"":5,""physical_error_rate"":0.0005}","{""detection_events"":701,""detectors_checked"":290528}"
      1296,         0,         0,   0.036,exact_mw,cdc4a450a40af8e24899239080e4c40992fb5baf91c5a31ab3a165eacb3a1ab3,"{""distance"":5,""physical_error_rate"":0.0002}","{""detection_events"":299,""detectors_checked"":290304}"
      7168,         0,         0,   0.072,exact_mw,cb12ae119b9b2ba18d0216e7235b403229e92fd0743ede48fe7f1a2c6f45d594,"{""distance"":5,""physical_error_rate"":0.0005}","{""detection_events"":3559,""detectors_checked"":1605632}"
      1024,         0,         0,   0.027,exact_mw,cdc4a450a40af8e24899239080e4c40992fb5baf91c5a31ab3a165eacb3a1ab3,"{""distance"":5,""physical_error_rate"":0.0002}","{""detection_events"":205,""detectors_checked"":229376}"
        32,         7,         0,   0.513,exact_mw,7fd11737ba5953e5998cf5d5ab7672462ce2ff07a9ab0f8628176a3f70e7a095,"{""distance"":5,""physical_error_rate"":0.05}","{""detection_events"":1218,""detectors_checked"":7168,""obs_mistake_mask=E"":7}"
     46080,         0,         0,   0.550,exact_mw,cdc4a450a40af8e24899239080e4c40992fb5baf91c5a31ab3a165eacb3a1ab3,"{""distance"":5,""physical_error_rate"":0.0002}","{""detection_events"":9485,""detectors_checked"":10321920}"
      1024,         0,         0,   0.034,exact_mw,cb12ae119b9b2ba18d0216e7235b403229e92fd0743ede48fe7f1a2c6f45d594,"{""distance"":5,""physical_error_rate"":0.0005}","{""detection_events"":568,""detectors_checked"":229376}"
      2048,         0,         0,   0.021,exact_mw,cdc4a450a40af8e24899239080e4c40992fb5baf91c5a31ab3a165eacb3a1ab3,"{""distance"":5,""physical_error_rate"":0.0002}","{""detection_events"":359,""detectors_checked"":458752}"
     37888,         0,         0,   0.553,exact_mw,cb12ae119b9b2ba18d0216e7235b403229e92fd0743ede48fe7f1a2c6f45d594,"{""distance"":5,""physical_error_rate"":0.0005}","{""detection_events"":18430,""detectors_checked"":8486912}"
        32,        11,         0,   0.556,exact_mw,7def73f725f8347dc4de7c57664b66d91778cc6018e33f45b3defe89c7a0cfc0,"{""distance"":5,""physical_error_rate"":0.1}","{""detection_events"":1947,""detectors_checked"":7168,""obs_mistake_mask=E"":11}"
     40960,         0,         0,   0.558,exact_mw,f32ebecd8e105e50ec838d33c5ed9b45444b6b44a3c6ac541111079f2b14e893,"{""distance"":5,""physical_error_rate"":5e-05}","{""detection_events"":1948,""detectors_checked"":9175040}"
         1,         0,         0,   0.021,exact_mw,3208f56225bbcac0e2804eb6f92d0a8b681652a702ca1ec920ccd7367f0e0899,"{""distance"":5,""physical_error_rate"":0.002}","{""detectors_checked"":224}"
        32,         7,         0,   0.488,exact_mw,7fd11737ba5953e5998cf5d5ab7672462ce2ff07a9ab0f8628176a3f70e7a095,"{""distance"":5,""physical_error_rate"":0.05}","{""detection_events"":1232,""detectors_checked"":7168,""obs_mistake_mask=E"":7}"
      1024,         0,         0,   0.035,exact_mw,cdc4a450a40af8e24899239080e4c40992fb5baf91c5a31ab3a165eacb3a1ab3,"{""distance"":5,""physical_error_rate"":0.0002}","{""detection_events"":220,""detectors_checked"":229376}"
      6144,         0,         0,   0.123,exact_mw,cb12ae119b9b2ba18d0216e7235b403229e92fd0743ede48fe7f1a2c6f45d594,"{""distance"":5,""physical_error_rate"":0.0005}","{""detection_events"":3074,""detectors_checked"":1376256}"
      1024,         1,         0,   0.351,exact_mw,3208f56225bbcac0e2804eb6f92d0a8b681652a702ca1ec920ccd7367f0e0899,"{""distance"":5,""physical_error_rate"":0.002}","{""detection_events"":2018,""detectors_checked"":229376,""obs_mistake_mask=E"":1}"
        32,         5,         0,   0.530,exact_mw,7fd11737ba5953e5998cf5d5ab7672462ce2ff07a9ab0f8628176a3f70e7a095,"{""distance"":5,""physical_error_rate"":0.05}","{""detection_events"":1305,""detectors_checked"":7168,""obs_mistake_mask=E"":5}"
      1024,         0,         0,   0.028,exact_mw,cdc4a450a40af8e24899239080e4c40992fb5baf91c5a31ab3a165eacb3a1ab3,"{""distance"":5,""physical_error_rate"":0.0002}","{""detection_events"":202,""detectors_checked"":229376}"
     11264,         0,         0,   0.151,exact_mw,70a969f5042aec17ac076c6379f4170fb7c69b8e925756ef3b7334e28a33338b,"{""distance"":5,""physical_error_rate"":0.0001}","{""detection_events"":1044,""detectors_checked"":2523136}"
      1024,         0,         0,   0.037,exact_mw,cb12ae119b9b2ba18d0216e7235b403229e92fd0743ede48fe7f1a2c6f45d594,"{""distance"":5,""physical_error_rate"":0.0005}","{""detection_events"":500,""detectors_checked"":229376}"
       128,         1,         0,   0.770,exact_mw,72230d8c06b5a71069df48ede6f7f3e6128cd83e8239dd1b2e5fe023578b6eb1,"{""distance"":5,""physical_error_rate"":0.01}","{""detection_events"":1174,""detectors_checked"":28672,""obs_mistake_mask=E"":1}"
      2048,         0,         0,   0.024,exact_mw,cdc4a450a40af8e24899239080e4c40992fb5baf91c5a31ab3a165eacb3a1ab3,"{""distance"":5,""physical_error_rate"":0.0002}","{""detection_events"":456,""detectors_checked"":458752}"
     15360,         0,         0,   0.575,exact_mw,bb90ec3459e353008cf9a5bb9142bf1e8515517a9e167021b225104594e48e8a,"{""distance"":5,""physical_error_rate"":0.001}","{""detection_events"":15188,""detectors_checked"":3440640}"
     43008,         0,         0,   0.563,exact_mw,cdc4a450a40af8e24899239080e4c40992fb5baf91c5a31ab3a165eacb3a1ab3,"{""distance"":5,""physical_error_rate"":0.0002}","{""detection_events"":8502,""detectors_checked"":9633792}"
     52224,         0,         0,    1.11,exact_mw,cb12ae119b9b2ba18d0216e7235b403229e92fd0743ede48fe7f1a2c6f45d594,"{""distance"":5,""physical_error_rate"":0.0005}","{""detection_events"":25588,""detectors_checked"":11698176}"
      1024,         0,         0,   0.037,exact_mw,cb12ae119b9b2ba18d0216e7235b403229e92fd0743ede48fe7f1a2c6f45d594,"{""distance"":5,""physical_error_rate"":0.0005}","{""detection_events"":499,""detectors_checked"":229376}"
        64,         1,         0,   0.732,exact_mw,7b4896c0e7f0a510554d89637fd747b157418067a95869d1f0661294d473d1dc,"{""distance"":5,""physical_error_rate"":0.02}","{""detection_events"":1150,""detectors_checked"":14336,""obs_mistake_mask=E"":1}"
        64,         2,         0,   0.392,exact_mw,72230d8c06b5a71069df48ede6f7f3e6128cd83e8239dd1b2e5fe023578b6eb1,"{""distance"":5,""physical_error_rate"":0.01}","{""detection_events"":618,""detectors_checked"":14336,""obs_mistake_mask=E"":2}"
      3072,         0,         0,   0.059,exact_mw,cdc4a450a40af8e24899239080e4c40992fb5baf91c5a31ab3a165eacb3a1ab3,"{""distance"":5,""physical_error_rate"":0.0002}","{""detection_events"":569,""detectors_checked"":688128}"
     26624,         0,         0,   0.545,exact_mw,cb12ae119b9b2ba18d0216e7235b403229e92fd0743ede48fe7f1a2c6f45d594,"{""distance"":5,""physical_error_rate"":0.0005}","{""detection_events"":12868,""detectors_checked"":5963776}"
       256,         1,         0,   0.476,exact_mw,38b7ae1c4e8407fc325e0d9e43e9f92ff26dcb3f5cf7b98d24ea74c9e5188d39,"{""distance"":5,""physical_error_rate"":0.005}","{""detection_events"":1173,""detectors_checked"":57344,""obs_mistake_mask=E"":1}"
      2048,         0,         0,   0.072,exact_mw,cdc4a450a40af8e24899239080e4c40992fb5baf91c5a31ab3a165eacb3a1ab3,"{""distance"":5,""physical_error_rate"":0.0002}","{""detection_events"":390,""detectors_checked"":458752}"
        32,        16,         0,   0.610,exact_mw,d68317bf2f4c69d73359111c5597779a07d8ed85f1f94573f1c8a2f6c683850d,"{""distance"":5,""physical_error_rate"":0.2}","{""detection_events"":2878,""detectors_checked"":7168,""obs_mistake_mask=E"":16}"
     12288,         0,         0,   0.790,exact_mw,bb90ec3459e353008cf9a5bb9142bf1e8515517a9e167021b225104594e48e8a,"{""distance"":5,""physical_error_rate"":0.001}","{""detection_events"":12112,""detectors_checked"":2752512}"
        32,        11,         0,   0.359,exact_mw,d68317bf2f4c69d73359111c5597779a07d8ed85f1f94573f1c8a2f6c683850d,"{""distance"":5,""physical_error_rate"":0.2}","{""detection_events"":2763,""detectors_checked"":7168,""obs_mistake_mask=E"":11}"
         1,         1,         0,   0.015,exact_mw,7b4896c0e7f0a510554d89637fd747b157418067a95869d1f0661294d473d1dc,"{""distance"":5,""physical_error_rate"":0.02}","{""detection_events"":19,""detectors_checked"":224,""obs_mistake_mask=E"":1}"
      3072,         0,         0,   0.453,exact_mw,bb90ec3459e353008cf9a5bb9142bf1e8515517a9e167021b225104594e48e8a,"{""distance"":5,""physical_error_rate"":0.001}","{""detection_events"":2963,""detectors_checked"":688128}"
        32,        12,         0,   0.444,exact_mw,7fd11737ba5953e5998cf5d5ab7672462ce2ff07a9ab0f8628176a3f70e7a095,"{""distance"":5,""physical_error_rate"":0.05}","{""detection_events"":1218,""detectors_checked"":7168,""obs_mistake_mask=E"":12}"
       256,         1,         0,   0.475,exact_mw,38b7ae1c4e8407fc325e0d9e43e9f92ff26dcb3f5cf7b98d24ea74c9e5188d39,"{""distance"":5,""physical_error_rate"":0.005}","{""detection_events"":1167,""detectors_checked"":57344,""obs_mistake_mask=E"":1}"
        32,        11,         0,   0.535,exact_mw,d68317bf2f4c69d73359111c5597779a07d8ed85f1f94573f1c8a2f6c683850d,"{""distance"":5,""physical_error_rate"":0.2}","{""detection_events"":2807,""detectors_checked"":7168,""obs_mistake_mask=E"":11}"
     60416,         0,         0,   0.741,exact_mw,f32ebecd8e105e50ec838d33c5ed9b45444b6b44a3c6ac541111079f2b14e893,"{""distance"":5,""physical_error_rate"":5e-05}","{""detection_events"":3022,""detectors_checked"":13533184}"
     13312,         0,         0,   0.142,exact_mw,cb12ae119b9b2ba18d0216e7235b403229e92fd0743ede48fe7f1a2c6f45d594,"{""distance"":5,""physical_error_rate"":0.0005}","{""detection_events"":6483,""detectors_checked"":2981888}"
      2048,         0,         0,   0.066,exact_mw,cb12ae119b9b2ba18d0216e7235b403229e92fd0743ede48fe7f1a2c6f45d594,"{""distance"":5,""physical_error_rate"":0.0005}","{""detection_events"":1142,""detectors_checked"":458752}"
      1024,         0,         0,   0.251,exact_mw,3208f56225bbcac0e2804eb6f92d0a8b681652a702ca1ec920ccd7367f0e0899,"{""distance"":5,""physical_error_rate"":0.002}","{""detection_events"":2071,""detectors_checked"":229376}"
        64,        38,         0,   0.930,exact_mw,7def73f725f8347dc4de7c57664b66d91778cc6018e33f45b3defe89c7a0cfc0,"{""distance"":5,""physical_error_rate"":0.1}","{""detection_events"":3973,""detectors_checked"":14336,""obs_mistake_mask=E"":38}"
         1,         0,         0,   0.004,exact_mw,bb90ec3459e353008cf9a5bb9142bf1e8515517a9e167021b225104594e48e8a,"{""distance"":5,""physical_error_rate"":0.001}","{""detection_events"":2,""detectors_checked"":224}"
      4096,         0,         0,   0.062,exact_mw,cdc4a450a40af8e24899239080e4c40992fb5baf91c5a31ab3a165eacb3a1ab3,"{""distance"":5,""physical_error_rate"":0.0002}","{""detection_events"":920,""detectors_checked"":917504}"
        32,        16,         0,   0.547,exact_mw,7def73f725f8347dc4de7c57664b66d91778cc6018e33f45b3defe89c7a0cfc0,"{""distance"":5,""physical_error_rate"":0.1}","{""detection_events"":2000,""detectors_checked"":7168,""obs_mistake_mask=E"":16}"
         1,         0,         0,   0.010,exact_mw,7def73f725f8347dc4de7c57664b66d91778cc6018e33f45b3defe89c7a0cfc0,"{""distance"":5,""physical_error_rate"":0.1}","{""detection_events"":68,""detectors_checked"":224}"
        64,        32,         0,   0.927,exact_mw,d68317bf2f4c69d73359111c5597779a07d8ed85f1f94573f1c8a2f6c683850d,"{""distance"":5,""physical_error_rate"":0.2}","{""detection_events"":5775,""detectors_checked"":14336,""obs_mistake_mask=E"":32}"
      4096,         0,         0,   0.056,exact_mw,cdc4a450a40af8e24899239080e4c40992fb5baf91c5a31ab3a165eacb3a1ab3,"{""distance"":5,""physical_error_rate"":0.0002}","{""detection_events"":857,""detectors_checked"":917504}"
     48128,         0,         0,   0.568,exact_mw,cdc4a450a40af8e24899239080e4c40992fb5baf91c5a31ab3a165eacb3a1ab3,"{""distance"":5,""physical_error_rate"":0.0002}","{""detection_events"":9562,""detectors_checked"":10780672}"
      7168,         0,         0,   0.152,exact_mw,cb12ae119b9b2ba18d0216e7235b403229e92fd0743ede48fe7f1a2c6f45d594,"{""distance"":5,""physical_error_rate"":0.0005}","{""detection_events"":3436,""detectors_checked"":1605632}"
        32,        14,         0,   0.579,exact_mw,7def73f725f8347dc4de7c57664b66d91778cc6018e33f45b3defe89c7a0cfc0,"{""distance"":5,""physical_error_rate"":0.1}","{""detection_events"":1935,""detectors_checked"":7168,""obs_mistake_mask=E"":14}"
         1,         0,         0,   0.004,exact_mw,70a969f5042aec17ac076c6379f4170fb7c69b8e925756ef3b7334e28a33338b,"{""distance"":5,""physical_error_rate"":0.0001}","{""detectors_checked"":224}"
       512,         0,         0,    1.10,exact_mw,38b7ae1c4e8407fc325e0d9e43e9f92ff26dcb3f5cf7b98d24ea74c9e5188d39,"{""distance"":5,""physical_error_rate"":0.005}","{""detection_events"":2533,""detectors_checked"":114688}"
    103424,         0,         0,    1.10,exact_mw,f32ebecd8e105e50ec838d33c5ed9b45444b6b44a3c6ac541111079f2b14e893,"{""distance"":5,""physical_error_rate"":5e-05}","{""detection_events"":5067,""detectors_checked"":23166976}"
      1296,         0,         0,   0.065,exact_mw,bb90ec3459e353008cf9a5bb9142bf1e8515517a9e167021b225104594e48e8a,"{""distance"":5,""physical_error_rate"":0.001}","{""detection_events"":1234,""detectors_checked"":290304}"
        32,        14,         0,   0.646,exact_mw,14059eecea5f7bdc562c01e7682d53b775a747f80d40379178915ac673e3b6bb,"{""distance"":5,""physical_error_rate"":0.5}","{""detection_events"":3597,""detectors_checked"":7168,""obs_mistake_mask=E"":14}"
      3072,         0,         0,   0.057,exact_mw,cb12ae119b9b2ba18d0216e7235b403229e92fd0743ede48fe7f1a2c6f45d594,"{""distance"":5,""physical_error_rate"":0.0005}","{""detection_events"":1571,""detectors_checked"":688128}"
     51200,         0,         0,   0.771,exact_mw,70a969f5042aec17ac076c6379f4170fb7c69b8e925756ef3b7334e28a33338b,"{""distance"":5,""physical_error_rate"":0.0001}","{""detection_events"":5084,""detectors_checked"":11468800}"
        16,         0,         0,   0.000,exact_mw,70a969f5042aec17ac076c6379f4170fb7c69b8e925756ef3b7334e28a33338b,"{""distance"":5,""physical_error_rate"":0.0001}","{""detection_events"":2,""detectors_checked"":3584}"
       272,         0,         0,   0.166,exact_mw,3208f56225bbcac0e2804eb6f92d0a8b681652a702ca1ec920ccd7367f0e0899,"{""distance"":5,""physical_error_rate"":0.002}","{""detection_events"":580,""detectors_checked"":60928}"
       256,         0,         0,   0.001,exact_mw,70a969f5042aec17ac076c6379f4170fb7c69b8e925756ef3b7334e28a33338b,"{""distance"":5,""physical_error_rate"":0.0001}","{""detection_events"":38,""detectors_checked"":57344}"
        32,        16,         0,   0.682,exact_mw,14059eecea5f7bdc562c01e7682d53b775a747f80d40379178915ac673e3b6bb,"{""distance"":5,""physical_error_rate"":0.5}","{""detection_events"":3536,""detectors_checked"":7168,""obs_mistake_mask=E"":16}"
        64,         2,         0,   0.581,exact_mw,7b4896c0e7f0a510554d89637fd747b157418067a95869d1f0661294d473d1dc,"{""distance"":5,""physical_error_rate"":0.02}","{""detection_events"":1172,""detectors_checked"":14336,""obs_mistake_mask=E"":2}"
        32,        21,         0,   0.630,exact_mw,14059eecea5f7bdc562c01e7682d53b775a747f80d40379178915ac673e3b6bb,"{""distance"":5,""physical_error_rate"":0.5}","{""detection_events"":3508,""detectors_checked"":7168,""obs_mistake_mask=E"":21}"
       256,         0,         0,   0.592,exact_mw,38b7ae1c4e8407fc325e0d9e43e9f92ff26dcb3f5cf7b98d24ea74c9e5188d39,"{""distance"":5,""physical_error_rate"":0.005}","{""detection_events"":1285,""detectors_checked"":57344}"
     14336,         0,         0,   0.228,exact_mw,70a969f5042aec17ac076c6379f4170fb7c69b8e925756ef3b7334e28a33338b,"{""distance"":5,""physical_error_rate"":0.0001}","{""detection_events"":1447,""detectors_checked"":3211264}"
      5120,         0,         0,   0.075,exact_mw,cdc4a450a40af8e24899239080e4c40992fb5baf91c5a31ab3a165eacb3a1ab3,"{""distance"":5,""physical_error_rate"":0.0002}","{""detection_events"":997,""detectors_checked"":1146880}"
      5120,         0,         0,   0.078,exact_mw,cdc4a450a40af8e24899239080e4c40992fb5baf91c5a31ab3a165eacb3a1ab3,"{""distance"":5,""physical_error_rate"":0.0002}","{""detection_events"":944,""detectors_checked"":1146880}"
      2048,         0,         0,   0.507,exact_mw,3208f56225bbcac0e2804eb6f92d0a8b681652a702ca1ec920ccd7367f0e0899,"{""distance"":5,""physical_error_rate"":0.002}","{""detection_events"":3954,""detectors_checked"":458752}"
        32,        13,         0,   0.595,exact_mw,7def73f725f8347dc4de7c57664b66d91778cc6018e33f45b3defe89c7a0cfc0,"{""distance"":5,""physical_error_rate"":0.1}","{""detection_events"":1971,""detectors_checked"":7168,""obs_mistake_mask=E"":13}"
        32,        11,         0,    1.70,exact_mw,d68317bf2f4c69d73359111c5597779a07d8ed85f1f94573f1c8a2f6c683850d,"{""distance"":5,""physical_error_rate"":0.2}","{""detection_events"":2868,""detectors_checked"":7168,""obs_mistake_mask=E"":11}"
         1,         0,         0,   0.010,exact_mw,7b4896c0e7f0a510554d89637fd747b157418067a95869d1f0661294d473d1dc,"{""distance"":5,""physical_error_rate"":0.02}","{""detection_events"":3,""detectors_checked"":224}"
      6144,         0,         0,   0.049,exact_mw,70a969f5042aec17ac076c6379f4170fb7c69b8e925756ef3b7334e28a33338b,"{""distance"":5,""physical_error_rate"":0.0001}","{""detection_events"":599,""detectors_checked"":1376256}"
       256,         1,         0,   0.414,exact_mw,38b7ae1c4e8407fc325e0d9e43e9f92ff26dcb3f5cf7b98d24ea74c9e5188d39,"{""distance"":5,""physical_error_rate"":0.005}","{""detection_events"":1199,""detectors_checked"":57344,""obs_mistake_mask=E"":1}"
       256,         0,         0,   0.641,exact_mw,38b7ae1c4e8407fc325e0d9e43e9f92ff26dcb3f5cf7b98d24ea74c9e5188d39,"{""distance"":5,""physical_error_rate"":0.005}","{""detection_events"":1241,""detectors_checked"":57344}"
      1024,         1,         0,   0.060,exact_mw,bb90ec3459e353008cf9a5bb9142bf1e8515517a9e167021b225104594e48e8a,"{""distance"":5,""physical_error_rate"":0.001}","{""detection_events"":1058,""detectors_checked"":229376,""obs_mistake_mask=E"":1}"
      1024,         0,         0,   0.004,exact_mw,bb90ec3459e353008cf9a5bb9142bf1e8515517a9e167021b225104594e48e8a,"{""distance"":5,""physical_error_rate"":0.001}","{""detection_events"":923,""detectors_checked"":229376}"
      1024,         0,         0,   0.271,exact_mw,3208f56225bbcac0e2804eb6f92d0a8b681652a702ca1ec920ccd7367f0e0899,"{""distance"":5,""physical_error_rate"":0.002}","{""detection_events"":1885,""detectors_checked"":229376}"
        32,         4,         0,   0.346,exact_mw,7fd11737ba5953e5998cf5d5ab7672462ce2ff07a9ab0f8628176a3f70e7a095,"{""distance"":5,""physical_error_rate"":0.05}","{""detection_events"":1163,""detectors_checked"":7168,""obs_mistake_mask=E"":4}"
        16,         5,         0,   0.358,exact_mw,7def73f725f8347dc4de7c57664b66d91778cc6018e33f45b3defe89c7a0cfc0,"{""distance"":5,""physical_error_rate"":0.1}","{""detection_events"":985,""detectors_checked"":3584,""obs_mistake_mask=E"":5}"
       512,         0,         0,   0.109,exact_mw,3208f56225bbcac0e2804eb6f92d0a8b681652a702ca1ec920ccd7367f0e0899,"{""distance"":5,""physical_error_rate"":0.002}","{""detection_events"":997,""detectors_checked"":114688}"
      1024,         0,         0,   0.166,exact_mw,3208f56225bbcac0e2804eb6f92d0a8b681652a702ca1ec920ccd7367f0e0899,"{""distance"":5,""physical_error_rate"":0.002}","{""detection_events"":1917,""detectors_checked"":229376}"
        32,        15,         0,   0.490,exact_mw,14059eecea5f7bdc562c01e7682d53b775a747f80d40379178915ac673e3b6bb,"{""distance"":5,""physical_error_rate"":0.5}","{""detection_events"":3599,""detectors_checked"":7168,""obs_mistake_mask=E"":15}"
      2048,         0,         0,   0.528,exact_mw,3208f56225bbcac0e2804eb6f92d0a8b681652a702ca1ec920ccd7367f0e0899,"{""distance"":5,""physical_error_rate"":0.002}","{""detection_events"":4013,""detectors_checked"":458752}"
      6144,         0,         0,   0.071,exact_mw,cb12ae119b9b2ba18d0216e7235b403229e92fd0743ede48fe7f1a2c6f45d594,"{""distance"":5,""physical_error_rate"":0.0005}","{""detection_events"":3011,""detectors_checked"":1376256}"
        32,        17,         0,   0.616,exact_mw,14059eecea5f7bdc562c01e7682d53b775a747f80d40379178915ac673e3b6bb,"{""distance"":5,""physical_error_rate"":0.5}","{""detection_events"":3517,""detectors_checked"":7168,""obs_mistake_mask=E"":17}"
      6144,         0,         0,   0.070,exact_mw,cdc4a450a40af8e24899239080e4c40992fb5baf91c5a31ab3a165eacb3a1ab3,"{""distance"":5,""physical_error_rate"":0.0002}","{""detection_events"":1142,""detectors_checked"":1376256}"
        32,        19,         0,   0.737,exact_mw,14059eecea5f7bdc562c01e7682d53b775a747f80d40379178915ac673e3b6bb,"{""distance"":5,""physical_error_rate"":0.5}","{""detection_events"":3695,""detectors_checked"":7168,""obs_mistake_mask=E"":19}"
      3072,         0,         0,   0.054,exact_mw,70a969f5042aec17ac076c6379f4170fb7c69b8e925756ef3b7334e28a33338b,"{""distance"":5,""physical_error_rate"":0.0001}","{""detection_events"":316,""detectors_checked"":688128}"
       128,         0,         0,   0.951,exact_mw,72230d8c06b5a71069df48ede6f7f3e6128cd83e8239dd1b2e5fe023578b6eb1,"{""distance"":5,""physical_error_rate"":0.01}","{""detection_events"":1278,""detectors_checked"":28672}"
    103424,         0,         0,    1.07,exact_mw,70a969f5042aec17ac076c6379f4170fb7c69b8e925756ef3b7334e28a33338b,"{""distance"":5,""physical_error_rate"":0.0001}","{""detection_events"":10281,""detectors_checked"":23166976}"
       128,         1,         0,   0.900,exact_mw,72230d8c06b5a71069df48ede6f7f3e6128cd83e8239dd1b2e5fe023578b6eb1,"{""distance"":5,""physical_error_rate"":0.01}","{""detection_events"":1198,""detectors_checked"":28672,""obs_mistake_mask=E"":1}"
     17408,         0,         0,   0.213,exact_mw,cb12ae119b9b2ba18d0216e7235b403229e92fd0743ede48fe7f1a2c6f45d594,"{""distance"":5,""physical_error_rate"":0.0005}","{""detection_events"":8336,""detectors_checked"":3899392}"
       256,         0,         0,   0.598,exact_mw,38b7ae1c4e8407fc325e0d9e43e9f92ff26dcb3f5cf7b98d24ea74c9e5188d39,"{""distance"":5,""physical_error_rate"":0.005}","{""detection_events"":1157,""detectors_checked"":57344}"
         1,         0,         0,   0.006,exact_mw,7b4896c0e7f0a510554d89637fd747b157418067a95869d1f0661294d473d1dc,"{""distance"":5,""physical_error_rate"":0.02}","{""detection_events"":16,""detectors_checked"":224}"
      8192,         0,         0,   0.093,exact_mw,cdc4a450a40af8e24899239080e4c40992fb5baf91c5a31ab3a165eacb3a1ab3,"{""distance"":5,""physical_error_rate"":0.0002}","{""detection_events"":1646,""detectors_checked"":1835008}"
     75776,         0,         0,   0.791,exact_mw,f32ebecd8e105e50ec838d33c5ed9b45444b6b44a3c6ac541111079f2b14e893,"{""distance"":5,""physical_error_rate"":5e-05}","{""detection_events"":3841,""detectors_checked"":16973824}"
        32,        20,         0,   0.589,exact_mw,14059eecea5f7bdc562c01e7682d53b775a747f80d40379178915ac673e3b6bb,"{""distance"":5,""physical_error_rate"":0.5}","{""detection_events"":3542,""detectors_checked"":7168,""obs_mistake_mask=E"":20}"
      5120,         0,         0,   0.069,exact_mw,cb12ae119b9b2ba18d0216e7235b403229e92fd0743ede48fe7f1a2c6f45d594,"{""distance"":5,""physical_error_rate"":0.0005}","{""detection_events"":2446,""detectors_checked"":1146880}"
     10240,         0,         0,   0.235,exact_mw,cb12ae119b9b2ba18d0216e7235b403229e92fd0743ede48fe7f1a2c6f45d594,"{""distance"":5,""physical_error_rate"":0.0005}","{""detection_events"":5102,""detectors_checked"":2293760}"
         1,         1,         0,   0.005,exact_mw,d68317bf2f4c69d73359111c5597779a07d8ed85f1f94573f1c8a2f6c683850d,"{""distance"":5,""physical_error_rate"":0.2}","{""detection_events"":83,""detectors_checked"":224,""obs_mistake_mask=E"":1}"
      3072,         0,         0,   0.813,exact_mw,3208f56225bbcac0e2804eb6f92d0a8b681652a702ca1ec920ccd7367f0e0899,"{""distance"":5,""physical_error_rate"":0.002}","{""detection_events"":6222,""detectors_checked"":688128}"
      1024,         0,         0,   0.049,exact_mw,bb90ec3459e353008cf9a5bb9142bf1e8515517a9e167021b225104594e48e8a,"{""distance"":5,""physical_error_rate"":0.001}","{""detection_events"":971,""detectors_checked"":229376}"
        64,         0,         0,   0.432,exact_mw,72230d8c06b5a71069df48ede6f7f3e6128cd83e8239dd1b2e5fe023578b6eb1,"{""distance"":5,""physical_error_rate"":0.01}","{""detection_events"":606,""detectors_checked"":14336}"
        32,        18,         0,   0.614,exact_mw,d68317bf2f4c69d73359111c5597779a07d8ed85f1f94573f1c8a2f6c683850d,"{""distance"":5,""physical_error_rate"":0.2}","{""detection_events"":2803,""detectors_checked"":7168,""obs_mistake_mask=E"":18}"
        16,         0,         0,   0.261,exact_mw,7b4896c0e7f0a510554d89637fd747b157418067a95869d1f0661294d473d1dc,"{""distance"":5,""physical_error_rate"":0.02}","{""detection_events"":275,""detectors_checked"":3584}"
      4096,         0,         0,   0.047,exact_mw,70a969f5042aec17ac076c6379f4170fb7c69b8e925756ef3b7334e28a33338b,"{""distance"":5,""physical_error_rate"":0.0001}","{""detection_events"":393,""detectors_checked"":917504}"
      1024,         0,         0,   0.013,exact_mw,bb90ec3459e353008cf9a5bb9142bf1e8515517a9e167021b225104594e48e8a,"{""distance"":5,""physical_error_rate"":0.001}","{""detection_events"":955,""detectors_checked"":229376}"
       256,         0,         0,   0.555,exact_mw,38b7ae1c4e8407fc325e0d9e43e9f92ff26dcb3f5cf7b98d24ea74c9e5188d39,"{""distance"":5,""physical_error_rate"":0.005}","{""detection_events"":1300,""detectors_checked"":57344}"
        16,         7,         0,   0.287,exact_mw,7def73f725f8347dc4de7c57664b66d91778cc6018e33f45b3defe89c7a0cfc0,"{""distance"":5,""physical_error_rate"":0.1}","{""detection_events"":1009,""detectors_checked"":3584,""obs_mistake_mask=E"":7}"
     57344,         0,         0,   0.792,exact_mw,f32ebecd8e105e50ec838d33c5ed9b45444b6b44a3c6ac541111079f2b14e893,"{""distance"":5,""physical_error_rate"":5e-05}","{""detection_events"":2899,""detectors_checked"":12845056}"
     28672,         0,         0,   0.577,exact_mw,cb12ae119b9b2ba18d0216e7235b403229e92fd0743ede48fe7f1a2c6f45d594,"{""distance"":5,""physical_error_rate"":0.0005}","{""detection_events"":14207,""detectors_checked"":6422528}"
        64,         1,         0,   0.384,exact_mw,72230d8c06b5a71069df48ede6f7f3e6128cd83e8239dd1b2e5fe023578b6eb1,"{""distance"":5,""physical_error_rate"":0.01}","{""detection_events"":581,""detectors_checked"":14336,""obs_mistake_mask=E"":1}"
     18432,         0,         0,   0.828,exact_mw,bb90ec3459e353008cf9a5bb9142bf1e8515517a9e167021b225104594e48e8a,"{""distance"":5,""physical_error_rate"":0.001}","{""detection_events"":18353,""detectors_checked"":4128768}"
      4096,         0,         0,   0.057,exact_mw,70a969f5042aec17ac076c6379f4170fb7c69b8e925756ef3b7334e28a33338b,"{""distance"":5,""physical_error_rate"":0.0001}","{""detection_events"":394,""detectors_checked"":917504}"
        16,         1,         0,   0.197,exact_mw,7b4896c0e7f0a510554d89637fd747b157418067a95869d1f0661294d473d1dc,"{""distance"":5,""physical_error_rate"":0.02}","{""detection_events"":290,""detectors_checked"":3584,""obs_mistake_mask=E"":1}"
        32,        18,         0,   0.701,exact_mw,d68317bf2f4c69d73359111c5597779a07d8ed85f1f94573f1c8a2f6c683850d,"{""distance"":5,""physical_error_rate"":0.2}","{""detection_events"":2835,""detectors_checked"":7168,""obs_mistake_mask=E"":18}"
      8192,         0,         0,   0.129,exact_mw,cdc4a450a40af8e24899239080e4c40992fb5baf91c5a31ab3a165eacb3a1ab3,"{""distance"":5,""physical_error_rate"":0.0002}","{""detection_events"":1567,""detectors_checked"":1835008}"
        32,        18,         0,   0.607,exact_mw,d68317bf2f4c69d73359111c5597779a07d8ed85f1f94573f1c8a2f6c683850d,"{""distance"":5,""physical_error_rate"":0.2}","{""detection_events"":2877,""detectors_checked"":7168,""obs_mistake_mask=E"":18}"
      2048,         0,         0,   0.102,exact_mw,bb90ec3459e353008cf9a5bb9142bf1e8515517a9e167021b225104594e48e8a,"{""distance"":5,""physical_error_rate"":0.001}","{""detection_events"":2028,""detectors_checked"":458752}"
     11264,         0,         0,   0.117,exact_mw,cdc4a450a40af8e24899239080e4c40992fb5baf91c5a31ab3a165eacb3a1ab3,"{""distance"":5,""physical_error_rate"":0.0002}","{""detection_events"":2060,""detectors_checked"":2523136}"
         1,         0,         0,   0.025,exact_mw,14059eecea5f7bdc562c01e7682d53b775a747f80d40379178915ac673e3b6bb,"{""distance"":5,""physical_error_rate"":0.5}","{""detection_events"":122,""detectors_checked"":224}"
       256,         0,         0,   0.405,exact_mw,38b7ae1c4e8407fc325e0d9e43e9f92ff26dcb3f5cf7b98d24ea74c9e5188d39,"{""distance"":5,""physical_error_rate"":0.005}","{""detection_events"":1207,""detectors_checked"":57344}"
     17408,         0,         0,   0.278,exact_mw,70a969f5042aec17ac076c6379f4170fb7c69b8e925756ef3b7334e28a33338b,"{""distance"":5,""physical_error_rate"":0.0001}","{""detection_events"":1836,""detectors_checked"":3899392}"
        32,        14,         0,   0.662,exact_mw,7def73f725f8347dc4de7c57664b66d91778cc6018e33f45b3defe89c7a0cfc0,"{""distance"":5,""physical_error_rate"":0.1}","{""detection_events"":1898,""detectors_checked"":7168,""obs_mistake_mask=E"":14}"
        32,         5,         0,   0.630,exact_mw,7fd11737ba5953e5998cf5d5ab7672462ce2ff07a9ab0f8628176a3f70e7a095,"{""distance"":5,""physical_error_rate"":0.05}","{""detection_events"":1252,""detectors_checked"":7168,""obs_mistake_mask=E"":5}"
     95232,         0,         0,    1.10,exact_mw,70a969f5042aec17ac076c6379f4170fb7c69b8e925756ef3b7334e28a33338b,"{""distance"":5,""physical_error_rate"":0.0001}","{""detection_events"":9205,""detectors_checked"":21331968}"
      1024,         0,         0,   0.216,exact_mw,3208f56225bbcac0e2804eb6f92d0a8b681652a702ca1ec920ccd7367f0e0899,"{""distance"":5,""physical_error_rate"":0.002}","{""detection_events"":2034,""detectors_checked"":229376}"
      5120,         0,         0,   0.147,exact_mw,cb12ae119b9b2ba18d0216e7235b403229e92fd0743ede48fe7f1a2c6f45d594,"{""distance"":5,""physical_error_rate"":0.0005}","{""detection_events"":2403,""detectors_checked"":1146880}"
        64,        35,         0,    1.05,exact_mw,14059eecea5f7bdc562c01e7682d53b775a747f80d40379178915ac673e3b6bb,"{""distance"":5,""physical_error_rate"":0.5}","{""detection_events"":7185,""detectors_checked"":14336,""obs_mistake_mask=E"":35}"
      7168,         0,         0,   0.106,exact_mw,70a969f5042aec17ac076c6379f4170fb7c69b8e925756ef3b7334e28a33338b,"{""distance"":5,""physical_error_rate"":0.0001}","{""detection_events"":686,""detectors_checked"":1605632}"
        64,         2,         0,   0.916,exact_mw,7b4896c0e7f0a510554d89637fd747b157418067a95869d1f0661294d473d1dc,"{""distance"":5,""physical_error_rate"":0.02}","{""detection_events"":1208,""detectors_checked"":14336,""obs_mistake_mask=E"":2}"
      1024,         0,         0,   0.233,exact_mw,3208f56225bbcac0e2804eb6f92d0a8b681652a702ca1ec920ccd7367f0e0899,"{""distance"":5,""physical_error_rate"":0.002}","{""detection_events"":1982,""detectors_checked"":229376}"
        16,         7,         0,   0.233,exact_mw,7def73f725f8347dc4de7c57664b66d91778cc6018e33f45b3defe89c7a0cfc0,"{""distance"":5,""physical_error_rate"":0.1}","{""detection_events"":1036,""detectors_checked"":3584,""obs_mistake_mask=E"":7}"
     47104,         0,         0,   0.790,exact_mw,cdc4a450a40af8e24899239080e4c40992fb5baf91c5a31ab3a165eacb3a1ab3,"{""distance"":5,""physical_error_rate"":0.0002}","{""detection_events"":9199,""detectors_checked"":10551296}"
    141312,         0,         0,    2.13,exact_mw,cb12ae119b9b2ba18d0216e7235b403229e92fd0743ede48fe7f1a2c6f45d594,"{""distance"":5,""physical_error_rate"":0.0005}","{""detection_events"":69249,""detectors_checked"":31653888}"
     57344,         0,         0,   0.797,exact_mw,cdc4a450a40af8e24899239080e4c40992fb5baf91c5a31ab3a165eacb3a1ab3,"{""distance"":5,""physical_error_rate"":0.0002}","{""detection_events"":11473,""detectors_checked"":12845056}"
     19456,         0,         0,   0.814,exact_mw,bb90ec3459e353008cf9a5bb9142bf1e8515517a9e167021b225104594e48e8a,"{""distance"":5,""physical_error_rate"":0.001}","{""detection_events"":19169,""detectors_checked"":4358144}"
      1024,         0,         0,   0.321,exact_mw,3208f56225bbcac0e2804eb6f92d0a8b681652a702ca1ec920ccd7367f0e0899,"{""distance"":5,""physical_error_rate"":0.002}","{""detection_events"":2050,""detectors_checked"":229376}"
        32,         8,         0,   0.520,exact_mw,7fd11737ba5953e5998cf5d5ab7672462ce2ff07a9ab0f8628176a3f70e7a095,"{""distance"":5,""physical_error_rate"":0.05}","{""detection_events"":1256,""detectors_checked"":7168,""obs_mistake_mask=E"":8}"
       128,         0,         0,   0.734,exact_mw,72230d8c06b5a71069df48ede6f7f3e6128cd83e8239dd1b2e5fe023578b6eb1,"{""distance"":5,""physical_error_rate"":0.01}","{""detection_events"":1202,""detectors_checked"":28672}"
     18432,         0,         0,   0.269,exact_mw,cb12ae119b9b2ba18d0216e7235b403229e92fd0743ede48fe7f1a2c6f45d594,"{""distance"":5,""physical_error_rate"":0.0005}","{""detection_events"":9392,""detectors_checked"":4128768}"
        16,         0,         0,   0.238,exact_mw,7b4896c0e7f0a510554d89637fd747b157418067a95869d1f0661294d473d1dc,"{""distance"":5,""physical_error_rate"":0.02}","{""detection_events"":283,""detectors_checked"":3584}"
        32,        14,         0,   0.507,exact_mw,d68317bf2f4c69d73359111c5597779a07d8ed85f1f94573f1c8a2f6c683850d,"{""distance"":5,""physical_error_rate"":0.2}","{""detection_events"":2871,""detectors_checked"":7168,""obs_mistake_mask=E"":14}"
      3072,         0,         0,   0.147,exact_mw,bb90ec3459e353008cf9a5bb9142bf1e8515517a9e167021b225104594e48e8a,"{""distance"":5,""physical_error_rate"":0.001}","{""detection_events"":3141,""detectors_checked"":688128}"
        32,         8,         0,   0.699,exact_mw,7fd11737ba5953e5998cf5d5ab7672462ce2ff07a9ab0f8628176a3f70e7a095,"{""distance"":5,""physical_error_rate"":0.05}","{""detection_events"":1225,""detectors_checked"":7168,""obs_mistake_mask=E"":8}"
        32,         9,         0,   0.636,exact_mw,7fd11737ba5953e5998cf5d5ab7672462ce2ff07a9ab0f8628176a3f70e7a095,"{""distance"":5,""physical_error_rate"":0.05}","{""detection_events"":1248,""detectors_checked"":7168,""obs_mistake_mask=E"":9}"
         1,         0,         0,   0.007,exact_mw,7fd11737ba5953e5998cf5d5ab7672462ce2ff07a9ab0f8628176a3f70e7a095,"{""distance"":5,""physical_error_rate"":0.05}","{""detection_events"":27,""detectors_checked"":224}"
       256,         0,         0,   0.545,exact_mw,38b7ae1c4e8407fc325e0d9e43e9f92ff26dcb3f5cf7b98d24ea74c9e5188d39,"{""distance"":5,""physical_error_rate"":0.005}","{""detection_events"":1183,""detectors_checked"":57344}"
    204800,         3,         0,    2.15,exact_mw,bb90ec3459e353008cf9a5bb9142bf1e8515517a9e167021b225104594e48e8a,"{""distance"":5,""physical_error_rate"":0.001}","{""detection_events"":201682,""detectors_checked"":45875200,""obs_mistake_mask=E"":3}"
        16,         7,         0,   0.409,exact_mw,d68317bf2f4c69d73359111c5597779a07d8ed85f1f94573f1c8a2f6c683850d,"{""distance"":5,""physical_error_rate"":0.2}","{""detection_events"":1402,""detectors_checked"":3584,""obs_mistake_mask=E"":7}"
        32,         9,         0,   0.672,exact_mw,7fd11737ba5953e5998cf5d5ab7672462ce2ff07a9ab0f8628176a3f70e7a095,"{""distance"":5,""physical_error_rate"":0.05}","{""detection_events"":1201,""detectors_checked"":7168,""obs_mistake_mask=E"":9}"
        32,         9,         0,   0.687,exact_mw,7def73f725f8347dc4de7c57664b66d91778cc6018e33f45b3defe89c7a0cfc0,"{""distance"":5,""physical_error_rate"":0.1}","{""detection_events"":2061,""detectors_checked"":7168,""obs_mistake_mask=E"":9}"
     15360,         0,         0,   0.292,exact_mw,cb12ae119b9b2ba18d0216e7235b403229e92fd0743ede48fe7f1a2c6f45d594,"{""distance"":5,""physical_error_rate"":0.0005}","{""detection_events"":7683,""detectors_checked"":3440640}"
     16384,         0,         0,   0.205,exact_mw,cdc4a450a40af8e24899239080e4c40992fb5baf91c5a31ab3a165eacb3a1ab3,"{""distance"":5,""physical_error_rate"":0.0002}","{""detection_events"":3254,""detectors_checked"":3670016}"
        16,        10,         0,   0.303,exact_mw,d68317bf2f4c69d73359111c5597779a07d8ed85f1f94573f1c8a2f6c683850d,"{""distance"":5,""physical_error_rate"":0.2}","{""detection_events"":1491,""detectors_checked"":3584,""obs_mistake_mask=E"":10}"
        32,        14,         0,   0.591,exact_mw,d68317bf2f4c69d73359111c5597779a07d8ed85f1f94573f1c8a2f6c683850d,"{""distance"":5,""physical_error_rate"":0.2}","{""detection_events"":2853,""detectors_checked"":7168,""obs_mistake_mask=E"":14}"
     68608,         0,         0,    1.11,exact_mw,70a969f5042aec17ac076c6379f4170fb7c69b8e925756ef3b7334e28a33338b,"{""distance"":5,""physical_error_rate"":0.0001}","{""detection_events"":7065,""detectors_checked"":15368192}"
     13312,         0,         0,   0.183,exact_mw,cdc4a450a40af8e24899239080e4c40992fb5baf91c5a31ab3a165eacb3a1ab3,"{""distance"":5,""physical_error_rate"":0.0002}","{""detection_events"":2806,""detectors_checked"":2981888}"
       128,         1,         0,   0.953,exact_mw,72230d8c06b5a71069df48ede6f7f3e6128cd83e8239dd1b2e5fe023578b6eb1,"{""distance"":5,""physical_error_rate"":0.01}","{""detection_events"":1193,""detectors_checked"":28672,""obs_mistake_mask=E"":1}"
     11264,         0,         0,   0.149,exact_mw,70a969f5042aec17ac076c6379f4170fb7c69b8e925756ef3b7334e28a33338b,"{""distance"":5,""physical_error_rate"":0.0001}","{""detection_events"":1093,""detectors_checked"":2523136}"
      1024,         0,         0,   0.151,exact_mw,3208f56225bbcac0e2804eb6f92d0a8b681652a702ca1ec920ccd7367f0e0899,"{""distance"":5,""physical_error_rate"":0.002}","{""detection_events"":1939,""detectors_checked"":229376}"
        64,        14,         0,   0.864,exact_mw,7fd11737ba5953e5998cf5d5ab7672462ce2ff07a9ab0f8628176a3f70e7a095,"{""distance"":5,""physical_error_rate"":0.05}","{""detection_events"":2467,""detectors_checked"":14336,""obs_mistake_mask=E"":14}"
      9216,         0,         0,   0.191,exact_mw,cb12ae119b9b2ba18d0216e7235b403229e92fd0743ede48fe7f1a2c6f45d594,"{""distance"":5,""physical_error_rate"":0.0005}","{""detection_events"":4591,""detectors_checked"":2064384}"
      7168,         2,         0,    1.15,exact_mw,3208f56225bbcac0e2804eb6f92d0a8b681652a702ca1ec920ccd7367f0e0899,"{""distance"":5,""physical_error_rate"":0.002}","{""detection_events"":14162,""detectors_checked"":1605632,""obs_mistake_mask=E"":2}"
        32,        18,         0,   0.603,exact_mw,7def73f725f8347dc4de7c57664b66d91778cc6018e33f45b3defe89c7a0cfc0,"{""distance"":5,""physical_error_rate"":0.1}","{""detection_events"":1976,""detectors_checked"":7168,""obs_mistake_mask=E"":18}"
        32,        18,         0,    1.88,exact_mw,7def73f725f8347dc4de7c57664b66d91778cc6018e33f45b3defe89c7a0cfc0,"{""distance"":5,""physical_error_rate"":0.1}","{""detection_events"":1994,""detectors_checked"":7168,""obs_mistake_mask=E"":18}"
     64512,         0,         0,   0.793,exact_mw,cdc4a450a40af8e24899239080e4c40992fb5baf91c5a31ab3a165eacb3a1ab3,"{""distance"":5,""physical_error_rate"":0.0002}","{""detection_events"":12776,""detectors_checked"":14450688}"
        64,         2,         0,   0.514,exact_mw,7b4896c0e7f0a510554d89637fd747b157418067a95869d1f0661294d473d1dc,"{""distance"":5,""physical_error_rate"":0.02}","{""detection_events"":1224,""detectors_checked"":14336,""obs_mistake_mask=E"":2}"
     69632,         0,         0,    1.09,exact_mw,cdc4a450a40af8e24899239080e4c40992fb5baf91c5a31ab3a165eacb3a1ab3,"{""distance"":5,""physical_error_rate"":0.0002}","{""detection_events"":13659,""detectors_checked"":15597568}"
        64,         0,         0,   0.383,exact_mw,72230d8c06b5a71069df48ede6f7f3e6128cd83e8239dd1b2e5fe023578b6eb1,"{""distance"":5,""physical_error_rate"":0.01}","{""detection_events"":645,""detectors_checked"":14336}"
     45056,         0,         0,   0.793,exact_mw,cb12ae119b9b2ba18d0216e7235b403229e92fd0743ede48fe7f1a2c6f45d594,"{""distance"":5,""physical_error_rate"":0.0005}","{""detection_events"":22202,""detectors_checked"":10092544}"
      4096,         0,         0,   0.681,exact_mw,bb90ec3459e353008cf9a5bb9142bf1e8515517a9e167021b225104594e48e8a,"{""distance"":5,""physical_error_rate"":0.001}","{""detection_events"":4018,""detectors_checked"":917504}"
        32,        17,         0,   0.562,exact_mw,7def73f725f8347dc4de7c57664b66d91778cc6018e33f45b3defe89c7a0cfc0,"{""distance"":5,""physical_error_rate"":0.1}","{""detection_events"":2031,""detectors_checked"":7168,""obs_mistake_mask=E"":17}"
     51200,         0,         0,   0.798,exact_mw,f32ebecd8e105e50ec838d33c5ed9b45444b6b44a3c6ac541111079f2b14e893,"{""distance"":5,""physical_error_rate"":5e-05}","{""detection_events"":2563,""detectors_checked"":11468800}"
     48128,         0,         0,   0.737,exact_mw,cdc4a450a40af8e24899239080e4c40992fb5baf91c5a31ab3a165eacb3a1ab3,"{""distance"":5,""physical_error_rate"":0.0002}","{""detection_events"":9549,""detectors_checked"":10780672}"
     78848,         0,         0,    1.11,exact_mw,70a969f5042aec17ac076c6379f4170fb7c69b8e925756ef3b7334e28a33338b,"{""distance"":5,""physical_error_rate"":0.0001}","{""detection_events"":7967,""detectors_checked"":17661952}"
        32,         5,         0,   0.479,exact_mw,7fd11737ba5953e5998cf5d5ab7672462ce2ff07a9ab0f8628176a3f70e7a095,"{""distance"":5,""physical_error_rate"":0.05}","{""detection_events"":1188,""detectors_checked"":7168,""obs_mistake_mask=E"":5}"
        64,         1,         0,   0.378,exact_mw,72230d8c06b5a71069df48ede6f7f3e6128cd83e8239dd1b2e5fe023578b6eb1,"{""distance"":5,""physical_error_rate"":0.01}","{""detection_events"":585,""detectors_checked"":14336,""obs_mistake_mask=E"":1}"
        32,        21,         0,   0.579,exact_mw,14059eecea5f7bdc562c01e7682d53b775a747f80d40379178915ac673e3b6bb,"{""distance"":5,""physical_error_rate"":0.5}","{""detection_events"":3510,""detectors_checked"":7168,""obs_mistake_mask=E"":21}"
     17408,         0,         0,   0.797,exact_mw,bb90ec3459e353008cf9a5bb9142bf1e8515517a9e167021b225104594e48e8a,"{""distance"":5,""physical_error_rate"":0.001}","{""detection_events"":17040,""detectors_checked"":3899392}"
        32,        14,         0,   0.619,exact_mw,14059eecea5f7bdc562c01e7682d53b775a747f80d40379178915ac673e3b6bb,"{""distance"":5,""physical_error_rate"":0.5}","{""detection_events"":3567,""detectors_checked"":7168,""obs_mistake_mask=E"":14}"
       256,         0,         0,   0.559,exact_mw,38b7ae1c4e8407fc325e0d9e43e9f92ff26dcb3f5cf7b98d24ea74c9e5188d39,"{""distance"":5,""physical_error_rate"":0.005}","{""detection_events"":1222,""detectors_checked"":57344}"
        64,         3,         0,   0.785,exact_mw,7b4896c0e7f0a510554d89637fd747b157418067a95869d1f0661294d473d1dc,"{""distance"":5,""physical_error_rate"":0.02}","{""detection_events"":1180,""detectors_checked"":14336,""obs_mistake_mask=E"":3}"
       256,         1,         0,   0.538,exact_mw,38b7ae1c4e8407fc325e0d9e43e9f92ff26dcb3f5cf7b98d24ea74c9e5188d39,"{""distance"":5,""physical_error_rate"":0.005}","{""detection_events"":1235,""detectors_checked"":57344,""obs_mistake_mask=E"":1}"
    116736,         0,         0,    2.13,exact_mw,cb12ae119b9b2ba18d0216e7235b403229e92fd0743ede48fe7f1a2c6f45d594,"{""distance"":5,""physical_error_rate"":0.0005}","{""detection_events"":57281,""detectors_checked"":26148864}"
        32,        20,         0,   0.542,exact_mw,14059eecea5f7bdc562c01e7682d53b775a747f80d40379178915ac673e3b6bb,"{""distance"":5,""physical_error_rate"":0.5}","{""detection_events"":3599,""detectors_checked"":7168,""obs_mistake_mask=E"":20}"
      3072,         0,         0,   0.206,exact_mw,bb90ec3459e353008cf9a5bb9142bf1e8515517a9e167021b225104594e48e8a,"{""distance"":5,""physical_error_rate"":0.001}","{""detection_events"":2834,""detectors_checked"":688128}"
       256,         0,         0,   0.615,exact_mw,38b7ae1c4e8407fc325e0d9e43e9f92ff26dcb3f5cf7b98d24ea74c9e5188d39,"{""distance"":5,""physical_error_rate"":0.005}","{""detection_events"":1317,""detectors_checked"":57344}"
        16,         8,         0,   0.324,exact_mw,14059eecea5f7bdc562c01e7682d53b775a747f80d40379178915ac673e3b6bb,"{""distance"":5,""physical_error_rate"":0.5}","{""detection_events"":1801,""detectors_checked"":3584,""obs_mistake_mask=E"":8}"
        16,         8,         0,   0.955,exact_mw,d68317bf2f4c69d73359111c5597779a07d8ed85f1f94573f1c8a2f6c683850d,"{""distance"":5,""physical_error_rate"":0.2}","{""detection_events"":1427,""detectors_checked"":3584,""obs_mistake_mask=E"":8}"
        32,        17,         0,   0.779,exact_mw,d68317bf2f4c69d73359111c5597779a07d8ed85f1f94573f1c8a2f6c683850d,"{""distance"":5,""physical_error_rate"":0.2}","{""detection_events"":2823,""detectors_checked"":7168,""obs_mistake_mask=E"":17}"
         1,         0,         0,   0.005,exact_mw,72230d8c06b5a71069df48ede6f7f3e6128cd83e8239dd1b2e5fe023578b6eb1,"{""distance"":5,""physical_error_rate"":0.01}","{""detection_events"":7,""detectors_checked"":224}"
     41984,         0,         0,   0.806,exact_mw,cb12ae119b9b2ba18d0216e7235b403229e92fd0743ede48fe7f1a2c6f45d594,"{""distance"":5,""physical_error_rate"":0.0005}","{""detection_events"":20942,""detectors_checked"":9404416}"
    141312,         0,         0,    1.56,exact_mw,f32ebecd8e105e50ec838d33c5ed9b45444b6b44a3c6ac541111079f2b14e893,"{""distance"":5,""physical_error_rate"":5e-05}","{""detection_events"":6924,""detectors_checked"":31653888}"
        32,         9,         0,   0.507,exact_mw,14059eecea5f7bdc562c01e7682d53b775a747f80d40379178915ac673e3b6bb,"{""distance"":5,""physical_error_rate"":0.5}","{""detection_events"":3544,""detectors_checked"":7168,""obs_mistake_mask=E"":9}"
        32,        18,         0,   0.663,exact_mw,7def73f725f8347dc4de7c57664b66d91778cc6018e33f45b3defe89c7a0cfc0,"{""distance"":5,""physical_error_rate"":0.1}","{""detection_events"":2013,""detectors_checked"":7168,""obs_mistake_mask=E"":18}"
        32,        15,         0,   0.574,exact_mw,14059eecea5f7bdc562c01e7682d53b775a747f80d40379178915ac673e3b6bb,"{""distance"":5,""physical_error_rate"":0.5}","{""detection_events"":3557,""detectors_checked"":7168,""obs_mistake_mask=E"":15}"
    115712,         0,         0,    1.55,exact_mw,70a969f5042aec17ac076c6379f4170fb7c69b8e925756ef3b7334e28a33338b,"{""distance"":5,""physical_error_rate"":0.0001}","{""detection_events"":11311,""detectors_checked"":25919488}"
        32,        15,         0,   0.598,exact_mw,14059eecea5f7bdc562c01e7682d53b775a747f80d40379178915ac673e3b6bb,"{""distance"":5,""physical_error_rate"":0.5}","{""detection_events"":3562,""detectors_checked"":7168,""obs_mistake_mask=E"":15}"
       128,         0,         0,   0.903,exact_mw,72230d8c06b5a71069df48ede6f7f3e6128cd83e8239dd1b2e5fe023578b6eb1,"{""distance"":5,""physical_error_rate"":0.01}","{""detection_events"":1119,""detectors_checked"":28672}"
     19456,         0,         0,   0.207,exact_mw,70a969f5042aec17ac076c6379f4170fb7c69b8e925756ef3b7334e28a33338b,"{""distance"":5,""physical_error_rate"":0.0001}","{""detection_events"":1814,""detectors_checked"":4358144}"
     24576,         0,         0,   0.423,exact_mw,70a969f5042aec17ac076c6379f4170fb7c69b8e925756ef3b7334e28a33338b,"{""distance"":5,""physical_error_rate"":0.0001}","{""detection_events"":2567,""detectors_checked"":5505024}"
        16,         0,         0,   0.040,exact_mw,72230d8c06b5a71069df48ede6f7f3e6128cd83e8239dd1b2e5fe023578b6eb1,"{""distance"":5,""physical_error_rate"":0.01}","{""detection_events"":132,""detectors_checked"":3584}"
      2048,         0,         0,   0.399,exact_mw,3208f56225bbcac0e2804eb6f92d0a8b681652a702ca1ec920ccd7367f0e0899,"{""distance"":5,""physical_error_rate"":0.002}","{""detection_events"":3879,""detectors_checked"":458752}"
        32,        17,         0,   0.563,exact_mw,d68317bf2f4c69d73359111c5597779a07d8ed85f1f94573f1c8a2f6c683850d,"{""distance"":5,""physical_error_rate"":0.2}","{""detection_events"":2857,""detectors_checked"":7168,""obs_mistake_mask=E"":17}"
     62464,         0,         0,   0.801,exact_mw,cdc4a450a40af8e24899239080e4c40992fb5baf91c5a31ab3a165eacb3a1ab3,"{""distance"":5,""physical_error_rate"":0.0002}","{""detection_events"":12257,""detectors_checked"":13991936}"
        32,         1,         0,   0.484,exact_mw,7b4896c0e7f0a510554d89637fd747b157418067a95869d1f0661294d473d1dc,"{""distance"":5,""physical_error_rate"":0.02}","{""detection_events"":549,""detectors_checked"":7168,""obs_mistake_mask=E"":1}"
        32,         2,         0,   0.550,exact_mw,7b4896c0e7f0a510554d89637fd747b157418067a95869d1f0661294d473d1dc,"{""distance"":5,""physical_error_rate"":0.02}","{""detection_events"":582,""detectors_checked"":7168,""obs_mistake_mask=E"":2}"
       256,         0,         0,   0.538,exact_mw,38b7ae1c4e8407fc325e0d9e43e9f92ff26dcb3f5cf7b98d24ea74c9e5188d39,"{""distance"":5,""physical_error_rate"":0.005}","{""detection_events"":1130,""detectors_checked"":57344}"
       256,         1,         0,   0.569,exact_mw,38b7ae1c4e8407fc325e0d9e43e9f92ff26dcb3f5cf7b98d24ea74c9e5188d39,"{""distance"":5,""physical_error_rate"":0.005}","{""detection_events"":1251,""detectors_checked"":57344,""obs_mistake_mask=E"":1}"
        32,        13,         0,   0.769,exact_mw,14059eecea5f7bdc562c01e7682d53b775a747f80d40379178915ac673e3b6bb,"{""distance"":5,""physical_error_rate"":0.5}","{""detection_events"":3586,""detectors_checked"":7168,""obs_mistake_mask=E"":13}"
        32,        12,         0,   0.563,exact_mw,7def73f725f8347dc4de7c57664b66d91778cc6018e33f45b3defe89c7a0cfc0,"{""distance"":5,""physical_error_rate"":0.1}","{""detection_events"":1961,""detectors_checked"":7168,""obs_mistake_mask=E"":12}"
        16,         5,         0,   0.336,exact_mw,7fd11737ba5953e5998cf5d5ab7672462ce2ff07a9ab0f8628176a3f70e7a095,"{""distance"":5,""physical_error_rate"":0.05}","{""detection_events"":655,""detectors_checked"":3584,""obs_mistake_mask=E"":5}"
        16,         5,         0,   0.331,exact_mw,d68317bf2f4c69d73359111c5597779a07d8ed85f1f94573f1c8a2f6c683850d,"{""distance"":5,""physical_error_rate"":0.2}","{""detection_events"":1451,""detectors_checked"":3584,""obs_mistake_mask=E"":5}"
       768,         0,         0,    1.25,exact_mw,38b7ae1c4e8407fc325e0d9e43e9f92ff26dcb3f5cf7b98d24ea74c9e5188d39,"{""distance"":5,""physical_error_rate"":0.005}","{""detection_events"":3560,""detectors_checked"":172032}"
     19456,         0,         0,   0.308,exact_mw,cdc4a450a40af8e24899239080e4c40992fb5baf91c5a31ab3a165eacb3a1ab3,"{""distance"":5,""physical_error_rate"":0.0002}","{""detection_events"":3711,""detectors_checked"":4358144}"
     16384,         0,         0,   0.301,exact_mw,cdc4a450a40af8e24899239080e4c40992fb5baf91c5a31ab3a165eacb3a1ab3,"{""distance"":5,""physical_error_rate"":0.0002}","{""detection_events"":3159,""detectors_checked"":3670016}"
      1024,         0,         0,   0.297,exact_mw,3208f56225bbcac0e2804eb6f92d0a8b681652a702ca1ec920ccd7367f0e0899,"{""distance"":5,""physical_error_rate"":0.002}","{""detection_events"":2021,""detectors_checked"":229376}"
     16384,         0,         0,   0.366,exact_mw,cb12ae119b9b2ba18d0216e7235b403229e92fd0743ede48fe7f1a2c6f45d594,"{""distance"":5,""physical_error_rate"":0.0005}","{""detection_events"":7556,""detectors_checked"":3670016}"
        32,        16,         0,   0.564,exact_mw,d68317bf2f4c69d73359111c5597779a07d8ed85f1f94573f1c8a2f6c683850d,"{""distance"":5,""physical_error_rate"":0.2}","{""detection_events"":2902,""detectors_checked"":7168,""obs_mistake_mask=E"":16}"
     27648,         0,         0,    1.14,exact_mw,bb90ec3459e353008cf9a5bb9142bf1e8515517a9e167021b225104594e48e8a,"{""distance"":5,""physical_error_rate"":0.001}","{""detection_events"":26729,""detectors_checked"":6193152}"
        32,        18,         0,   0.554,exact_mw,d68317bf2f4c69d73359111c5597779a07d8ed85f1f94573f1c8a2f6c683850d,"{""distance"":5,""physical_error_rate"":0.2}","{""detection_events"":2885,""detectors_checked"":7168,""obs_mistake_mask=E"":18}"
        16,         7,         0,   0.319,exact_mw,7def73f725f8347dc4de7c57664b66d91778cc6018e33f45b3defe89c7a0cfc0,"{""distance"":5,""physical_error_rate"":0.1}","{""detection_events"":997,""detectors_checked"":3584,""obs_mistake_mask=E"":7}"
      3072,         0,         0,   0.823,exact_mw,3208f56225bbcac0e2804eb6f92d0a8b681652a702ca1ec920ccd7367f0e0899,"{""distance"":5,""physical_error_rate"":0.002}","{""detection_events"":5718,""detectors_checked"":688128}"
      5120,         0,         0,   0.330,exact_mw,cb12ae119b9b2ba18d0216e7235b403229e92fd0743ede48fe7f1a2c6f45d594,"{""distance"":5,""physical_error_rate"":0.0005}","{""detection_events"":2350,""detectors_checked"":1146880}"
        32,        14,         0,   0.504,exact_mw,7def73f725f8347dc4de7c57664b66d91778cc6018e33f45b3defe89c7a0cfc0,"{""distance"":5,""physical_error_rate"":0.1}","{""detection_events"":1959,""detectors_checked"":7168,""obs_mistake_mask=E"":14}"
     22528,         0,         0,   0.406,exact_mw,cb12ae119b9b2ba18d0216e7235b403229e92fd0743ede48fe7f1a2c6f45d594,"{""distance"":5,""physical_error_rate"":0.0005}","{""detection_events"":11076,""detectors_checked"":5046272}"
       128,         2,         0,   0.779,exact_mw,72230d8c06b5a71069df48ede6f7f3e6128cd83e8239dd1b2e5fe023578b6eb1,"{""distance"":5,""physical_error_rate"":0.01}","{""detection_events"":1135,""detectors_checked"":28672,""obs_mistake_mask=E"":2}"
      5120,         0,         0,   0.240,exact_mw,bb90ec3459e353008cf9a5bb9142bf1e8515517a9e167021b225104594e48e8a,"{""distance"":5,""physical_error_rate"":0.001}","{""detection_events"":4672,""detectors_checked"":1146880}"
       128,         2,         0,   0.760,exact_mw,72230d8c06b5a71069df48ede6f7f3e6128cd83e8239dd1b2e5fe023578b6eb1,"{""distance"":5,""physical_error_rate"":0.01}","{""detection_events"":1223,""detectors_checked"":28672,""obs_mistake_mask=E"":2}"
        32,         8,         0,   0.582,exact_mw,7fd11737ba5953e5998cf5d5ab7672462ce2ff07a9ab0f8628176a3f70e7a095,"{""distance"":5,""physical_error_rate"":0.05}","{""detection_events"":1165,""detectors_checked"":7168,""obs_mistake_mask=E"":8}"
     83968,         0,         0,    1.57,exact_mw,cb12ae119b9b2ba18d0216e7235b403229e92fd0743ede48fe7f1a2c6f45d594,"{""distance"":5,""physical_error_rate"":0.0005}","{""detection_events"":41690,""detectors_checked"":18808832}"
        32,         6,         0,   0.464,exact_mw,7fd11737ba5953e5998cf5d5ab7672462ce2ff07a9ab0f8628176a3f70e7a095,"{""distance"":5,""physical_error_rate"":0.05}","{""detection_events"":1296,""detectors_checked"":7168,""obs_mistake_mask=E"":6}"
        32,         5,         0,   0.495,exact_mw,7fd11737ba5953e5998cf5d5ab7672462ce2ff07a9ab0f8628176a3f70e7a095,"{""distance"":5,""physical_error_rate"":0.05}","{""detection_events"":1235,""detectors_checked"":7168,""obs_mistake_mask=E"":5}"
        64,        27,         0,   0.965,exact_mw,d68317bf2f4c69d73359111c5597779a07d8ed85f1f94573f1c8a2f6c683850d,"{""distance"":5,""physical_error_rate"":0.2}","{""detection_events"":5696,""detectors_checked"":14336,""obs_mistake_mask=E"":27}"
         1,         1,         0,   0.005,exact_mw,14059eecea5f7bdc562c01e7682d53b775a747f80d40379178915ac673e3b6bb,"{""distance"":5,""physical_error_rate"":0.5}","{""detection_events"":103,""detectors_checked"":224,""obs_mistake_mask=E"":1}"
        32,        18,         0,   0.602,exact_mw,7def73f725f8347dc4de7c57664b66d91778cc6018e33f45b3defe89c7a0cfc0,"{""distance"":5,""physical_error_rate"":0.1}","{""detection_events"":1930,""detectors_checked"":7168,""obs_mistake_mask=E"":18}"
       256,         0,         0,   0.492,exact_mw,38b7ae1c4e8407fc325e0d9e43e9f92ff26dcb3f5cf7b98d24ea74c9e5188d39,"{""distance"":5,""physical_error_rate"":0.005}","{""detection_events"":1152,""detectors_checked"":57344}"
        16,        10,         0,   0.304,exact_mw,14059eecea5f7bdc562c01e7682d53b775a747f80d40379178915ac673e3b6bb,"{""distance"":5,""physical_error_rate"":0.5}","{""detection_events"":1738,""detectors_checked"":3584,""obs_mistake_mask=E"":10}"
        32,         9,         0,   0.523,exact_mw,d68317bf2f4c69d73359111c5597779a07d8ed85f1f94573f1c8a2f6c683850d,"{""distance"":5,""physical_error_rate"":0.2}","{""detection_events"":2864,""detectors_checked"":7168,""obs_mistake_mask=E"":9}"
       512,         0,         0,    1.01,exact_mw,38b7ae1c4e8407fc325e0d9e43e9f92ff26dcb3f5cf7b98d24ea74c9e5188d39,"{""distance"":5,""physical_error_rate"":0.005}","{""detection_events"":2356,""detectors_checked"":114688}"
       256,         0,         0,   0.333,exact_mw,38b7ae1c4e8407fc325e0d9e43e9f92ff26dcb3f5cf7b98d24ea74c9e5188d39,"{""distance"":5,""physical_error_rate"":0.005}","{""detection_events"":1186,""detectors_checked"":57344}"
        16,         9,         0,   0.090,exact_mw,14059eecea5f7bdc562c01e7682d53b775a747f80d40379178915ac673e3b6bb,"{""distance"":5,""physical_error_rate"":0.5}","{""detection_events"":1856,""detectors_checked"":3584,""obs_mistake_mask=E"":9}"
      2048,         0,         0,   0.603,exact_mw,3208f56225bbcac0e2804eb6f92d0a8b681652a702ca1ec920ccd7367f0e0899,"{""distance"":5,""physical_error_rate"":0.002}","{""detection_events"":4012,""detectors_checked"":458752}"
        32,         7,         0,   0.416,exact_mw,7fd11737ba5953e5998cf5d5ab7672462ce2ff07a9ab0f8628176a3f70e7a095,"{""distance"":5,""physical_error_rate"":0.05}","{""detection_events"":1250,""detectors_checked"":7168,""obs_mistake_mask=E"":7}"
        32,         9,         0,   0.565,exact_mw,7fd11737ba5953e5998cf5d5ab7672462ce2ff07a9ab0f8628176a3f70e7a095,"{""distance"":5,""physical_error_rate"":0.05}","{""detection_events"":1257,""detectors_checked"":7168,""obs_mistake_mask=E"":9}"
        32,         1,         0,   0.600,exact_mw,7b4896c0e7f0a510554d89637fd747b157418067a95869d1f0661294d473d1dc,"{""distance"":5,""physical_error_rate"":0.02}","{""detection_events"":572,""detectors_checked"":7168,""obs_mistake_mask=E"":1}"
     24576,         0,         0,   0.302,exact_mw,70a969f5042aec17ac076c6379f4170fb7c69b8e925756ef3b7334e28a33338b,"{""distance"":5,""physical_error_rate"":0.0001}","{""detection_events"":2475,""detectors_checked"":5505024}"
        32,         3,         0,   0.528,exact_mw,7fd11737ba5953e5998cf5d5ab7672462ce2ff07a9ab0f8628176a3f70e7a095,"{""distance"":5,""physical_error_rate"":0.05}","{""detection_events"":1220,""detectors_checked"":7168,""obs_mistake_mask=E"":3}"
     71680,         0,         0,    1.09,exact_mw,f32ebecd8e105e50ec838d33c5ed9b45444b6b44a3c6ac541111079f2b14e893,"{""distance"":5,""physical_error_rate"":5e-05}","{""detection_events"":3583,""detectors_checked"":16056320}"
      1024,         0,         0,   0.187,exact_mw,3208f56225bbcac0e2804eb6f92d0a8b681652a702ca1ec920ccd7367f0e0899,"{""distance"":5,""physical_error_rate"":0.002}","{""detection_events"":1955,""detectors_checked"":229376}"
     41984,         0,         0,   0.775,exact_mw,cb12ae119b9b2ba18d0216e7235b403229e92fd0743ede48fe7f1a2c6f45d594,"{""distance"":5,""physical_error_rate"":0.0005}","{""detection_events"":20889,""detectors_checked"":9404416}"
     21504,         0,         0,    1.13,exact_mw,bb90ec3459e353008cf9a5bb9142bf1e8515517a9e167021b225104594e48e8a,"{""distance"":5,""physical_error_rate"":0.001}","{""detection_events"":21200,""detectors_checked"":4816896}"
        32,        17,         0,   0.584,exact_mw,7def73f725f8347dc4de7c57664b66d91778cc6018e33f45b3defe89c7a0cfc0,"{""distance"":5,""physical_error_rate"":0.1}","{""detection_events"":2016,""detectors_checked"":7168,""obs_mistake_mask=E"":17}"
       256,         0,         0,   0.759,exact_mw,38b7ae1c4e8407fc325e0d9e43e9f92ff26dcb3f5cf7b98d24ea74c9e5188d39,"{""distance"":5,""physical_error_rate"":0.005}","{""detection_events"":1211,""detectors_checked"":57344}"
        64,         1,         0,   0.520,exact_mw,7b4896c0e7f0a510554d89637fd747b157418067a95869d1f0661294d473d1dc,"{""distance"":5,""physical_error_rate"":0.02}","{""detection_events"":1175,""detectors_checked"":14336,""obs_mistake_mask=E"":1}"
       256,         1,         0,   0.438,exact_mw,38b7ae1c4e8407fc325e0d9e43e9f92ff26dcb3f5cf7b98d24ea74c9e5188d39,"{""distance"":5,""physical_error_rate"":0.005}","{""detection_events"":1209,""detectors_checked"":57344,""obs_mistake_mask=E"":1}"
        17,         2,         0,   0.232,exact_mw,7b4896c0e7f0a510554d89637fd747b157418067a95869d1f0661294d473d1dc,"{""distance"":5,""physical_error_rate"":0.02}","{""detection_events"":292,""detectors_checked"":3808,""obs_mistake_mask=E"":2}"
        32,        19,         0,   0.434,exact_mw,14059eecea5f7bdc562c01e7682d53b775a747f80d40379178915ac673e3b6bb,"{""distance"":5,""physical_error_rate"":0.5}","{""detection_events"":3607,""detectors_checked"":7168,""obs_mistake_mask=E"":19}"
        32,        13,         0,   0.478,exact_mw,14059eecea5f7bdc562c01e7682d53b775a747f80d40379178915ac673e3b6bb,"{""distance"":5,""physical_error_rate"":0.5}","{""detection_events"":3617,""detectors_checked"":7168,""obs_mistake_mask=E"":13}"
    121856,         0,         0,    1.04,exact_mw,70a969f5042aec17ac076c6379f4170fb7c69b8e925756ef3b7334e28a33338b,"{""distance"":5,""physical_error_rate"":0.0001}","{""detection_events"":12061,""detectors_checked"":27295744}"
        32,        13,         0,   0.573,exact_mw,7def73f725f8347dc4de7c57664b66d91778cc6018e33f45b3defe89c7a0cfc0,"{""distance"":5,""physical_error_rate"":0.1}","{""detection_events"":2085,""detectors_checked"":7168,""obs_mistake_mask=E"":13}"
        64,         0,         0,   0.508,exact_mw,72230d8c06b5a71069df48ede6f7f3e6128cd83e8239dd1b2e5fe023578b6eb1,"{""distance"":5,""physical_error_rate"":0.01}","{""detection_events"":608,""detectors_checked"":14336}"
      2048,         0,         0,   0.984,exact_mw,3208f56225bbcac0e2804eb6f92d0a8b681652a702ca1ec920ccd7367f0e0899,"{""distance"":5,""physical_error_rate"":0.002}","{""detection_events"":3897,""detectors_checked"":458752}"
        16,         4,         0,   0.343,exact_mw,7fd11737ba5953e5998cf5d5ab7672462ce2ff07a9ab0f8628176a3f70e7a095,"{""distance"":5,""physical_error_rate"":0.05}","{""detection_events"":610,""detectors_checked"":3584,""obs_mistake_mask=E"":4}"
    193536,         0,         0,    2.11,exact_mw,70a969f5042aec17ac076c6379f4170fb7c69b8e925756ef3b7334e28a33338b,"{""distance"":5,""physical_error_rate"":0.0001}","{""detection_events"":18966,""detectors_checked"":43352064}"
        32,         2,         0,   0.397,exact_mw,7b4896c0e7f0a510554d89637fd747b157418067a95869d1f0661294d473d1dc,"{""distance"":5,""physical_error_rate"":0.02}","{""detection_events"":599,""detectors_checked"":7168,""obs_mistake_mask=E"":2}"
      3072,         0,         0,   0.978,exact_mw,3208f56225bbcac0e2804eb6f92d0a8b681652a702ca1ec920ccd7367f0e0899,"{""distance"":5,""physical_error_rate"":0.002}","{""detection_events"":6137,""detectors_checked"":688128}"
       256,         1,         0,   0.541,exact_mw,38b7ae1c4e8407fc325e0d9e43e9f92ff26dcb3f5cf7b98d24ea74c9e5188d39,"{""distance"":5,""physical_error_rate"":0.005}","{""detection_events"":1213,""detectors_checked"":57344,""obs_mistake_mask=E"":1}"
       128,         0,         0,   0.679,exact_mw,72230d8c06b5a71069df48ede6f7f3e6128cd83e8239dd1b2e5fe023578b6eb1,"{""distance"":5,""physical_error_rate"":0.01}","{""detection_events"":1211,""detectors_checked"":28672}"
      6144,         0,         0,   0.287,exact_mw,bb90ec3459e353008cf9a5bb9142bf1e8515517a9e167021b225104594e48e8a,"{""distance"":5,""physical_error_rate"":0.001}","{""detection_events"":6065,""detectors_checked"":1376256}"
        32,        17,         0,   0.498,exact_mw,14059eecea5f7bdc562c01e7682d53b775a747f80d40379178915ac673e3b6bb,"{""distance"":5,""physical_error_rate"":0.5}","{""detection_events"":3571,""detectors_checked"":7168,""obs_mistake_mask=E"":17}"
     29696,         0,         0,   0.374,exact_mw,cdc4a450a40af8e24899239080e4c40992fb5baf91c5a31ab3a165eacb3a1ab3,"{""distance"":5,""physical_error_rate"":0.0002}","{""detection_events"":5738,""detectors_checked"":6651904}"
       128,         0,         0,   0.778,exact_mw,72230d8c06b5a71069df48ede6f7f3e6128cd83e8239dd1b2e5fe023578b6eb1,"{""distance"":5,""physical_error_rate"":0.01}","{""detection_events"":1175,""detectors_checked"":28672}"
     26624,         0,         0,   0.396,exact_mw,cdc4a450a40af8e24899239080e4c40992fb5baf91c5a31ab3a165eacb3a1ab3,"{""distance"":5,""physical_error_rate"":0.0002}","{""detection_events"":5149,""detectors_checked"":5963776}"
     39936,         0,         0,    2.15,exact_mw,bb90ec3459e353008cf9a5bb9142bf1e8515517a9e167021b225104594e48e8a,"{""distance"":5,""physical_error_rate"":0.001}","{""detection_events"":39110,""detectors_checked"":8945664}"
        64,         2,         0,   0.866,exact_mw,7b4896c0e7f0a510554d89637fd747b157418067a95869d1f0661294d473d1dc,"{""distance"":5,""physical_error_rate"":0.02}","{""detection_events"":1129,""detectors_checked"":14336,""obs_mistake_mask=E"":2}"
        32,        13,         0,   0.613,exact_mw,14059eecea5f7bdc562c01e7682d53b775a747f80d40379178915ac673e3b6bb,"{""distance"":5,""physical_error_rate"":0.5}","{""detection_events"":3508,""detectors_checked"":7168,""obs_mistake_mask=E"":13}"
      7168,         1,         0,    1.57,exact_mw,3208f56225bbcac0e2804eb6f92d0a8b681652a702ca1ec920ccd7367f0e0899,"{""distance"":5,""physical_error_rate"":0.002}","{""detection_events"":13819,""detectors_checked"":1605632,""obs_mistake_mask=E"":1}"
      2048,         0,         0,   0.450,exact_mw,3208f56225bbcac0e2804eb6f92d0a8b681652a702ca1ec920ccd7367f0e0899,"{""distance"":5,""physical_error_rate"":0.002}","{""detection_events"":4026,""detectors_checked"":458752}"
       128,         1,         0,   0.678,exact_mw,72230d8c06b5a71069df48ede6f7f3e6128cd83e8239dd1b2e5fe023578b6eb1,"{""distance"":5,""physical_error_rate"":0.01}","{""detection_events"":1205,""detectors_checked"":28672,""obs_mistake_mask=E"":1}"
     95232,         0,         0,    1.02,exact_mw,f32ebecd8e105e50ec838d33c5ed9b45444b6b44a3c6ac541111079f2b14e893,"{""distance"":5,""physical_error_rate"":5e-05}","{""detection_events"":4590,""detectors_checked"":21331968}"
       256,         0,         0,   0.506,exact_mw,38b7ae1c4e8407fc325e0d9e43e9f92ff26dcb3f5cf7b98d24ea74c9e5188d39,"{""distance"":5,""physical_error_rate"":0.005}","{""detection_events"":1262,""detectors_checked"":57344}"
        16,         6,         0,   0.413,exact_mw,7def73f725f8347dc4de7c57664b66d91778cc6018e33f45b3defe89c7a0cfc0,"{""distance"":5,""physical_error_rate"":0.1}","{""detection_events"":1007,""detectors_checked"":3584,""obs_mistake_mask=E"":6}"
     16384,         0,         0,   0.355,exact_mw,cb12ae119b9b2ba18d0216e7235b403229e92fd0743ede48fe7f1a2c6f45d594,"{""distance"":5,""physical_error_rate"":0.0005}","{""detection_events"":8023,""detectors_checked"":3670016}"
        32,        13,         0,   0.590,exact_mw,7def73f725f8347dc4de7c57664b66d91778cc6018e33f45b3defe89c7a0cfc0,"{""distance"":5,""physical_error_rate"":0.1}","{""detection_events"":1964,""detectors_checked"":7168,""obs_mistake_mask=E"":13}"
        32,         0,         0,   0.546,exact_mw,7b4896c0e7f0a510554d89637fd747b157418067a95869d1f0661294d473d1dc,"{""distance"":5,""physical_error_rate"":0.02}","{""detection_events"":571,""detectors_checked"":7168}"
     35840,         0,         0,   0.567,exact_mw,70a969f5042aec17ac076c6379f4170fb7c69b8e925756ef3b7334e28a33338b,"{""distance"":5,""physical_error_rate"":0.0001}","{""detection_events"":3519,""detectors_checked"":8028160}"
        32,        14,         0,   0.557,exact_mw,14059eecea5f7bdc562c01e7682d53b775a747f80d40379178915ac673e3b6bb,"{""distance"":5,""physical_error_rate"":0.5}","{""detection_events"":3630,""detectors_checked"":7168,""obs_mistake_mask=E"":14}"
      4096,         0,         0,    1.71,exact_mw,3208f56225bbcac0e2804eb6f92d0a8b681652a702ca1ec920ccd7367f0e0899,"{""distance"":5,""physical_error_rate"":0.002}","{""detection_events"":8200,""detectors_checked"":917504}"
     80896,         0,         0,    1.05,exact_mw,f32ebecd8e105e50ec838d33c5ed9b45444b6b44a3c6ac541111079f2b14e893,"{""distance"":5,""physical_error_rate"":5e-05}","{""detection_events"":3973,""detectors_checked"":18120704}"
        32,         4,         0,   0.410,exact_mw,7fd11737ba5953e5998cf5d5ab7672462ce2ff07a9ab0f8628176a3f70e7a095,"{""distance"":5,""physical_error_rate"":0.05}","{""detection_events"":1181,""detectors_checked"":7168,""obs_mistake_mask=E"":4}"
        32,        15,         0,   0.646,exact_mw,14059eecea5f7bdc562c01e7682d53b775a747f80d40379178915ac673e3b6bb,"{""distance"":5,""physical_error_rate"":0.5}","{""detection_events"":3492,""detectors_checked"":7168,""obs_mistake_mask=E"":15}"
        64,        30,         0,    1.01,exact_mw,14059eecea5f7bdc562c01e7682d53b775a747f80d40379178915ac673e3b6bb,"{""distance"":5,""physical_error_rate"":0.5}","{""detection_events"":7000,""detectors_checked"":14336,""obs_mistake_mask=E"":30}"
      1024,         0,         0,   0.315,exact_mw,3208f56225bbcac0e2804eb6f92d0a8b681652a702ca1ec920ccd7367f0e0899,"{""distance"":5,""physical_error_rate"":0.002}","{""detection_events"":2016,""detectors_checked"":229376}"
        16,         8,         0,   0.372,exact_mw,14059eecea5f7bdc562c01e7682d53b775a747f80d40379178915ac673e3b6bb,"{""distance"":5,""physical_error_rate"":0.5}","{""detection_events"":1758,""detectors_checked"":3584,""obs_mistake_mask=E"":8}"
     25600,         0,         0,    1.10,exact_mw,bb90ec3459e353008cf9a5bb9142bf1e8515517a9e167021b225104594e48e8a,"{""distance"":5,""physical_error_rate"":0.001}","{""detection_events"":25004,""detectors_checked"":5734400}"
        32,        21,         0,   0.584,exact_mw,7def73f725f8347dc4de7c57664b66d91778cc6018e33f45b3defe89c7a0cfc0,"{""distance"":5,""physical_error_rate"":0.1}","{""detection_events"":1953,""detectors_checked"":7168,""obs_mistake_mask=E"":21}"
     73728,         0,         0,    1.50,exact_mw,cb12ae119b9b2ba18d0216e7235b403229e92fd0743ede48fe7f1a2c6f45d594,"{""distance"":5,""physical_error_rate"":0.0005}","{""detection_events"":36286,""detectors_checked"":16515072}"
       256,         0,         0,   0.634,exact_mw,38b7ae1c4e8407fc325e0d9e43e9f92ff26dcb3f5cf7b98d24ea74c9e5188d39,"{""distance"":5,""physical_error_rate"":0.005}","{""detection_events"":1234,""detectors_checked"":57344}"
        32,        15,         0,   0.500,exact_mw,7def73f725f8347dc4de7c57664b66d91778cc6018e33f45b3defe89c7a0cfc0,"{""distance"":5,""physical_error_rate"":0.1}","{""detection_events"":2001,""detectors_checked"":7168,""obs_mistake_mask=E"":15}"
        32,         2,         0,   0.232,exact_mw,7b4896c0e7f0a510554d89637fd747b157418067a95869d1f0661294d473d1dc,"{""distance"":5,""physical_error_rate"":0.02}","{""detection_events"":573,""detectors_checked"":7168,""obs_mistake_mask=E"":2}"
     24576,         0,         0,   0.521,exact_mw,cb12ae119b9b2ba18d0216e7235b403229e92fd0743ede48fe7f1a2c6f45d594,"{""distance"":5,""physical_error_rate"":0.0005}","{""detection_events"":11956,""detectors_checked"":5505024}"
     39936,         0,         0,   0.533,exact_mw,cb12ae119b9b2ba18d0216e7235b403229e92fd0743ede48fe7f1a2c6f45d594,"{""distance"":5,""physical_error_rate"":0.0005}","{""detection_events"":19328,""detectors_checked"":8945664}"
        32,         6,         0,   0.416,exact_mw,7fd11737ba5953e5998cf5d5ab7672462ce2ff07a9ab0f8628176a3f70e7a095,"{""distance"":5,""physical_error_rate"":0.05}","{""detection_events"":1181,""detectors_checked"":7168,""obs_mistake_mask=E"":6}"
     80896,         0,         0,    1.05,exact_mw,cdc4a450a40af8e24899239080e4c40992fb5baf91c5a31ab3a165eacb3a1ab3,"{""distance"":5,""physical_error_rate"":0.0002}","{""detection_events"":15880,""detectors_checked"":18120704}"
        32,         7,         0,   0.539,exact_mw,7fd11737ba5953e5998cf5d5ab7672462ce2ff07a9ab0f8628176a3f70e7a095,"{""distance"":5,""physical_error_rate"":0.05}","{""detection_events"":1201,""detectors_checked"":7168,""obs_mistake_mask=E"":7}"
     24576,         0,         0,   0.418,exact_mw,70a969f5042aec17ac076c6379f4170fb7c69b8e925756ef3b7334e28a33338b,"{""distance"":5,""physical_error_rate"":0.0001}","{""detection_events"":2303,""detectors_checked"":5505024}"
      2321,         0,         0,   0.037,exact_mw,f32ebecd8e105e50ec838d33c5ed9b45444b6b44a3c6ac541111079f2b14e893,"{""distance"":5,""physical_error_rate"":5e-05}","{""detection_events"":112,""detectors_checked"":519904}"
        32,        16,         0,   0.777,exact_mw,14059eecea5f7bdc562c01e7682d53b775a747f80d40379178915ac673e3b6bb,"{""distance"":5,""physical_error_rate"":0.5}","{""detection_events"":3552,""detectors_checked"":7168,""obs_mistake_mask=E"":16}"
        16,         2,         0,   0.359,exact_mw,7fd11737ba5953e5998cf5d5ab7672462ce2ff07a9ab0f8628176a3f70e7a095,"{""distance"":5,""physical_error_rate"":0.05}","{""detection_events"":603,""detectors_checked"":3584,""obs_mistake_mask=E"":2}"
        32,         6,         0,   0.568,exact_mw,7fd11737ba5953e5998cf5d5ab7672462ce2ff07a9ab0f8628176a3f70e7a095,"{""distance"":5,""physical_error_rate"":0.05}","{""detection_events"":1261,""detectors_checked"":7168,""obs_mistake_mask=E"":6}"
      2048,         0,         0,   0.031,exact_mw,f32ebecd8e105e50ec838d33c5ed9b45444b6b44a3c6ac541111079f2b14e893,"{""distance"":5,""physical_error_rate"":5e-05}","{""detection_events"":99,""detectors_checked"":458752}"
        32,         9,         0,   0.477,exact_mw,7fd11737ba5953e5998cf5d5ab7672462ce2ff07a9ab0f8628176a3f70e7a095,"{""distance"":5,""physical_error_rate"":0.05}","{""detection_events"":1216,""detectors_checked"":7168,""obs_mistake_mask=E"":9}"
      6144,         0,         0,   0.925,exact_mw,bb90ec3459e353008cf9a5bb9142bf1e8515517a9e167021b225104594e48e8a,"{""distance"":5,""physical_error_rate"":0.001}","{""detection_events"":6070,""detectors_checked"":1376256}"
     82944,         0,         0,    1.07,exact_mw,cdc4a450a40af8e24899239080e4c40992fb5baf91c5a31ab3a165eacb3a1ab3,"{""distance"":5,""physical_error_rate"":0.0002}","{""detection_events"":16444,""detectors_checked"":18579456}"
        32,         1,         0,   0.444,exact_mw,7b4896c0e7f0a510554d89637fd747b157418067a95869d1f0661294d473d1dc,"{""distance"":5,""physical_error_rate"":0.02}","{""detection_events"":555,""detectors_checked"":7168,""obs_mistake_mask=E"":1}"
        32,        15,         0,   0.584,exact_mw,7def73f725f8347dc4de7c57664b66d91778cc6018e33f45b3defe89c7a0cfc0,"{""distance"":5,""physical_error_rate"":0.1}","{""detection_events"":1971,""detectors_checked"":7168,""obs_mistake_mask=E"":15}"
      1024,         0,         0,   0.027,exact_mw,f32ebecd8e105e50ec838d33c5ed9b45444b6b44a3c6ac541111079f2b14e893,"{""distance"":5,""physical_error_rate"":5e-05}","{""detection_events"":40,""detectors_checked"":229376}"
       256,         0,         0,   0.457,exact_mw,38b7ae1c4e8407fc325e0d9e43e9f92ff26dcb3f5cf7b98d24ea74c9e5188d39,"{""distance"":5,""physical_error_rate"":0.005}","{""detection_events"":1148,""detectors_checked"":57344}"
         1,         0,         0,   0.021,exact_mw,7b4896c0e7f0a510554d89637fd747b157418067a95869d1f0661294d473d1dc,"{""distance"":5,""physical_error_rate"":0.02}","{""detection_events"":14,""detectors_checked"":224}"
     25600,         0,         0,    1.09,exact_mw,bb90ec3459e353008cf9a5bb9142bf1e8515517a9e167021b225104594e48e8a,"{""distance"":5,""physical_error_rate"":0.001}","{""detection_events"":25265,""detectors_checked"":5734400}"
       256,         0,         0,   0.471,exact_mw,38b7ae1c4e8407fc325e0d9e43e9f92ff26dcb3f5cf7b98d24ea74c9e5188d39,"{""distance"":5,""physical_error_rate"":0.005}","{""detection_events"":1145,""detectors_checked"":57344}"
    162816,         0,         0,    1.51,exact_mw,f32ebecd8e105e50ec838d33c5ed9b45444b6b44a3c6ac541111079f2b14e893,"{""distance"":5,""physical_error_rate"":5e-05}","{""detection_events"":8048,""detectors_checked"":36470784}"
        64,        32,         0,   0.531,exact_mw,14059eecea5f7bdc562c01e7682d53b775a747f80d40379178915ac673e3b6bb,"{""distance"":5,""physical_error_rate"":0.5}","{""detection_events"":7044,""detectors_checked"":14336,""obs_mistake_mask=E"":32}"
      3072,         0,         0,   0.044,exact_mw,f32ebecd8e105e50ec838d33c5ed9b45444b6b44a3c6ac541111079f2b14e893,"{""distance"":5,""physical_error_rate"":5e-05}","{""detection_events"":188,""detectors_checked"":688128}"
        96,        45,         0,    1.66,exact_mw,7def73f725f8347dc4de7c57664b66d91778cc6018e33f45b3defe89c7a0cfc0,"{""distance"":5,""physical_error_rate"":0.1}","{""detection_events"":5885,""detectors_checked"":21504,""obs_mistake_mask=E"":45}"
        32,        22,         0,   0.479,exact_mw,14059eecea5f7bdc562c01e7682d53b775a747f80d40379178915ac673e3b6bb,"{""distance"":5,""physical_error_rate"":0.5}","{""detection_events"":3592,""detectors_checked"":7168,""obs_mistake_mask=E"":22}"
        32,        12,         0,   0.487,exact_mw,7def73f725f8347dc4de7c57664b66d91778cc6018e33f45b3defe89c7a0cfc0,"{""distance"":5,""physical_error_rate"":0.1}","{""detection_events"":1947,""detectors_checked"":7168,""obs_mistake_mask=E"":12}"
        32,         1,         0,   0.551,exact_mw,7b4896c0e7f0a510554d89637fd747b157418067a95869d1f0661294d473d1dc,"{""distance"":5,""physical_error_rate"":0.02}","{""detection_events"":565,""detectors_checked"":7168,""obs_mistake_mask=E"":1}"
       128,         0,         0,   0.862,exact_mw,72230d8c06b5a71069df48ede6f7f3e6128cd83e8239dd1b2e5fe023578b6eb1,"{""distance"":5,""physical_error_rate"":0.01}","{""detection_events"":1078,""detectors_checked"":28672}"
      3072,         0,         0,   0.048,exact_mw,f32ebecd8e105e50ec838d33c5ed9b45444b6b44a3c6ac541111079f2b14e893,"{""distance"":5,""physical_error_rate"":5e-05}","{""detection_events"":183,""detectors_checked"":688128}"
        64,         1,         0,   0.493,exact_mw,72230d8c06b5a71069df48ede6f7f3e6128cd83e8239dd1b2e5fe023578b6eb1,"{""distance"":5,""physical_error_rate"":0.01}","{""detection_events"":586,""detectors_checked"":14336,""obs_mistake_mask=E"":1}"
        64,         1,         0,   0.960,exact_mw,7b4896c0e7f0a510554d89637fd747b157418067a95869d1f0661294d473d1dc,"{""distance"":5,""physical_error_rate"":0.02}","{""detection_events"":1050,""detectors_checked"":14336,""obs_mistake_mask=E"":1}"
         1,         0,         0,   0.008,exact_mw,7fd11737ba5953e5998cf5d5ab7672462ce2ff07a9ab0f8628176a3f70e7a095,"{""distance"":5,""physical_error_rate"":0.05}","{""detection_events"":40,""detectors_checked"":224}"
        32,        10,         0,   0.609,exact_mw,7fd11737ba5953e5998cf5d5ab7672462ce2ff07a9ab0f8628176a3f70e7a095,"{""distance"":5,""physical_error_rate"":0.05}","{""detection_events"":1298,""detectors_checked"":7168,""obs_mistake_mask=E"":10}"
       256,         0,         0,   0.616,exact_mw,38b7ae1c4e8407fc325e0d9e43e9f92ff26dcb3f5cf7b98d24ea74c9e5188d39,"{""distance"":5,""physical_error_rate"":0.005}","{""detection_events"":1247,""detectors_checked"":57344}"
       128,         0,         0,   0.912,exact_mw,72230d8c06b5a71069df48ede6f7f3e6128cd83e8239dd1b2e5fe023578b6eb1,"{""distance"":5,""physical_error_rate"":0.01}","{""detection_events"":1082,""detectors_checked"":28672}"
        32,        16,         0,   0.599,exact_mw,7def73f725f8347dc4de7c57664b66d91778cc6018e33f45b3defe89c7a0cfc0,"{""distance"":5,""physical_error_rate"":0.1}","{""detection_events"":1995,""detectors_checked"":7168,""obs_mistake_mask=E"":16}"
      1024,         0,         0,   0.302,exact_mw,3208f56225bbcac0e2804eb6f92d0a8b681652a702ca1ec920ccd7367f0e0899,"{""distance"":5,""physical_error_rate"":0.002}","{""detection_events"":2025,""detectors_checked"":229376}"
      8192,         0,         0,   0.434,exact_mw,bb90ec3459e353008cf9a5bb9142bf1e8515517a9e167021b225104594e48e8a,"{""distance"":5,""physical_error_rate"":0.001}","{""detection_events"":7857,""detectors_checked"":1835008}"
     71680,         0,         0,    1.09,exact_mw,cdc4a450a40af8e24899239080e4c40992fb5baf91c5a31ab3a165eacb3a1ab3,"{""distance"":5,""physical_error_rate"":0.0002}","{""detection_events"":14152,""detectors_checked"":16056320}"
        32,        10,         0,   0.330,exact_mw,7fd11737ba5953e5998cf5d5ab7672462ce2ff07a9ab0f8628176a3f70e7a095,"{""distance"":5,""physical_error_rate"":0.05}","{""detection_events"":1298,""detectors_checked"":7168,""obs_mistake_mask=E"":10}"
      4096,         0,         0,   0.046,exact_mw,f32ebecd8e105e50ec838d33c5ed9b45444b6b44a3c6ac541111079f2b14e893,"{""distance"":5,""physical_error_rate"":5e-05}","{""detection_events"":186,""detectors_checked"":917504}"
        16,         8,         0,   0.404,exact_mw,7def73f725f8347dc4de7c57664b66d91778cc6018e33f45b3defe89c7a0cfc0,"{""distance"":5,""physical_error_rate"":0.1}","{""detection_events"":1000,""detectors_checked"":3584,""obs_mistake_mask=E"":8}"
     57344,         0,         0,    1.11,exact_mw,cb12ae119b9b2ba18d0216e7235b403229e92fd0743ede48fe7f1a2c6f45d594,"{""distance"":5,""physical_error_rate"":0.0005}","{""detection_events"":28182,""detectors_checked"":12845056}"
      5120,         0,         0,   0.818,exact_mw,3208f56225bbcac0e2804eb6f92d0a8b681652a702ca1ec920ccd7367f0e0899,"{""distance"":5,""physical_error_rate"":0.002}","{""detection_events"":10067,""detectors_checked"":1146880}"
    101376,         0,         0,    1.52,exact_mw,70a969f5042aec17ac076c6379f4170fb7c69b8e925756ef3b7334e28a33338b,"{""distance"":5,""physical_error_rate"":0.0001}","{""detection_events"":10454,""detectors_checked"":22708224}"
         1,         0,         0,   0.014,exact_mw,7b4896c0e7f0a510554d89637fd747b157418067a95869d1f0661294d473d1dc,"{""distance"":5,""physical_error_rate"":0.02}","{""detection_events"":26,""detectors_checked"":224}"
        32,        14,         0,   0.594,exact_mw,14059eecea5f7bdc562c01e7682d53b775a747f80d40379178915ac673e3b6bb,"{""distance"":5,""physical_error_rate"":0.5}","{""detection_events"":3599,""detectors_checked"":7168,""obs_mistake_mask=E"":14}"
     66560,         0,         0,    1.09,exact_mw,cdc4a450a40af8e24899239080e4c40992fb5baf91c5a31ab3a165eacb3a1ab3,"{""distance"":5,""physical_error_rate"":0.0002}","{""detection_events"":13201,""detectors_checked"":14909440}"
     82944,         0,         0,    1.09,exact_mw,f32ebecd8e105e50ec838d33c5ed9b45444b6b44a3c6ac541111079f2b14e893,"{""distance"":5,""physical_error_rate"":5e-05}","{""detection_events"":3979,""detectors_checked"":18579456}"
        32,         2,         0,   0.426,exact_mw,7b4896c0e7f0a510554d89637fd747b157418067a95869d1f0661294d473d1dc,"{""distance"":5,""physical_error_rate"":0.02}","{""detection_events"":601,""detectors_checked"":7168,""obs_mistake_mask=E"":2}"
     24576,         0,         0,    1.12,exact_mw,bb90ec3459e353008cf9a5bb9142bf1e8515517a9e167021b225104594e48e8a,"{""distance"":5,""physical_error_rate"":0.001}","{""detection_events"":23432,""detectors_checked"":5505024}"
      3072,         0,         0,   0.679,exact_mw,3208f56225bbcac0e2804eb6f92d0a8b681652a702ca1ec920ccd7367f0e0899,"{""distance"":5,""physical_error_rate"":0.002}","{""detection_events"":5875,""detectors_checked"":688128}"
       256,         0,         0,   0.552,exact_mw,38b7ae1c4e8407fc325e0d9e43e9f92ff26dcb3f5cf7b98d24ea74c9e5188d39,"{""distance"":5,""physical_error_rate"":0.005}","{""detection_events"":1236,""detectors_checked"":57344}"
        16,         0,         0,   0.218,exact_mw,7b4896c0e7f0a510554d89637fd747b157418067a95869d1f0661294d473d1dc,"{""distance"":5,""physical_error_rate"":0.02}","{""detection_events"":225,""detectors_checked"":3584}"
       128,         0,         0,   0.831,exact_mw,72230d8c06b5a71069df48ede6f7f3e6128cd83e8239dd1b2e5fe023578b6eb1,"{""distance"":5,""physical_error_rate"":0.01}","{""detection_events"":1244,""detectors_checked"":28672}"
      5120,         0,         0,   0.088,exact_mw,f32ebecd8e105e50ec838d33c5ed9b45444b6b44a3c6ac541111079f2b14e893,"{""distance"":5,""physical_error_rate"":5e-05}","{""detection_events"":281,""detectors_checked"":1146880}"
     37888,         0,         0,   0.564,exact_mw,cdc4a450a40af8e24899239080e4c40992fb5baf91c5a31ab3a165eacb3a1ab3,"{""distance"":5,""physical_error_rate"":0.0002}","{""detection_events"":7519,""detectors_checked"":8486912}"
     58368,         0,         0,    1.07,exact_mw,cb12ae119b9b2ba18d0216e7235b403229e92fd0743ede48fe7f1a2c6f45d594,"{""distance"":5,""physical_error_rate"":0.0005}","{""detection_events"":29187,""detectors_checked"":13074432}"
     32768,         0,         0,   0.539,exact_mw,cdc4a450a40af8e24899239080e4c40992fb5baf91c5a31ab3a165eacb3a1ab3,"{""distance"":5,""physical_error_rate"":0.0002}","{""detection_events"":6480,""detectors_checked"":7340032}"
        16,         5,         0,   0.325,exact_mw,7fd11737ba5953e5998cf5d5ab7672462ce2ff07a9ab0f8628176a3f70e7a095,"{""distance"":5,""physical_error_rate"":0.05}","{""detection_events"":643,""detectors_checked"":3584,""obs_mistake_mask=E"":5}"
       768,         1,         0,   0.865,exact_mw,38b7ae1c4e8407fc325e0d9e43e9f92ff26dcb3f5cf7b98d24ea74c9e5188d39,"{""distance"":5,""physical_error_rate"":0.005}","{""detection_events"":3644,""detectors_checked"":172032,""obs_mistake_mask=E"":1}"
    182272,         0,         0,    2.15,exact_mw,cdc4a450a40af8e24899239080e4c40992fb5baf91c5a31ab3a165eacb3a1ab3,"{""distance"":5,""physical_error_rate"":0.0002}","{""detection_events"":36378,""detectors_checked"":40828928}"
        32,        11,         0,   0.458,exact_mw,7def73f725f8347dc4de7c57664b66d91778cc6018e33f45b3defe89c7a0cfc0,"{""distance"":5,""physical_error_rate"":0.1}","{""detection_events"":2005,""detectors_checked"":7168,""obs_mistake_mask=E"":11}"
       128,         1,         0,   0.940,exact_mw,72230d8c06b5a71069df48ede6f7f3e6128cd83e8239dd1b2e5fe023578b6eb1,"{""distance"":5,""physical_error_rate"":0.01}","{""detection_events"":1245,""detectors_checked"":28672,""obs_mistake_mask=E"":1}"
     35840,         0,         0,   0.581,exact_mw,cb12ae119b9b2ba18d0216e7235b403229e92fd0743ede48fe7f1a2c6f45d594,"{""distance"":5,""physical_error_rate"":0.0005}","{""detection_events"":17223,""detectors_checked"":8028160}"
        32,         4,         0,   0.416,exact_mw,7fd11737ba5953e5998cf5d5ab7672462ce2ff07a9ab0f8628176a3f70e7a095,"{""distance"":5,""physical_error_rate"":0.05}","{""detection_events"":1244,""detectors_checked"":7168,""obs_mistake_mask=E"":4}"
     77824,         0,         0,    1.07,exact_mw,cdc4a450a40af8e24899239080e4c40992fb5baf91c5a31ab3a165eacb3a1ab3,"{""distance"":5,""physical_error_rate"":0.0002}","{""detection_events"":15036,""detectors_checked"":17432576}"
       512,         1,         0,   0.898,exact_mw,38b7ae1c4e8407fc325e0d9e43e9f92ff26dcb3f5cf7b98d24ea74c9e5188d39,"{""distance"":5,""physical_error_rate"":0.005}","{""detection_events"":2484,""detectors_checked"":114688,""obs_mistake_mask=E"":1}"
      1024,         0,         0,   0.225,exact_mw,3208f56225bbcac0e2804eb6f92d0a8b681652a702ca1ec920ccd7367f0e0899,"{""distance"":5,""physical_error_rate"":0.002}","{""detection_events"":1970,""detectors_checked"":229376}"
      7168,         0,         0,   0.120,exact_mw,f32ebecd8e105e50ec838d33c5ed9b45444b6b44a3c6ac541111079f2b14e893,"{""distance"":5,""physical_error_rate"":5e-05}","{""detection_events"":380,""detectors_checked"":1605632}"
    107520,         0,         0,    1.56,exact_mw,70a969f5042aec17ac076c6379f4170fb7c69b8e925756ef3b7334e28a33338b,"{""distance"":5,""physical_error_rate"":0.0001}","{""detection_events"":10479,""detectors_checked"":24084480}"
        32,        13,         0,   0.595,exact_mw,7def73f725f8347dc4de7c57664b66d91778cc6018e33f45b3defe89c7a0cfc0,"{""distance"":5,""physical_error_rate"":0.1}","{""detection_events"":1956,""detectors_checked"":7168,""obs_mistake_mask=E"":13}"
        16,         1,         0,   0.212,exact_mw,7b4896c0e7f0a510554d89637fd747b157418067a95869d1f0661294d473d1dc,"{""distance"":5,""physical_error_rate"":0.02}","{""detection_events"":283,""detectors_checked"":3584,""obs_mistake_mask=E"":1}"
       256,         0,         0,   0.638,exact_mw,38b7ae1c4e8407fc325e0d9e43e9f92ff26dcb3f5cf7b98d24ea74c9e5188d39,"{""distance"":5,""physical_error_rate"":0.005}","{""detection_events"":1303,""detectors_checked"":57344}"
      3072,         0,         0,   0.679,exact_mw,3208f56225bbcac0e2804eb6f92d0a8b681652a702ca1ec920ccd7367f0e0899,"{""distance"":5,""physical_error_rate"":0.002}","{""detection_events"":5908,""detectors_checked"":688128}"
        32,         5,         0,   0.425,exact_mw,7fd11737ba5953e5998cf5d5ab7672462ce2ff07a9ab0f8628176a3f70e7a095,"{""distance"":5,""physical_error_rate"":0.05}","{""detection_events"":1162,""detectors_checked"":7168,""obs_mistake_mask=E"":5}"
        64,        12,         0,    1.41,exact_mw,7fd11737ba5953e5998cf5d5ab7672462ce2ff07a9ab0f8628176a3f70e7a095,"{""distance"":5,""physical_error_rate"":0.05}","{""detection_events"":2455,""detectors_checked"":14336,""obs_mistake_mask=E"":12}"
        64,         8,         0,   0.878,exact_mw,7b4896c0e7f0a510554d89637fd747b157418067a95869d1f0661294d473d1dc,"{""distance"":5,""physical_error_rate"":0.02}","{""detection_events"":1159,""detectors_checked"":14336,""obs_mistake_mask=E"":8}"
       256,         0,         0,   0.571,exact_mw,38b7ae1c4e8407fc325e0d9e43e9f92ff26dcb3f5cf7b98d24ea74c9e5188d39,"{""distance"":5,""physical_error_rate"":0.005}","{""detection_events"":1280,""detectors_checked"":57344}"
        16,         6,         0,   0.322,exact_mw,7fd11737ba5953e5998cf5d5ab7672462ce2ff07a9ab0f8628176a3f70e7a095,"{""distance"":5,""physical_error_rate"":0.05}","{""detection_events"":619,""detectors_checked"":3584,""obs_mistake_mask=E"":6}"
        32,        14,         0,   0.578,exact_mw,7def73f725f8347dc4de7c57664b66d91778cc6018e33f45b3defe89c7a0cfc0,"{""distance"":5,""physical_error_rate"":0.1}","{""detection_events"":2086,""detectors_checked"":7168,""obs_mistake_mask=E"":14}"
        32,         5,         0,   0.507,exact_mw,7fd11737ba5953e5998cf5d5ab7672462ce2ff07a9ab0f8628176a3f70e7a095,"{""distance"":5,""physical_error_rate"":0.05}","{""detection_events"":1291,""detectors_checked"":7168,""obs_mistake_mask=E"":5}"
        64,         3,         0,   0.743,exact_mw,7b4896c0e7f0a510554d89637fd747b157418067a95869d1f0661294d473d1dc,"{""distance"":5,""physical_error_rate"":0.02}","{""detection_events"":1086,""detectors_checked"":14336,""obs_mistake_mask=E"":3}"
        32,         1,         0,   0.510,exact_mw,7b4896c0e7f0a510554d89637fd747b157418067a95869d1f0661294d473d1dc,"{""distance"":5,""physical_error_rate"":0.02}","{""detection_events"":495,""detectors_checked"":7168,""obs_mistake_mask=E"":1}"
     33792,         0,         0,   0.574,exact_mw,70a969f5042aec17ac076c6379f4170fb7c69b8e925756ef3b7334e28a33338b,"{""distance"":5,""physical_error_rate"":0.0001}","{""detection_events"":3387,""detectors_checked"":7569408}"
      9216,         0,         0,   0.150,exact_mw,f32ebecd8e105e50ec838d33c5ed9b45444b6b44a3c6ac541111079f2b14e893,"{""distance"":5,""physical_error_rate"":5e-05}","{""detection_events"":451,""detectors_checked"":2064384}"
        32,        18,         0,   0.528,exact_mw,7def73f725f8347dc4de7c57664b66d91778cc6018e33f45b3defe89c7a0cfc0,"{""distance"":5,""physical_error_rate"":0.1}","{""detection_events"":1900,""detectors_checked"":7168,""obs_mistake_mask=E"":18}"
        64,         2,         0,   0.632,exact_mw,7b4896c0e7f0a510554d89637fd747b157418067a95869d1f0661294d473d1dc,"{""distance"":5,""physical_error_rate"":0.02}","{""detection_events"":1148,""detectors_checked"":14336,""obs_mistake_mask=E"":2}"
     96256,         0,         0,    1.51,exact_mw,70a969f5042aec17ac076c6379f4170fb7c69b8e925756ef3b7334e28a33338b,"{""distance"":5,""physical_error_rate"":0.0001}","{""detection_events"":9443,""detectors_checked"":21561344}"
        64,         0,         0,   0.437,exact_mw,72230d8c06b5a71069df48ede6f7f3e6128cd83e8239dd1b2e5fe023578b6eb1,"{""distance"":5,""physical_error_rate"":0.01}","{""detection_events"":567,""detectors_checked"":14336}"
        32,         8,         0,   0.436,exact_mw,7fd11737ba5953e5998cf5d5ab7672462ce2ff07a9ab0f8628176a3f70e7a095,"{""distance"":5,""physical_error_rate"":0.05}","{""detection_events"":1164,""detectors_checked"":7168,""obs_mistake_mask=E"":8}"
    442368,         0,         0,    1.53,exact_mw,cdc4a450a40af8e24899239080e4c40992fb5baf91c5a31ab3a165eacb3a1ab3,"{""distance"":5,""physical_error_rate"":0.0002}","{""detection_events"":87008,""detectors_checked"":99090432}"
      2048,         0,         0,   0.992,exact_mw,3208f56225bbcac0e2804eb6f92d0a8b681652a702ca1ec920ccd7367f0e0899,"{""distance"":5,""physical_error_rate"":0.002}","{""detection_events"":3881,""detectors_checked"":458752}"
     65536,         0,         0,   0.799,exact_mw,70a969f5042aec17ac076c6379f4170fb7c69b8e925756ef3b7334e28a33338b,"{""distance"":5,""physical_error_rate"":0.0001}","{""detection_events"":6654,""detectors_checked"":14680064}"
        16,         6,         0,   0.326,exact_mw,7fd11737ba5953e5998cf5d5ab7672462ce2ff07a9ab0f8628176a3f70e7a095,"{""distance"":5,""physical_error_rate"":0.05}","{""detection_events"":637,""detectors_checked"":3584,""obs_mistake_mask=E"":6}"
        32,         2,         0,   0.540,exact_mw,7b4896c0e7f0a510554d89637fd747b157418067a95869d1f0661294d473d1dc,"{""distance"":5,""physical_error_rate"":0.02}","{""detection_events"":557,""detectors_checked"":7168,""obs_mistake_mask=E"":2}"
        32,        15,         0,   0.576,exact_mw,7def73f725f8347dc4de7c57664b66d91778cc6018e33f45b3defe89c7a0cfc0,"{""distance"":5,""physical_error_rate"":0.1}","{""detection_events"":2030,""detectors_checked"":7168,""obs_mistake_mask=E"":15}"
    110592,         0,         0,    1.54,exact_mw,70a969f5042aec17ac076c6379f4170fb7c69b8e925756ef3b7334e28a33338b,"{""distance"":5,""physical_error_rate"":0.0001}","{""detection_events"":10728,""detectors_checked"":24772608}"
     59392,         0,         0,    1.11,exact_mw,cb12ae119b9b2ba18d0216e7235b403229e92fd0743ede48fe7f1a2c6f45d594,"{""distance"":5,""physical_error_rate"":0.0005}","{""detection_events"":28995,""detectors_checked"":13303808}"
       192,         0,         0,   0.940,exact_mw,72230d8c06b5a71069df48ede6f7f3e6128cd83e8239dd1b2e5fe023578b6eb1,"{""distance"":5,""physical_error_rate"":0.01}","{""detection_events"":1830,""detectors_checked"":43008}"
        32,         1,         0,   0.450,exact_mw,7b4896c0e7f0a510554d89637fd747b157418067a95869d1f0661294d473d1dc,"{""distance"":5,""physical_error_rate"":0.02}","{""detection_events"":560,""detectors_checked"":7168,""obs_mistake_mask=E"":1}"
        32,        11,         0,    1.61,exact_mw,7def73f725f8347dc4de7c57664b66d91778cc6018e33f45b3defe89c7a0cfc0,"{""distance"":5,""physical_error_rate"":0.1}","{""detection_events"":2033,""detectors_checked"":7168,""obs_mistake_mask=E"":11}"
        32,         0,         0,   0.483,exact_mw,7b4896c0e7f0a510554d89637fd747b157418067a95869d1f0661294d473d1dc,"{""distance"":5,""physical_error_rate"":0.02}","{""detection_events"":606,""detectors_checked"":7168}"
      1024,         0,         0,   0.324,exact_mw,3208f56225bbcac0e2804eb6f92d0a8b681652a702ca1ec920ccd7367f0e0899,"{""distance"":5,""physical_error_rate"":0.002}","{""detection_events"":1852,""detectors_checked"":229376}"
       128,         0,         0,    1.00,exact_mw,72230d8c06b5a71069df48ede6f7f3e6128cd83e8239dd1b2e5fe023578b6eb1,"{""distance"":5,""physical_error_rate"":0.01}","{""detection_events"":1277,""detectors_checked"":28672}"
       256,         0,         0,   0.576,exact_mw,38b7ae1c4e8407fc325e0d9e43e9f92ff26dcb3f5cf7b98d24ea74c9e5188d39,"{""distance"":5,""physical_error_rate"":0.005}","{""detection_events"":1178,""detectors_checked"":57344}"
       256,         0,         0,   0.498,exact_mw,38b7ae1c4e8407fc325e0d9e43e9f92ff26dcb3f5cf7b98d24ea74c9e5188d39,"{""distance"":5,""physical_error_rate"":0.005}","{""detection_events"":1250,""detectors_checked"":57344}"
     34816,         0,         0,   0.810,exact_mw,cb12ae119b9b2ba18d0216e7235b403229e92fd0743ede48fe7f1a2c6f45d594,"{""distance"":5,""physical_error_rate"":0.0005}","{""detection_events"":17384,""detectors_checked"":7798784}"
     11264,         0,         0,   0.206,exact_mw,f32ebecd8e105e50ec838d33c5ed9b45444b6b44a3c6ac541111079f2b14e893,"{""distance"":5,""physical_error_rate"":5e-05}","{""detection_events"":562,""detectors_checked"":2523136}"
     10240,         0,         0,   0.585,exact_mw,bb90ec3459e353008cf9a5bb9142bf1e8515517a9e167021b225104594e48e8a,"{""distance"":5,""physical_error_rate"":0.001}","{""detection_events"":10081,""detectors_checked"":2293760}"
     59392,         0,         0,   0.801,exact_mw,cb12ae119b9b2ba18d0216e7235b403229e92fd0743ede48fe7f1a2c6f45d594,"{""distance"":5,""physical_error_rate"":0.0005}","{""detection_events"":29227,""detectors_checked"":13303808}"
      8192,         2,         0,    1.71,exact_mw,3208f56225bbcac0e2804eb6f92d0a8b681652a702ca1ec920ccd7367f0e0899,"{""distance"":5,""physical_error_rate"":0.002}","{""detection_events"":15831,""detectors_checked"":1835008,""obs_mistake_mask=E"":2}"
        32,         6,         0,   0.421,exact_mw,7fd11737ba5953e5998cf5d5ab7672462ce2ff07a9ab0f8628176a3f70e7a095,"{""distance"":5,""physical_error_rate"":0.05}","{""detection_events"":1231,""detectors_checked"":7168,""obs_mistake_mask=E"":6}"
        32,         5,         0,   0.656,exact_mw,7fd11737ba5953e5998cf5d5ab7672462ce2ff07a9ab0f8628176a3f70e7a095,"{""distance"":5,""physical_error_rate"":0.05}","{""detection_events"":1214,""detectors_checked"":7168,""obs_mistake_mask=E"":5}"
        16,         6,         0,   0.342,exact_mw,7fd11737ba5953e5998cf5d5ab7672462ce2ff07a9ab0f8628176a3f70e7a095,"{""distance"":5,""physical_error_rate"":0.05}","{""detection_events"":581,""detectors_checked"":3584,""obs_mistake_mask=E"":6}"
      4096,         0,         0,    1.16,exact_mw,3208f56225bbcac0e2804eb6f92d0a8b681652a702ca1ec920ccd7367f0e0899,"{""distance"":5,""physical_error_rate"":0.002}","{""detection_events"":7887,""detectors_checked"":917504}"
       128,         0,         0,    1.11,exact_mw,72230d8c06b5a71069df48ede6f7f3e6128cd83e8239dd1b2e5fe023578b6eb1,"{""distance"":5,""physical_error_rate"":0.01}","{""detection_events"":1324,""detectors_checked"":28672}"
       256,         0,         0,   0.442,exact_mw,38b7ae1c4e8407fc325e0d9e43e9f92ff26dcb3f5cf7b98d24ea74c9e5188d39,"{""distance"":5,""physical_error_rate"":0.005}","{""detection_events"":1215,""detectors_checked"":57344}"
        32,         1,         0,   0.490,exact_mw,7b4896c0e7f0a510554d89637fd747b157418067a95869d1f0661294d473d1dc,"{""distance"":5,""physical_error_rate"":0.02}","{""detection_events"":553,""detectors_checked"":7168,""obs_mistake_mask=E"":1}"
     36864,         0,         0,    1.53,exact_mw,bb90ec3459e353008cf9a5bb9142bf1e8515517a9e167021b225104594e48e8a,"{""distance"":5,""physical_error_rate"":0.001}","{""detection_events"":35882,""detectors_checked"":8257536}"
        64,        18,         0,   0.964,exact_mw,7fd11737ba5953e5998cf5d5ab7672462ce2ff07a9ab0f8628176a3f70e7a095,"{""distance"":5,""physical_error_rate"":0.05}","{""detection_events"":2450,""detectors_checked"":14336,""obs_mistake_mask=E"":18}"
        16,         2,         0,   0.328,exact_mw,7fd11737ba5953e5998cf5d5ab7672462ce2ff07a9ab0f8628176a3f70e7a095,"{""distance"":5,""physical_error_rate"":0.05}","{""detection_events"":588,""detectors_checked"":3584,""obs_mistake_mask=E"":2}"
       512,         1,         0,   0.953,exact_mw,38b7ae1c4e8407fc325e0d9e43e9f92ff26dcb3f5cf7b98d24ea74c9e5188d39,"{""distance"":5,""physical_error_rate"":0.005}","{""detection_events"":2403,""detectors_checked"":114688,""obs_mistake_mask=E"":1}"
        32,         5,         0,   0.545,exact_mw,7fd11737ba5953e5998cf5d5ab7672462ce2ff07a9ab0f8628176a3f70e7a095,"{""distance"":5,""physical_error_rate"":0.05}","{""detection_events"":1250,""detectors_checked"":7168,""obs_mistake_mask=E"":5}"
        64,         0,         0,   0.452,exact_mw,72230d8c06b5a71069df48ede6f7f3e6128cd83e8239dd1b2e5fe023578b6eb1,"{""distance"":5,""physical_error_rate"":0.01}","{""detection_events"":609,""detectors_checked"":14336}"
     17408,         0,         0,   0.301,exact_mw,f32ebecd8e105e50ec838d33c5ed9b45444b6b44a3c6ac541111079f2b14e893,"{""distance"":5,""physical_error_rate"":5e-05}","{""detection_events"":803,""detectors_checked"":3899392}"
        32,         1,         0,   0.502,exact_mw,7b4896c0e7f0a510554d89637fd747b157418067a95869d1f0661294d473d1dc,"{""distance"":5,""physical_error_rate"":0.02}","{""detection_events"":604,""detectors_checked"":7168,""obs_mistake_mask=E"":1}"
        32,         7,         0,   0.445,exact_mw,7fd11737ba5953e5998cf5d5ab7672462ce2ff07a9ab0f8628176a3f70e7a095,"{""distance"":5,""physical_error_rate"":0.05}","{""detection_events"":1232,""detectors_checked"":7168,""obs_mistake_mask=E"":7}"
     46080,         0,         0,   0.782,exact_mw,cdc4a450a40af8e24899239080e4c40992fb5baf91c5a31ab3a165eacb3a1ab3,"{""distance"":5,""physical_error_rate"":0.0002}","{""detection_events"":8844,""detectors_checked"":10321920}"
    136192,         0,         0,    1.52,exact_mw,f32ebecd8e105e50ec838d33c5ed9b45444b6b44a3c6ac541111079f2b14e893,"{""distance"":5,""physical_error_rate"":5e-05}","{""detection_events"":6701,""detectors_checked"":30507008}"
     46080,         0,         0,   0.799,exact_mw,cdc4a450a40af8e24899239080e4c40992fb5baf91c5a31ab3a165eacb3a1ab3,"{""distance"":5,""physical_error_rate"":0.0002}","{""detection_events"":9083,""detectors_checked"":10321920}"
        64,         2,         0,   0.960,exact_mw,7b4896c0e7f0a510554d89637fd747b157418067a95869d1f0661294d473d1dc,"{""distance"":5,""physical_error_rate"":0.02}","{""detection_events"":1168,""detectors_checked"":14336,""obs_mistake_mask=E"":2}"
        64,         9,         0,   0.676,exact_mw,7fd11737ba5953e5998cf5d5ab7672462ce2ff07a9ab0f8628176a3f70e7a095,"{""distance"":5,""physical_error_rate"":0.05}","{""detection_events"":2364,""detectors_checked"":14336,""obs_mistake_mask=E"":9}"
       128,         0,         0,   0.960,exact_mw,72230d8c06b5a71069df48ede6f7f3e6128cd83e8239dd1b2e5fe023578b6eb1,"{""distance"":5,""physical_error_rate"":0.01}","{""detection_events"":1066,""detectors_checked"":28672}"
       128,         1,         0,   0.871,exact_mw,72230d8c06b5a71069df48ede6f7f3e6128cd83e8239dd1b2e5fe023578b6eb1,"{""distance"":5,""physical_error_rate"":0.01}","{""detection_events"":1187,""detectors_checked"":28672,""obs_mistake_mask=E"":1}"
      5120,         0,         0,   0.897,exact_mw,3208f56225bbcac0e2804eb6f92d0a8b681652a702ca1ec920ccd7367f0e0899,"{""distance"":5,""physical_error_rate"":0.002}","{""detection_events"":10099,""detectors_checked"":1146880}"
        64,         3,         0,   0.662,exact_mw,7b4896c0e7f0a510554d89637fd747b157418067a95869d1f0661294d473d1dc,"{""distance"":5,""physical_error_rate"":0.02}","{""detection_events"":1138,""detectors_checked"":14336,""obs_mistake_mask=E"":3}"
     32768,         0,         0,    1.59,exact_mw,bb90ec3459e353008cf9a5bb9142bf1e8515517a9e167021b225104594e48e8a,"{""distance"":5,""physical_error_rate"":0.001}","{""detection_events"":32500,""detectors_checked"":7340032}"
        32,         1,         0,   0.506,exact_mw,7b4896c0e7f0a510554d89637fd747b157418067a95869d1f0661294d473d1dc,"{""distance"":5,""physical_error_rate"":0.02}","{""detection_events"":560,""detectors_checked"":7168,""obs_mistake_mask=E"":1}"
    110592,         0,         0,    1.52,exact_mw,70a969f5042aec17ac076c6379f4170fb7c69b8e925756ef3b7334e28a33338b,"{""distance"":5,""physical_error_rate"":0.0001}","{""detection_events"":10744,""detectors_checked"":24772608}"
     67584,         0,         0,   0.792,exact_mw,cb12ae119b9b2ba18d0216e7235b403229e92fd0743ede48fe7f1a2c6f45d594,"{""distance"":5,""physical_error_rate"":0.0005}","{""detection_events"":33502,""detectors_checked"":15138816}"
        16,         1,         0,   0.369,exact_mw,7fd11737ba5953e5998cf5d5ab7672462ce2ff07a9ab0f8628176a3f70e7a095,"{""distance"":5,""physical_error_rate"":0.05}","{""detection_events"":616,""detectors_checked"":3584,""obs_mistake_mask=E"":1}"
       512,         0,         0,   0.858,exact_mw,38b7ae1c4e8407fc325e0d9e43e9f92ff26dcb3f5cf7b98d24ea74c9e5188d39,"{""distance"":5,""physical_error_rate"":0.005}","{""detection_events"":2300,""detectors_checked"":114688}"
        32,         0,         0,   0.477,exact_mw,7b4896c0e7f0a510554d89637fd747b157418067a95869d1f0661294d473d1dc,"{""distance"":5,""physical_error_rate"":0.02}","{""detection_events"":565,""detectors_checked"":7168}"
       512,         0,         0,    1.15,exact_mw,38b7ae1c4e8407fc325e0d9e43e9f92ff26dcb3f5cf7b98d24ea74c9e5188d39,"{""distance"":5,""physical_error_rate"":0.005}","{""detection_events"":2356,""detectors_checked"":114688}"
      8192,         1,         0,    1.20,exact_mw,bb90ec3459e353008cf9a5bb9142bf1e8515517a9e167021b225104594e48e8a,"{""distance"":5,""physical_error_rate"":0.001}","{""detection_events"":8135,""detectors_checked"":1835008,""obs_mistake_mask=E"":1}"
        32,         5,         0,   0.422,exact_mw,7fd11737ba5953e5998cf5d5ab7672462ce2ff07a9ab0f8628176a3f70e7a095,"{""distance"":5,""physical_error_rate"":0.05}","{""detection_events"":1213,""detectors_checked"":7168,""obs_mistake_mask=E"":5}"
        64,         1,         0,   0.676,exact_mw,7b4896c0e7f0a510554d89637fd747b157418067a95869d1f0661294d473d1dc,"{""distance"":5,""physical_error_rate"":0.02}","{""detection_events"":1138,""detectors_checked"":14336,""obs_mistake_mask=E"":1}"
       128,         0,         0,   0.874,exact_mw,72230d8c06b5a71069df48ede6f7f3e6128cd83e8239dd1b2e5fe023578b6eb1,"{""distance"":5,""physical_error_rate"":0.01}","{""detection_events"":1178,""detectors_checked"":28672}"
        32,         0,         0,   0.539,exact_mw,7b4896c0e7f0a510554d89637fd747b157418067a95869d1f0661294d473d1dc,"{""distance"":5,""physical_error_rate"":0.02}","{""detection_events"":535,""detectors_checked"":7168}"
       512,         1,         0,   0.893,exact_mw,38b7ae1c4e8407fc325e0d9e43e9f92ff26dcb3f5cf7b98d24ea74c9e5188d39,"{""distance"":5,""physical_error_rate"":0.005}","{""detection_events"":2448,""detectors_checked"":114688,""obs_mistake_mask=E"":1}"
       128,         1,         0,    1.16,exact_mw,72230d8c06b5a71069df48ede6f7f3e6128cd83e8239dd1b2e5fe023578b6eb1,"{""distance"":5,""physical_error_rate"":0.01}","{""detection_events"":1249,""detectors_checked"":28672,""obs_mistake_mask=E"":1}"
        16,         5,         0,   0.331,exact_mw,7fd11737ba5953e5998cf5d5ab7672462ce2ff07a9ab0f8628176a3f70e7a095,"{""distance"":5,""physical_error_rate"":0.05}","{""detection_events"":641,""detectors_checked"":3584,""obs_mistake_mask=E"":5}"
    143360,         0,         0,    1.48,exact_mw,f32ebecd8e105e50ec838d33c5ed9b45444b6b44a3c6ac541111079f2b14e893,"{""distance"":5,""physical_error_rate"":5e-05}","{""detection_events"":7207,""detectors_checked"":32112640}"
      2048,         0,         0,   0.599,exact_mw,3208f56225bbcac0e2804eb6f92d0a8b681652a702ca1ec920ccd7367f0e0899,"{""distance"":5,""physical_error_rate"":0.002}","{""detection_events"":4034,""detectors_checked"":458752}"
        64,         3,         0,   0.865,exact_mw,7b4896c0e7f0a510554d89637fd747b157418067a95869d1f0661294d473d1dc,"{""distance"":5,""physical_error_rate"":0.02}","{""detection_events"":1160,""detectors_checked"":14336,""obs_mistake_mask=E"":3}"
       256,         1,         0,   0.476,exact_mw,38b7ae1c4e8407fc325e0d9e43e9f92ff26dcb3f5cf7b98d24ea74c9e5188d39,"{""distance"":5,""physical_error_rate"":0.005}","{""detection_events"":1215,""detectors_checked"":57344,""obs_mistake_mask=E"":1}"
     48128,         0,         0,   0.805,exact_mw,70a969f5042aec17ac076c6379f4170fb7c69b8e925756ef3b7334e28a33338b,"{""distance"":5,""physical_error_rate"":0.0001}","{""detection_events"":4581,""detectors_checked"":10780672}"
      6144,         0,         0,    1.16,exact_mw,3208f56225bbcac0e2804eb6f92d0a8b681652a702ca1ec920ccd7367f0e0899,"{""distance"":5,""physical_error_rate"":0.002}","{""detection_events"":11898,""detectors_checked"":1376256}"
    121856,         0,         0,    2.07,exact_mw,f32ebecd8e105e50ec838d33c5ed9b45444b6b44a3c6ac541111079f2b14e893,"{""distance"":5,""physical_error_rate"":5e-05}","{""detection_events"":6113,""detectors_checked"":27295744}"
       256,         1,         0,   0.630,exact_mw,38b7ae1c4e8407fc325e0d9e43e9f92ff26dcb3f5cf7b98d24ea74c9e5188d39,"{""distance"":5,""physical_error_rate"":0.005}","{""detection_events"":1254,""detectors_checked"":57344,""obs_mistake_mask=E"":1}"
    165888,         0,         0,    2.15,exact_mw,70a969f5042aec17ac076c6379f4170fb7c69b8e925756ef3b7334e28a33338b,"{""distance"":5,""physical_error_rate"":0.0001}","{""detection_events"":16484,""detectors_checked"":37158912}"
      4096,         0,         0,   0.978,exact_mw,3208f56225bbcac0e2804eb6f92d0a8b681652a702ca1ec920ccd7367f0e0899,"{""distance"":5,""physical_error_rate"":0.002}","{""detection_events"":7737,""detectors_checked"":917504}"
      3072,         0,         0,    1.59,exact_mw,3208f56225bbcac0e2804eb6f92d0a8b681652a702ca1ec920ccd7367f0e0899,"{""distance"":5,""physical_error_rate"":0.002}","{""detection_events"":5899,""detectors_checked"":688128}"
     97280,         0,         0,    1.55,exact_mw,f32ebecd8e105e50ec838d33c5ed9b45444b6b44a3c6ac541111079f2b14e893,"{""distance"":5,""physical_error_rate"":5e-05}","{""detection_events"":5039,""detectors_checked"":21790720}"
     46080,         0,         0,    1.54,exact_mw,bb90ec3459e353008cf9a5bb9142bf1e8515517a9e167021b225104594e48e8a,"{""distance"":5,""physical_error_rate"":0.001}","{""detection_events"":45488,""detectors_checked"":10321920}"
        32,         0,         0,   0.566,exact_mw,7b4896c0e7f0a510554d89637fd747b157418067a95869d1f0661294d473d1dc,"{""distance"":5,""physical_error_rate"":0.02}","{""detection_events"":537,""detectors_checked"":7168}"
     24576,         0,         0,   0.417,exact_mw,f32ebecd8e105e50ec838d33c5ed9b45444b6b44a3c6ac541111079f2b14e893,"{""distance"":5,""physical_error_rate"":5e-05}","{""detection_events"":1224,""detectors_checked"":5505024}"
       512,         0,         0,    1.02,exact_mw,38b7ae1c4e8407fc325e0d9e43e9f92ff26dcb3f5cf7b98d24ea74c9e5188d39,"{""distance"":5,""physical_error_rate"":0.005}","{""detection_events"":2580,""detectors_checked"":114688}"
    107520,         0,         0,    1.57,exact_mw,cdc4a450a40af8e24899239080e4c40992fb5baf91c5a31ab3a165eacb3a1ab3,"{""distance"":5,""physical_error_rate"":0.0002}","{""detection_events"":21250,""detectors_checked"":24084480}"
        32,         2,         0,   0.479,exact_mw,7b4896c0e7f0a510554d89637fd747b157418067a95869d1f0661294d473d1dc,"{""distance"":5,""physical_error_rate"":0.02}","{""detection_events"":506,""detectors_checked"":7168,""obs_mistake_mask=E"":2}"
        64,         1,         0,   0.506,exact_mw,72230d8c06b5a71069df48ede6f7f3e6128cd83e8239dd1b2e5fe023578b6eb1,"{""distance"":5,""physical_error_rate"":0.01}","{""detection_events"":599,""detectors_checked"":14336,""obs_mistake_mask=E"":1}"
     11264,         0,         0,   0.817,exact_mw,bb90ec3459e353008cf9a5bb9142bf1e8515517a9e167021b225104594e48e8a,"{""distance"":5,""physical_error_rate"":0.001}","{""detection_events"":11003,""detectors_checked"":2523136}"
       128,         0,         0,   0.850,exact_mw,72230d8c06b5a71069df48ede6f7f3e6128cd83e8239dd1b2e5fe023578b6eb1,"{""distance"":5,""physical_error_rate"":0.01}","{""detection_events"":1191,""detectors_checked"":28672}"
        32,         9,         0,   0.786,exact_mw,7fd11737ba5953e5998cf5d5ab7672462ce2ff07a9ab0f8628176a3f70e7a095,"{""distance"":5,""physical_error_rate"":0.05}","{""detection_events"":1216,""detectors_checked"":7168,""obs_mistake_mask=E"":9}"
    137216,         0,         0,    1.56,exact_mw,cdc4a450a40af8e24899239080e4c40992fb5baf91c5a31ab3a165eacb3a1ab3,"{""distance"":5,""physical_error_rate"":0.0002}","{""detection_events"":26924,""detectors_checked"":30736384}"
     41984,         0,         0,    1.58,exact_mw,bb90ec3459e353008cf9a5bb9142bf1e8515517a9e167021b225104594e48e8a,"{""distance"":5,""physical_error_rate"":0.001}","{""detection_events"":40692,""detectors_checked"":9404416}"
       512,         1,         0,   0.882,exact_mw,38b7ae1c4e8407fc325e0d9e43e9f92ff26dcb3f5cf7b98d24ea74c9e5188d39,"{""distance"":5,""physical_error_rate"":0.005}","{""detection_events"":2539,""detectors_checked"":114688,""obs_mistake_mask=E"":1}"
        16,         2,         0,   0.448,exact_mw,7fd11737ba5953e5998cf5d5ab7672462ce2ff07a9ab0f8628176a3f70e7a095,"{""distance"":5,""physical_error_rate"":0.05}","{""detection_events"":598,""detectors_checked"":3584,""obs_mistake_mask=E"":2}"
    109568,         1,         0,    2.14,exact_mw,cb12ae119b9b2ba18d0216e7235b403229e92fd0743ede48fe7f1a2c6f45d594,"{""distance"":5,""physical_error_rate"":0.0005}","{""detection_events"":53905,""detectors_checked"":24543232,""obs_mistake_mask=E"":1}"
        16,         5,         0,   0.334,exact_mw,7fd11737ba5953e5998cf5d5ab7672462ce2ff07a9ab0f8628176a3f70e7a095,"{""distance"":5,""physical_error_rate"":0.05}","{""detection_events"":688,""detectors_checked"":3584,""obs_mistake_mask=E"":5}"
        32,         6,         0,   0.423,exact_mw,7fd11737ba5953e5998cf5d5ab7672462ce2ff07a9ab0f8628176a3f70e7a095,"{""distance"":5,""physical_error_rate"":0.05}","{""detection_events"":1220,""detectors_checked"":7168,""obs_mistake_mask=E"":6}"
        32,         2,         0,   0.505,exact_mw,7b4896c0e7f0a510554d89637fd747b157418067a95869d1f0661294d473d1dc,"{""distance"":5,""physical_error_rate"":0.02}","{""detection_events"":608,""detectors_checked"":7168,""obs_mistake_mask=E"":2}"
        32,         1,         0,   0.478,exact_mw,7b4896c0e7f0a510554d89637fd747b157418067a95869d1f0661294d473d1dc,"{""distance"":5,""physical_error_rate"":0.02}","{""detection_events"":550,""detectors_checked"":7168,""obs_mistake_mask=E"":1}"
       768,         0,         0,    2.39,exact_mw,38b7ae1c4e8407fc325e0d9e43e9f92ff26dcb3f5cf7b98d24ea74c9e5188d39,"{""distance"":5,""physical_error_rate"":0.005}","{""detection_events"":3835,""detectors_checked"":172032}"
      3072,         0,         0,    1.11,exact_mw,3208f56225bbcac0e2804eb6f92d0a8b681652a702ca1ec920ccd7367f0e0899,"{""distance"":5,""physical_error_rate"":0.002}","{""detection_events"":5972,""detectors_checked"":688128}"
    100352,         0,         0,    1.57,exact_mw,cdc4a450a40af8e24899239080e4c40992fb5baf91c5a31ab3a165eacb3a1ab3,"{""distance"":5,""physical_error_rate"":0.0002}","{""detection_events"":19644,""detectors_checked"":22478848}"
        32,         2,         0,   0.505,exact_mw,7b4896c0e7f0a510554d89637fd747b157418067a95869d1f0661294d473d1dc,"{""distance"":5,""physical_error_rate"":0.02}","{""detection_events"":600,""detectors_checked"":7168,""obs_mistake_mask=E"":2}"
     92160,         0,         0,    1.55,exact_mw,cb12ae119b9b2ba18d0216e7235b403229e92fd0743ede48fe7f1a2c6f45d594,"{""distance"":5,""physical_error_rate"":0.0005}","{""detection_events"":46132,""detectors_checked"":20643840}"
    101376,         0,         0,    1.12,exact_mw,70a969f5042aec17ac076c6379f4170fb7c69b8e925756ef3b7334e28a33338b,"{""distance"":5,""physical_error_rate"":0.0001}","{""detection_events"":10049,""detectors_checked"":22708224}"
        64,        10,         0,   0.662,exact_mw,7fd11737ba5953e5998cf5d5ab7672462ce2ff07a9ab0f8628176a3f70e7a095,"{""distance"":5,""physical_error_rate"":0.05}","{""detection_events"":2391,""detectors_checked"":14336,""obs_mistake_mask=E"":10}"
     91136,         0,         0,    1.53,exact_mw,cdc4a450a40af8e24899239080e4c40992fb5baf91c5a31ab3a165eacb3a1ab3,"{""distance"":5,""physical_error_rate"":0.0002}","{""detection_events"":18116,""detectors_checked"":20414464}"
    139264,         0,         0,    1.54,exact_mw,f32ebecd8e105e50ec838d33c5ed9b45444b6b44a3c6ac541111079f2b14e893,"{""distance"":5,""physical_error_rate"":5e-05}","{""detection_events"":6870,""detectors_checked"":31195136}"
       128,         0,         0,   0.960,exact_mw,72230d8c06b5a71069df48ede6f7f3e6128cd83e8239dd1b2e5fe023578b6eb1,"{""distance"":5,""physical_error_rate"":0.01}","{""detection_events"":1254,""detectors_checked"":28672}"
     36864,         0,         0,    1.56,exact_mw,bb90ec3459e353008cf9a5bb9142bf1e8515517a9e167021b225104594e48e8a,"{""distance"":5,""physical_error_rate"":0.001}","{""detection_events"":35770,""detectors_checked"":8257536}"
       512,         0,         0,   0.835,exact_mw,38b7ae1c4e8407fc325e0d9e43e9f92ff26dcb3f5cf7b98d24ea74c9e5188d39,"{""distance"":5,""physical_error_rate"":0.005}","{""detection_events"":2481,""detectors_checked"":114688}"
        64,        17,         0,   0.879,exact_mw,7fd11737ba5953e5998cf5d5ab7672462ce2ff07a9ab0f8628176a3f70e7a095,"{""distance"":5,""physical_error_rate"":0.05}","{""detection_events"":2443,""detectors_checked"":14336,""obs_mistake_mask=E"":17}"
        64,         5,         0,   0.706,exact_mw,7b4896c0e7f0a510554d89637fd747b157418067a95869d1f0661294d473d1dc,"{""distance"":5,""physical_error_rate"":0.02}","{""detection_events"":1195,""detectors_checked"":14336,""obs_mistake_mask=E"":5}"
     80896,         0,         0,    1.55,exact_mw,cb12ae119b9b2ba18d0216e7235b403229e92fd0743ede48fe7f1a2c6f45d594,"{""distance"":5,""physical_error_rate"":0.0005}","{""detection_events"":39761,""detectors_checked"":18120704}"
     61440,         0,         0,    1.12,exact_mw,cb12ae119b9b2ba18d0216e7235b403229e92fd0743ede48fe7f1a2c6f45d594,"{""distance"":5,""physical_error_rate"":0.0005}","{""detection_events"":30802,""detectors_checked"":13762560}"
        64,         2,         0,   0.633,exact_mw,7b4896c0e7f0a510554d89637fd747b157418067a95869d1f0661294d473d1dc,"{""distance"":5,""physical_error_rate"":0.02}","{""detection_events"":1172,""detectors_checked"":14336,""obs_mistake_mask=E"":2}"
     76800,         0,         0,    1.11,exact_mw,cb12ae119b9b2ba18d0216e7235b403229e92fd0743ede48fe7f1a2c6f45d594,"{""distance"":5,""physical_error_rate"":0.0005}","{""detection_events"":37012,""detectors_checked"":17203200}"
       128,         0,         0,   0.803,exact_mw,72230d8c06b5a71069df48ede6f7f3e6128cd83e8239dd1b2e5fe023578b6eb1,"{""distance"":5,""physical_error_rate"":0.01}","{""detection_events"":1153,""detectors_checked"":28672}"
        64,        16,         0,   0.869,exact_mw,7fd11737ba5953e5998cf5d5ab7672462ce2ff07a9ab0f8628176a3f70e7a095,"{""distance"":5,""physical_error_rate"":0.05}","{""detection_events"":2235,""detectors_checked"":14336,""obs_mistake_mask=E"":16}"
    129024,         0,         0,    1.55,exact_mw,cdc4a450a40af8e24899239080e4c40992fb5baf91c5a31ab3a165eacb3a1ab3,"{""distance"":5,""physical_error_rate"":0.0002}","{""detection_events"":25777,""detectors_checked"":28901376}"
    128000,         0,         0,    2.98,exact_mw,cb12ae119b9b2ba18d0216e7235b403229e92fd0743ede48fe7f1a2c6f45d594,"{""distance"":5,""physical_error_rate"":0.0005}","{""detection_events"":62769,""detectors_checked"":28672000}"
        32,         3,         0,   0.451,exact_mw,7b4896c0e7f0a510554d89637fd747b157418067a95869d1f0661294d473d1dc,"{""distance"":5,""physical_error_rate"":0.02}","{""detection_events"":564,""detectors_checked"":7168,""obs_mistake_mask=E"":3}"
    184320,         0,         0,    3.03,exact_mw,bb90ec3459e353008cf9a5bb9142bf1e8515517a9e167021b225104594e48e8a,"{""distance"":5,""physical_error_rate"":0.001}","{""detection_events"":179804,""detectors_checked"":41287680}"
     10240,         0,         0,    2.28,exact_mw,3208f56225bbcac0e2804eb6f92d0a8b681652a702ca1ec920ccd7367f0e0899,"{""distance"":5,""physical_error_rate"":0.002}","{""detection_events"":20018,""detectors_checked"":2293760}"
        32,         1,         0,   0.575,exact_mw,7b4896c0e7f0a510554d89637fd747b157418067a95869d1f0661294d473d1dc,"{""distance"":5,""physical_error_rate"":0.02}","{""detection_events"":537,""detectors_checked"":7168,""obs_mistake_mask=E"":1}"
     33792,         0,         0,   0.570,exact_mw,f32ebecd8e105e50ec838d33c5ed9b45444b6b44a3c6ac541111079f2b14e893,"{""distance"":5,""physical_error_rate"":5e-05}","{""detection_events"":1782,""detectors_checked"":7569408}"
      3072,         0,         0,   0.752,exact_mw,3208f56225bbcac0e2804eb6f92d0a8b681652a702ca1ec920ccd7367f0e0899,"{""distance"":5,""physical_error_rate"":0.002}","{""detection_events"":6010,""detectors_checked"":688128}"
        16,         0,         0,   0.446,exact_mw,7fd11737ba5953e5998cf5d5ab7672462ce2ff07a9ab0f8628176a3f70e7a095,"{""distance"":5,""physical_error_rate"":0.05}","{""detection_events"":627,""detectors_checked"":3584}"
        32,         0,         0,   0.419,exact_mw,7b4896c0e7f0a510554d89637fd747b157418067a95869d1f0661294d473d1dc,"{""distance"":5,""physical_error_rate"":0.02}","{""detection_events"":545,""detectors_checked"":7168}"
    117760,         0,         0,    2.19,exact_mw,cb12ae119b9b2ba18d0216e7235b403229e92fd0743ede48fe7f1a2c6f45d594,"{""distance"":5,""physical_error_rate"":0.0005}","{""detection_events"":57154,""detectors_checked"":26378240}"
        64,        13,         0,    1.10,exact_mw,7fd11737ba5953e5998cf5d5ab7672462ce2ff07a9ab0f8628176a3f70e7a095,"{""distance"":5,""physical_error_rate"":0.05}","{""detection_events"":2425,""detectors_checked"":14336,""obs_mistake_mask=E"":13}"
        64,         1,         0,    1.02,exact_mw,7b4896c0e7f0a510554d89637fd747b157418067a95869d1f0661294d473d1dc,"{""distance"":5,""physical_error_rate"":0.02}","{""detection_events"":1149,""detectors_checked"":14336,""obs_mistake_mask=E"":1}"
       128,         1,         0,   0.901,exact_mw,72230d8c06b5a71069df48ede6f7f3e6128cd83e8239dd1b2e5fe023578b6eb1,"{""distance"":5,""physical_error_rate"":0.01}","{""detection_events"":1231,""detectors_checked"":28672,""obs_mistake_mask=E"":1}"
        64,         2,         0,   0.600,exact_mw,72230d8c06b5a71069df48ede6f7f3e6128cd83e8239dd1b2e5fe023578b6eb1,"{""distance"":5,""physical_error_rate"":0.01}","{""detection_events"":681,""detectors_checked"":14336,""obs_mistake_mask=E"":2}"
    151552,         0,         0,    2.99,exact_mw,cb12ae119b9b2ba18d0216e7235b403229e92fd0743ede48fe7f1a2c6f45d594,"{""distance"":5,""physical_error_rate"":0.0005}","{""detection_events"":74744,""detectors_checked"":33947648}"
     68608,         0,         0,    1.11,exact_mw,cdc4a450a40af8e24899239080e4c40992fb5baf91c5a31ab3a165eacb3a1ab3,"{""distance"":5,""physical_error_rate"":0.0002}","{""detection_events"":13623,""detectors_checked"":15368192}"
       512,         1,         0,   0.897,exact_mw,38b7ae1c4e8407fc325e0d9e43e9f92ff26dcb3f5cf7b98d24ea74c9e5188d39,"{""distance"":5,""physical_error_rate"":0.005}","{""detection_events"":2452,""detectors_checked"":114688,""obs_mistake_mask=E"":1}"
       128,         2,         0,    1.13,exact_mw,72230d8c06b5a71069df48ede6f7f3e6128cd83e8239dd1b2e5fe023578b6eb1,"{""distance"":5,""physical_error_rate"":0.01}","{""detection_events"":1139,""detectors_checked"":28672,""obs_mistake_mask=E"":2}"
     47104,         0,         0,    1.12,exact_mw,cdc4a450a40af8e24899239080e4c40992fb5baf91c5a31ab3a165eacb3a1ab3,"{""distance"":5,""physical_error_rate"":0.0002}","{""detection_events"":9299,""detectors_checked"":10551296}"
        64,         1,         0,   0.905,exact_mw,7b4896c0e7f0a510554d89637fd747b157418067a95869d1f0661294d473d1dc,"{""distance"":5,""physical_error_rate"":0.02}","{""detection_events"":1078,""detectors_checked"":14336,""obs_mistake_mask=E"":1}"
     81920,         0,         0,    1.55,exact_mw,cb12ae119b9b2ba18d0216e7235b403229e92fd0743ede48fe7f1a2c6f45d594,"{""distance"":5,""physical_error_rate"":0.0005}","{""detection_events"":40402,""detectors_checked"":18350080}"
    153600,         0,         0,    2.13,exact_mw,f32ebecd8e105e50ec838d33c5ed9b45444b6b44a3c6ac541111079f2b14e893,"{""distance"":5,""physical_error_rate"":5e-05}","{""detection_events"":7343,""detectors_checked"":34406400}"
        32,         1,         0,   0.514,exact_mw,7b4896c0e7f0a510554d89637fd747b157418067a95869d1f0661294d473d1dc,"{""distance"":5,""physical_error_rate"":0.02}","{""detection_events"":578,""detectors_checked"":7168,""obs_mistake_mask=E"":1}"
       512,         1,         0,    1.09,exact_mw,38b7ae1c4e8407fc325e0d9e43e9f92ff26dcb3f5cf7b98d24ea74c9e5188d39,"{""distance"":5,""physical_error_rate"":0.005}","{""detection_events"":2637,""detectors_checked"":114688,""obs_mistake_mask=E"":1}"
        16,         4,         0,   0.637,exact_mw,7fd11737ba5953e5998cf5d5ab7672462ce2ff07a9ab0f8628176a3f70e7a095,"{""distance"":5,""physical_error_rate"":0.05}","{""detection_events"":660,""detectors_checked"":3584,""obs_mistake_mask=E"":4}"
       512,         1,         0,   0.998,exact_mw,38b7ae1c4e8407fc325e0d9e43e9f92ff26dcb3f5cf7b98d24ea74c9e5188d39,"{""distance"":5,""physical_error_rate"":0.005}","{""detection_events"":2577,""detectors_checked"":114688,""obs_mistake_mask=E"":1}"
     97280,         0,         0,    1.09,exact_mw,cb12ae119b9b2ba18d0216e7235b403229e92fd0743ede48fe7f1a2c6f45d594,"{""distance"":5,""physical_error_rate"":0.0005}","{""detection_events"":47525,""detectors_checked"":21790720}"
       256,         3,         0,    1.60,exact_mw,72230d8c06b5a71069df48ede6f7f3e6128cd83e8239dd1b2e5fe023578b6eb1,"{""distance"":5,""physical_error_rate"":0.01}","{""detection_events"":2515,""detectors_checked"":57344,""obs_mistake_mask=E"":3}"
      1024,         1,         0,    1.18,exact_mw,38b7ae1c4e8407fc325e0d9e43e9f92ff26dcb3f5cf7b98d24ea74c9e5188d39,"{""distance"":5,""physical_error_rate"":0.005}","{""detection_events"":4802,""detectors_checked"":229376,""obs_mistake_mask=E"":1}"
    140288,         0,         0,    2.17,exact_mw,70a969f5042aec17ac076c6379f4170fb7c69b8e925756ef3b7334e28a33338b,"{""distance"":5,""physical_error_rate"":0.0001}","{""detection_events"":13746,""detectors_checked"":31424512}"
      8192,         1,         0,    1.26,exact_mw,3208f56225bbcac0e2804eb6f92d0a8b681652a702ca1ec920ccd7367f0e0899,"{""distance"":5,""physical_error_rate"":0.002}","{""detection_events"":16360,""detectors_checked"":1835008,""obs_mistake_mask=E"":1}"
       128,         0,         0,   0.825,exact_mw,72230d8c06b5a71069df48ede6f7f3e6128cd83e8239dd1b2e5fe023578b6eb1,"{""distance"":5,""physical_error_rate"":0.01}","{""detection_events"":1180,""detectors_checked"":28672}"
        96,        24,         0,    1.97,exact_mw,7fd11737ba5953e5998cf5d5ab7672462ce2ff07a9ab0f8628176a3f70e7a095,"{""distance"":5,""physical_error_rate"":0.05}","{""detection_events"":3620,""detectors_checked"":21504,""obs_mistake_mask=E"":24}"
       128,         1,         0,    1.10,exact_mw,72230d8c06b5a71069df48ede6f7f3e6128cd83e8239dd1b2e5fe023578b6eb1,"{""distance"":5,""physical_error_rate"":0.01}","{""detection_events"":1185,""detectors_checked"":28672,""obs_mistake_mask=E"":1}"
       512,         1,         0,   0.818,exact_mw,38b7ae1c4e8407fc325e0d9e43e9f92ff26dcb3f5cf7b98d24ea74c9e5188d39,"{""distance"":5,""physical_error_rate"":0.005}","{""detection_events"":2310,""detectors_checked"":114688,""obs_mistake_mask=E"":1}"
        32,         0,         0,   0.481,exact_mw,7b4896c0e7f0a510554d89637fd747b157418067a95869d1f0661294d473d1dc,"{""distance"":5,""physical_error_rate"":0.02}","{""detection_events"":491,""detectors_checked"":7168}"
     59392,         0,         0,    1.10,exact_mw,70a969f5042aec17ac076c6379f4170fb7c69b8e925756ef3b7334e28a33338b,"{""distance"":5,""physical_error_rate"":0.0001}","{""detection_events"":5828,""detectors_checked"":13303808}"
        64,         6,         0,   0.838,exact_mw,7fd11737ba5953e5998cf5d5ab7672462ce2ff07a9ab0f8628176a3f70e7a095,"{""distance"":5,""physical_error_rate"":0.05}","{""detection_events"":2400,""detectors_checked"":14336,""obs_mistake_mask=E"":6}"
        32,         7,         0,   0.891,exact_mw,7fd11737ba5953e5998cf5d5ab7672462ce2ff07a9ab0f8628176a3f70e7a095,"{""distance"":5,""physical_error_rate"":0.05}","{""detection_events"":1217,""detectors_checked"":7168,""obs_mistake_mask=E"":7}"
        16,         3,         0,   0.417,exact_mw,7fd11737ba5953e5998cf5d5ab7672462ce2ff07a9ab0f8628176a3f70e7a095,"{""distance"":5,""physical_error_rate"":0.05}","{""detection_events"":611,""detectors_checked"":3584,""obs_mistake_mask=E"":3}"
        32,         1,         0,   0.423,exact_mw,7b4896c0e7f0a510554d89637fd747b157418067a95869d1f0661294d473d1dc,"{""distance"":5,""physical_error_rate"":0.02}","{""detection_events"":558,""detectors_checked"":7168,""obs_mistake_mask=E"":1}"
        32,         1,         0,   0.874,exact_mw,7b4896c0e7f0a510554d89637fd747b157418067a95869d1f0661294d473d1dc,"{""distance"":5,""physical_error_rate"":0.02}","{""detection_events"":541,""detectors_checked"":7168,""obs_mistake_mask=E"":1}"
        64,         3,         0,   0.679,exact_mw,7b4896c0e7f0a510554d89637fd747b157418067a95869d1f0661294d473d1dc,"{""distance"":5,""physical_error_rate"":0.02}","{""detection_events"":1122,""detectors_checked"":14336,""obs_mistake_mask=E"":3}"
       512,         1,         0,    1.08,exact_mw,38b7ae1c4e8407fc325e0d9e43e9f92ff26dcb3f5cf7b98d24ea74c9e5188d39,"{""distance"":5,""physical_error_rate"":0.005}","{""detection_events"":2320,""detectors_checked"":114688,""obs_mistake_mask=E"":1}"
    137216,         0,         0,    2.18,exact_mw,70a969f5042aec17ac076c6379f4170fb7c69b8e925756ef3b7334e28a33338b,"{""distance"":5,""physical_error_rate"":0.0001}","{""detection_events"":13565,""detectors_checked"":30736384}"
       512,         1,         0,    1.22,exact_mw,38b7ae1c4e8407fc325e0d9e43e9f92ff26dcb3f5cf7b98d24ea74c9e5188d39,"{""distance"":5,""physical_error_rate"":0.005}","{""detection_events"":2462,""detectors_checked"":114688,""obs_mistake_mask=E"":1}"
        32,         0,         0,   0.571,exact_mw,7b4896c0e7f0a510554d89637fd747b157418067a95869d1f0661294d473d1dc,"{""distance"":5,""physical_error_rate"":0.02}","{""detection_events"":586,""detectors_checked"":7168}"
       128,         0,         0,   0.815,exact_mw,72230d8c06b5a71069df48ede6f7f3e6128cd83e8239dd1b2e5fe023578b6eb1,"{""distance"":5,""physical_error_rate"":0.01}","{""detection_events"":1164,""detectors_checked"":28672}"
      6144,         0,         0,    1.80,exact_mw,3208f56225bbcac0e2804eb6f92d0a8b681652a702ca1ec920ccd7367f0e0899,"{""distance"":5,""physical_error_rate"":0.002}","{""detection_events"":11872,""detectors_checked"":1376256}"
        64,         0,         0,   0.805,exact_mw,7b4896c0e7f0a510554d89637fd747b157418067a95869d1f0661294d473d1dc,"{""distance"":5,""physical_error_rate"":0.02}","{""detection_events"":1240,""detectors_checked"":14336}"
     14336,         0,         0,    1.12,exact_mw,bb90ec3459e353008cf9a5bb9142bf1e8515517a9e167021b225104594e48e8a,"{""distance"":5,""physical_error_rate"":0.001}","{""detection_events"":13813,""detectors_checked"":3211264}"
    217088,         0,         0,    3.01,exact_mw,70a969f5042aec17ac076c6379f4170fb7c69b8e925756ef3b7334e28a33338b,"{""distance"":5,""physical_error_rate"":0.0001}","{""detection_events"":21689,""detectors_checked"":48627712}"
      5120,         1,         0,    1.30,exact_mw,3208f56225bbcac0e2804eb6f92d0a8b681652a702ca1ec920ccd7367f0e0899,"{""distance"":5,""physical_error_rate"":0.002}","{""detection_events"":10215,""detectors_checked"":1146880,""obs_mistake_mask=E"":1}"
        32,         0,         0,   0.456,exact_mw,7b4896c0e7f0a510554d89637fd747b157418067a95869d1f0661294d473d1dc,"{""distance"":5,""physical_error_rate"":0.02}","{""detection_events"":543,""detectors_checked"":7168}"
        96,        27,         0,   0.997,exact_mw,7fd11737ba5953e5998cf5d5ab7672462ce2ff07a9ab0f8628176a3f70e7a095,"{""distance"":5,""physical_error_rate"":0.05}","{""detection_events"":3689,""detectors_checked"":21504,""obs_mistake_mask=E"":27}"
     62464,         0,         0,    3.04,exact_mw,bb90ec3459e353008cf9a5bb9142bf1e8515517a9e167021b225104594e48e8a,"{""distance"":5,""physical_error_rate"":0.001}","{""detection_events"":61115,""detectors_checked"":13991936}"
     98304,         0,         0,    2.21,exact_mw,70a969f5042aec17ac076c6379f4170fb7c69b8e925756ef3b7334e28a33338b,"{""distance"":5,""physical_error_rate"":0.0001}","{""detection_events"":10121,""detectors_checked"":22020096}"
     13312,         0,         0,    1.57,exact_mw,bb90ec3459e353008cf9a5bb9142bf1e8515517a9e167021b225104594e48e8a,"{""distance"":5,""physical_error_rate"":0.001}","{""detection_events"":13063,""detectors_checked"":2981888}"
        64,        18,         0,   0.844,exact_mw,7fd11737ba5953e5998cf5d5ab7672462ce2ff07a9ab0f8628176a3f70e7a095,"{""distance"":5,""physical_error_rate"":0.05}","{""detection_events"":2372,""detectors_checked"":14336,""obs_mistake_mask=E"":18}"
    758784,         0,         0,    2.15,exact_mw,cdc4a450a40af8e24899239080e4c40992fb5baf91c5a31ab3a165eacb3a1ab3,"{""distance"":5,""physical_error_rate"":0.0002}","{""detection_events"":149853,""detectors_checked"":169967616}"
    154624,         0,         0,    2.17,exact_mw,70a969f5042aec17ac076c6379f4170fb7c69b8e925756ef3b7334e28a33338b,"{""distance"":5,""physical_error_rate"":0.0001}","{""detection_events"":15447,""detectors_checked"":34635776}"
     49152,         0,         0,   0.810,exact_mw,f32ebecd8e105e50ec838d33c5ed9b45444b6b44a3c6ac541111079f2b14e893,"{""distance"":5,""physical_error_rate"":5e-05}","{""detection_events"":2357,""detectors_checked"":11010048}"
        16,         3,         0,   0.668,exact_mw,7fd11737ba5953e5998cf5d5ab7672462ce2ff07a9ab0f8628176a3f70e7a095,"{""distance"":5,""physical_error_rate"":0.05}","{""detection_events"":644,""detectors_checked"":3584,""obs_mistake_mask=E"":3}"
       128,         0,         0,    1.02,exact_mw,72230d8c06b5a71069df48ede6f7f3e6128cd83e8239dd1b2e5fe023578b6eb1,"{""distance"":5,""physical_error_rate"":0.01}","{""detection_events"":1215,""detectors_checked"":28672}"
         1,         0,         0,   0.002,exact_mw,7b4896c0e7f0a510554d89637fd747b157418067a95869d1f0661294d473d1dc,"{""distance"":5,""physical_error_rate"":0.02}","{""detection_events"":21,""detectors_checked"":224}"
        32,         3,         0,   0.481,exact_mw,7b4896c0e7f0a510554d89637fd747b157418067a95869d1f0661294d473d1dc,"{""distance"":5,""physical_error_rate"":0.02}","{""detection_events"":535,""detectors_checked"":7168,""obs_mistake_mask=E"":3}"
        32,         0,         0,   0.537,exact_mw,7b4896c0e7f0a510554d89637fd747b157418067a95869d1f0661294d473d1dc,"{""distance"":5,""physical_error_rate"":0.02}","{""detection_events"":586,""detectors_checked"":7168}"
       128,         0,         0,   0.876,exact_mw,72230d8c06b5a71069df48ede6f7f3e6128cd83e8239dd1b2e5fe023578b6eb1,"{""distance"":5,""physical_error_rate"":0.01}","{""detection_events"":1163,""detectors_checked"":28672}"
      9216,         0,         0,    1.69,exact_mw,3208f56225bbcac0e2804eb6f92d0a8b681652a702ca1ec920ccd7367f0e0899,"{""distance"":5,""physical_error_rate"":0.002}","{""detection_events"":17816,""detectors_checked"":2064384}"
        16,         6,         0,   0.576,exact_mw,7fd11737ba5953e5998cf5d5ab7672462ce2ff07a9ab0f8628176a3f70e7a095,"{""distance"":5,""physical_error_rate"":0.05}","{""detection_events"":634,""detectors_checked"":3584,""obs_mistake_mask=E"":6}"
        16,         1,         0,   0.086,exact_mw,7b4896c0e7f0a510554d89637fd747b157418067a95869d1f0661294d473d1dc,"{""distance"":5,""physical_error_rate"":0.02}","{""detection_events"":322,""detectors_checked"":3584,""obs_mistake_mask=E"":1}"
        64,         1,         0,   0.962,exact_mw,7b4896c0e7f0a510554d89637fd747b157418067a95869d1f0661294d473d1dc,"{""distance"":5,""physical_error_rate"":0.02}","{""detection_events"":1182,""detectors_checked"":14336,""obs_mistake_mask=E"":1}"
     73728,         0,         0,    2.18,exact_mw,bb90ec3459e353008cf9a5bb9142bf1e8515517a9e167021b225104594e48e8a,"{""distance"":5,""physical_error_rate"":0.001}","{""detection_events"":71917,""detectors_checked"":16515072}"
      4096,         0,         0,    1.05,exact_mw,3208f56225bbcac0e2804eb6f92d0a8b681652a702ca1ec920ccd7367f0e0899,"{""distance"":5,""physical_error_rate"":0.002}","{""detection_events"":8132,""detectors_checked"":917504}"
       768,         0,         0,    1.29,exact_mw,38b7ae1c4e8407fc325e0d9e43e9f92ff26dcb3f5cf7b98d24ea74c9e5188d39,"{""distance"":5,""physical_error_rate"":0.005}","{""detection_events"":3613,""detectors_checked"":172032}"
        32,         2,         0,   0.392,exact_mw,7b4896c0e7f0a510554d89637fd747b157418067a95869d1f0661294d473d1dc,"{""distance"":5,""physical_error_rate"":0.02}","{""detection_events"":520,""detectors_checked"":7168,""obs_mistake_mask=E"":2}"
        96,        20,         0,    1.30,exact_mw,7fd11737ba5953e5998cf5d5ab7672462ce2ff07a9ab0f8628176a3f70e7a095,"{""distance"":5,""physical_error_rate"":0.05}","{""detection_events"":3651,""detectors_checked"":21504,""obs_mistake_mask=E"":20}"
      1297,         0,         0,   0.005,exact_mw,cb12ae119b9b2ba18d0216e7235b403229e92fd0743ede48fe7f1a2c6f45d594,"{""distance"":5,""physical_error_rate"":0.0005}","{""detection_events"":579,""detectors_checked"":290528}"
        64,        11,         0,    1.10,exact_mw,7fd11737ba5953e5998cf5d5ab7672462ce2ff07a9ab0f8628176a3f70e7a095,"{""distance"":5,""physical_error_rate"":0.05}","{""detection_events"":2442,""detectors_checked"":14336,""obs_mistake_mask=E"":11}"
      1024,         0,         0,   0.022,exact_mw,cb12ae119b9b2ba18d0216e7235b403229e92fd0743ede48fe7f1a2c6f45d594,"{""distance"":5,""physical_error_rate"":0.0005}","{""detection_events"":534,""detectors_checked"":229376}"
        64,         2,         0,   0.653,exact_mw,7b4896c0e7f0a510554d89637fd747b157418067a95869d1f0661294d473d1dc,"{""distance"":5,""physical_error_rate"":0.02}","{""detection_events"":1155,""detectors_checked"":14336,""obs_mistake_mask=E"":2}"
     10240,         1,         0,    2.48,exact_mw,3208f56225bbcac0e2804eb6f92d0a8b681652a702ca1ec920ccd7367f0e0899,"{""distance"":5,""physical_error_rate"":0.002}","{""detection_events"":20239,""detectors_checked"":2293760,""obs_mistake_mask=E"":1}"
       128,         7,         0,    1.11,exact_mw,72230d8c06b5a71069df48ede6f7f3e6128cd83e8239dd1b2e5fe023578b6eb1,"{""distance"":5,""physical_error_rate"":0.01}","{""detection_events"":1182,""detectors_checked"":28672,""obs_mistake_mask=E"":7}"
      2048,         0,         0,   0.024,exact_mw,cb12ae119b9b2ba18d0216e7235b403229e92fd0743ede48fe7f1a2c6f45d594,"{""distance"":5,""physical_error_rate"":0.0005}","{""detection_events"":1002,""detectors_checked"":458752}"
    248832,         0,         0,    2.15,exact_mw,f32ebecd8e105e50ec838d33c5ed9b45444b6b44a3c6ac541111079f2b14e893,"{""distance"":5,""physical_error_rate"":5e-05}","{""detection_events"":11934,""detectors_checked"":55738368}"
      2048,         0,         0,   0.030,exact_mw,cb12ae119b9b2ba18d0216e7235b403229e92fd0743ede48fe7f1a2c6f45d594,"{""distance"":5,""physical_error_rate"":0.0005}","{""detection_events"":1091,""detectors_checked"":458752}"
    142336,         0,         0,    1.57,exact_mw,70a969f5042aec17ac076c6379f4170fb7c69b8e925756ef3b7334e28a33338b,"{""distance"":5,""physical_error_rate"":0.0001}","{""detection_events"":14024,""detectors_checked"":31883264}"
    155648,         0,         0,    2.15,exact_mw,70a969f5042aec17ac076c6379f4170fb7c69b8e925756ef3b7334e28a33338b,"{""distance"":5,""physical_error_rate"":0.0001}","{""detection_events"":15297,""detectors_checked"":34865152}"
      4096,         0,         0,   0.032,exact_mw,cb12ae119b9b2ba18d0216e7235b403229e92fd0743ede48fe7f1a2c6f45d594,"{""distance"":5,""physical_error_rate"":0.0005}","{""detection_events"":2063,""detectors_checked"":917504}"
       512,         0,         0,    1.06,exact_mw,38b7ae1c4e8407fc325e0d9e43e9f92ff26dcb3f5cf7b98d24ea74c9e5188d39,"{""distance"":5,""physical_error_rate"":0.005}","{""detection_events"":2566,""detectors_checked"":114688}"
       128,         0,         0,   0.952,exact_mw,72230d8c06b5a71069df48ede6f7f3e6128cd83e8239dd1b2e5fe023578b6eb1,"{""distance"":5,""physical_error_rate"":0.01}","{""detection_events"":1278,""detectors_checked"":28672}"
        64,        17,         0,   0.868,exact_mw,7fd11737ba5953e5998cf5d5ab7672462ce2ff07a9ab0f8628176a3f70e7a095,"{""distance"":5,""physical_error_rate"":0.05}","{""detection_events"":2418,""detectors_checked"":14336,""obs_mistake_mask=E"":17}"
       128,         1,         0,    1.11,exact_mw,72230d8c06b5a71069df48ede6f7f3e6128cd83e8239dd1b2e5fe023578b6eb1,"{""distance"":5,""physical_error_rate"":0.01}","{""detection_events"":1160,""detectors_checked"":28672,""obs_mistake_mask=E"":1}"
     45056,         0,         0,    2.21,exact_mw,bb90ec3459e353008cf9a5bb9142bf1e8515517a9e167021b225104594e48e8a,"{""distance"":5,""physical_error_rate"":0.001}","{""detection_events"":44657,""detectors_checked"":10092544}"
       512,         1,         0,    1.14,exact_mw,38b7ae1c4e8407fc325e0d9e43e9f92ff26dcb3f5cf7b98d24ea74c9e5188d39,"{""distance"":5,""physical_error_rate"":0.005}","{""detection_events"":2645,""detectors_checked"":114688,""obs_mistake_mask=E"":1}"
      4096,         0,         0,   0.056,exact_mw,cb12ae119b9b2ba18d0216e7235b403229e92fd0743ede48fe7f1a2c6f45d594,"{""distance"":5,""physical_error_rate"":0.0005}","{""detection_events"":1843,""detectors_checked"":917504}"
    266240,         0,         0,    3.02,exact_mw,cdc4a450a40af8e24899239080e4c40992fb5baf91c5a31ab3a165eacb3a1ab3,"{""distance"":5,""physical_error_rate"":0.0002}","{""detection_events"":52703,""detectors_checked"":59637760}"
         1,         0,         0,   0.000,exact_mw,f32ebecd8e105e50ec838d33c5ed9b45444b6b44a3c6ac541111079f2b14e893,"{""distance"":5,""physical_error_rate"":5e-05}","{""detectors_checked"":224}"
    207872,         0,         0,    1.56,exact_mw,cb12ae119b9b2ba18d0216e7235b403229e92fd0743ede48fe7f1a2c6f45d594,"{""distance"":5,""physical_error_rate"":0.0005}","{""detection_events"":102100,""detectors_checked"":46563328}"
         1,         0,         0,   0.003,exact_mw,72230d8c06b5a71069df48ede6f7f3e6128cd83e8239dd1b2e5fe023578b6eb1,"{""distance"":5,""physical_error_rate"":0.01}","{""detection_events"":15,""detectors_checked"":224}"
      3344,         0,         0,   0.017,exact_mw,f32ebecd8e105e50ec838d33c5ed9b45444b6b44a3c6ac541111079f2b14e893,"{""distance"":5,""physical_error_rate"":5e-05}","{""detection_events"":175,""detectors_checked"":749056}"
     98304,         0,         0,    1.58,exact_mw,cb12ae119b9b2ba18d0216e7235b403229e92fd0743ede48fe7f1a2c6f45d594,"{""distance"":5,""physical_error_rate"":0.0005}","{""detection_events"":48567,""detectors_checked"":22020096}"
        64,         4,         0,   0.381,exact_mw,7b4896c0e7f0a510554d89637fd747b157418067a95869d1f0661294d473d1dc,"{""distance"":5,""physical_error_rate"":0.02}","{""detection_events"":1084,""detectors_checked"":14336,""obs_mistake_mask=E"":4}"
      3072,         0,         0,   0.032,exact_mw,f32ebecd8e105e50ec838d33c5ed9b45444b6b44a3c6ac541111079f2b14e893,"{""distance"":5,""physical_error_rate"":5e-05}","{""detection_events"":170,""detectors_checked"":688128}"
      5120,         0,         0,   0.089,exact_mw,cb12ae119b9b2ba18d0216e7235b403229e92fd0743ede48fe7f1a2c6f45d594,"{""distance"":5,""physical_error_rate"":0.0005}","{""detection_events"":2583,""detectors_checked"":1146880}"
    201728,         0,         0,    2.18,exact_mw,f32ebecd8e105e50ec838d33c5ed9b45444b6b44a3c6ac541111079f2b14e893,"{""distance"":5,""physical_error_rate"":5e-05}","{""detection_events"":10038,""detectors_checked"":45187072}"
        32,         2,         0,   0.508,exact_mw,7b4896c0e7f0a510554d89637fd747b157418067a95869d1f0661294d473d1dc,"{""distance"":5,""physical_error_rate"":0.02}","{""detection_events"":579,""detectors_checked"":7168,""obs_mistake_mask=E"":2}"
        64,         0,         0,   0.875,exact_mw,7b4896c0e7f0a510554d89637fd747b157418067a95869d1f0661294d473d1dc,"{""distance"":5,""physical_error_rate"":0.02}","{""detection_events"":1142,""detectors_checked"":14336}"
      2048,         0,         0,   0.034,exact_mw,f32ebecd8e105e50ec838d33c5ed9b45444b6b44a3c6ac541111079f2b14e893,"{""distance"":5,""physical_error_rate"":5e-05}","{""detection_events"":81,""detectors_checked"":458752}"
         1,         0,         0,   0.006,exact_mw,38b7ae1c4e8407fc325e0d9e43e9f92ff26dcb3f5cf7b98d24ea74c9e5188d39,"{""distance"":5,""physical_error_rate"":0.005}","{""detection_events"":12,""detectors_checked"":224}"
        16,         0,         0,   0.015,exact_mw,38b7ae1c4e8407fc325e0d9e43e9f92ff26dcb3f5cf7b98d24ea74c9e5188d39,"{""distance"":5,""physical_error_rate"":0.005}","{""detection_events"":116,""detectors_checked"":3584}"
      5120,         0,         0,    1.79,exact_mw,3208f56225bbcac0e2804eb6f92d0a8b681652a702ca1ec920ccd7367f0e0899,"{""distance"":5,""physical_error_rate"":0.002}","{""detection_events"":9892,""detectors_checked"":1146880}"
      1536,         0,         0,    1.18,exact_mw,38b7ae1c4e8407fc325e0d9e43e9f92ff26dcb3f5cf7b98d24ea74c9e5188d39,"{""distance"":5,""physical_error_rate"":0.005}","{""detection_events"":7112,""detectors_checked"":344064}"
        32,         0,         0,   0.535,exact_mw,7b4896c0e7f0a510554d89637fd747b157418067a95869d1f0661294d473d1dc,"{""distance"":5,""physical_error_rate"":0.02}","{""detection_events"":525,""detectors_checked"":7168}"
        16,         0,         0,   0.121,exact_mw,72230d8c06b5a71069df48ede6f7f3e6128cd83e8239dd1b2e5fe023578b6eb1,"{""distance"":5,""physical_error_rate"":0.01}","{""detection_events"":138,""detectors_checked"":3584}"
         1,         0,         0,   0.021,exact_mw,cdc4a450a40af8e24899239080e4c40992fb5baf91c5a31ab3a165eacb3a1ab3,"{""distance"":5,""physical_error_rate"":0.0002}","{""detection_events"":2,""detectors_checked"":224}"
       128,         1,         0,    1.15,exact_mw,72230d8c06b5a71069df48ede6f7f3e6128cd83e8239dd1b2e5fe023578b6eb1,"{""distance"":5,""physical_error_rate"":0.01}","{""detection_events"":1200,""detectors_checked"":28672,""obs_mistake_mask=E"":1}"
       256,         2,         0,    1.29,exact_mw,72230d8c06b5a71069df48ede6f7f3e6128cd83e8239dd1b2e5fe023578b6eb1,"{""distance"":5,""physical_error_rate"":0.01}","{""detection_events"":2356,""detectors_checked"":57344,""obs_mistake_mask=E"":2}"
      2320,         0,         0,   0.040,exact_mw,cdc4a450a40af8e24899239080e4c40992fb5baf91c5a31ab3a165eacb3a1ab3,"{""distance"":5,""physical_error_rate"":0.0002}","{""detection_events"":444,""detectors_checked"":519680}"
      5120,         0,         0,   0.042,exact_mw,f32ebecd8e105e50ec838d33c5ed9b45444b6b44a3c6ac541111079f2b14e893,"{""distance"":5,""physical_error_rate"":5e-05}","{""detection_events"":195,""detectors_checked"":1146880}"
      6144,         0,         0,   0.090,exact_mw,cb12ae119b9b2ba18d0216e7235b403229e92fd0743ede48fe7f1a2c6f45d594,"{""distance"":5,""physical_error_rate"":0.0005}","{""detection_events"":3067,""detectors_checked"":1376256}"
        32,         0,         0,   0.477,exact_mw,7b4896c0e7f0a510554d89637fd747b157418067a95869d1f0661294d473d1dc,"{""distance"":5,""physical_error_rate"":0.02}","{""detection_events"":633,""detectors_checked"":7168}"
    153600,         0,         0,    2.16,exact_mw,f32ebecd8e105e50ec838d33c5ed9b45444b6b44a3c6ac541111079f2b14e893,"{""distance"":5,""physical_error_rate"":5e-05}","{""detection_events"":7439,""detectors_checked"":34406400}"
     84992,         0,         0,    2.18,exact_mw,bb90ec3459e353008cf9a5bb9142bf1e8515517a9e167021b225104594e48e8a,"{""distance"":5,""physical_error_rate"":0.001}","{""detection_events"":82855,""detectors_checked"":19038208}"
         1,         0,         0,   0.021,exact_mw,72230d8c06b5a71069df48ede6f7f3e6128cd83e8239dd1b2e5fe023578b6eb1,"{""distance"":5,""physical_error_rate"":0.01}","{""detection_events"":6,""detectors_checked"":224}"
      1024,         0,         0,   0.027,exact_mw,cdc4a450a40af8e24899239080e4c40992fb5baf91c5a31ab3a165eacb3a1ab3,"{""distance"":5,""physical_error_rate"":0.0002}","{""detection_events"":183,""detectors_checked"":229376}"
      6144,         0,         0,   0.045,exact_mw,f32ebecd8e105e50ec838d33c5ed9b45444b6b44a3c6ac541111079f2b14e893,"{""distance"":5,""physical_error_rate"":5e-05}","{""detection_events"":361,""detectors_checked"":1376256}"
        32,         3,         0,    1.13,exact_mw,7b4896c0e7f0a510554d89637fd747b157418067a95869d1f0661294d473d1dc,"{""distance"":5,""physical_error_rate"":0.02}","{""detection_events"":585,""detectors_checked"":7168,""obs_mistake_mask=E"":3}"
       128,         1,         0,    1.04,exact_mw,72230d8c06b5a71069df48ede6f7f3e6128cd83e8239dd1b2e5fe023578b6eb1,"{""distance"":5,""physical_error_rate"":0.01}","{""detection_events"":1246,""detectors_checked"":28672,""obs_mistake_mask=E"":1}"
        16,         5,         0,   0.729,exact_mw,7fd11737ba5953e5998cf5d5ab7672462ce2ff07a9ab0f8628176a3f70e7a095,"{""distance"":5,""physical_error_rate"":0.05}","{""detection_events"":568,""detectors_checked"":3584,""obs_mistake_mask=E"":5}"
      3072,         0,         0,   0.056,exact_mw,cdc4a450a40af8e24899239080e4c40992fb5baf91c5a31ab3a165eacb3a1ab3,"{""distance"":5,""physical_error_rate"":0.0002}","{""detection_events"":624,""detectors_checked"":688128}"
       128,         2,         0,    1.46,exact_mw,7b4896c0e7f0a510554d89637fd747b157418067a95869d1f0661294d473d1dc,"{""distance"":5,""physical_error_rate"":0.02}","{""detection_events"":2217,""detectors_checked"":28672,""obs_mistake_mask=E"":2}"
      7168,         0,         0,    2.29,exact_mw,3208f56225bbcac0e2804eb6f92d0a8b681652a702ca1ec920ccd7367f0e0899,"{""distance"":5,""physical_error_rate"":0.002}","{""detection_events"":14129,""detectors_checked"":1605632}"
    147456,         0,         0,    2.13,exact_mw,cdc4a450a40af8e24899239080e4c40992fb5baf91c5a31ab3a165eacb3a1ab3,"{""distance"":5,""physical_error_rate"":0.0002}","{""detection_events"":29488,""detectors_checked"":33030144}"
       512,         0,         0,    1.15,exact_mw,38b7ae1c4e8407fc325e0d9e43e9f92ff26dcb3f5cf7b98d24ea74c9e5188d39,"{""distance"":5,""physical_error_rate"":0.005}","{""detection_events"":2416,""detectors_checked"":114688}"
        32,         5,         0,    1.24,exact_mw,7fd11737ba5953e5998cf5d5ab7672462ce2ff07a9ab0f8628176a3f70e7a095,"{""distance"":5,""physical_error_rate"":0.05}","{""detection_events"":1280,""detectors_checked"":7168,""obs_mistake_mask=E"":5}"
        64,         3,         0,   0.484,exact_mw,7b4896c0e7f0a510554d89637fd747b157418067a95869d1f0661294d473d1dc,"{""distance"":5,""physical_error_rate"":0.02}","{""detection_events"":1135,""detectors_checked"":14336,""obs_mistake_mask=E"":3}"
        32,         2,         0,    1.12,exact_mw,7b4896c0e7f0a510554d89637fd747b157418067a95869d1f0661294d473d1dc,"{""distance"":5,""physical_error_rate"":0.02}","{""detection_events"":579,""detectors_checked"":7168,""obs_mistake_mask=E"":2}"
      7168,         0,         0,   0.083,exact_mw,f32ebecd8e105e50ec838d33c5ed9b45444b6b44a3c6ac541111079f2b14e893,"{""distance"":5,""physical_error_rate"":5e-05}","{""detection_events"":382,""detectors_checked"":1605632}"
      2048,         0,         0,   0.046,exact_mw,cdc4a450a40af8e24899239080e4c40992fb5baf91c5a31ab3a165eacb3a1ab3,"{""distance"":5,""physical_error_rate"":0.0002}","{""detection_events"":396,""detectors_checked"":458752}"
    109568,         0,         0,    1.55,exact_mw,cdc4a450a40af8e24899239080e4c40992fb5baf91c5a31ab3a165eacb3a1ab3,"{""distance"":5,""physical_error_rate"":0.0002}","{""detection_events"":21447,""detectors_checked"":24543232}"
       273,         0,         0,   0.023,exact_mw,bb90ec3459e353008cf9a5bb9142bf1e8515517a9e167021b225104594e48e8a,"{""distance"":5,""physical_error_rate"":0.001}","{""detection_events"":290,""detectors_checked"":61152}"
     11264,         0,         0,   0.168,exact_mw,cb12ae119b9b2ba18d0216e7235b403229e92fd0743ede48fe7f1a2c6f45d594,"{""distance"":5,""physical_error_rate"":0.0005}","{""detection_events"":5613,""detectors_checked"":2523136}"
    199680,         0,         0,    2.17,exact_mw,cdc4a450a40af8e24899239080e4c40992fb5baf91c5a31ab3a165eacb3a1ab3,"{""distance"":5,""physical_error_rate"":0.0002}","{""detection_events"":38757,""detectors_checked"":44728320}"
       273,         0,         0,   0.136,exact_mw,3208f56225bbcac0e2804eb6f92d0a8b681652a702ca1ec920ccd7367f0e0899,"{""distance"":5,""physical_error_rate"":0.002}","{""detection_events"":568,""detectors_checked"":61152}"
      3072,         0,         0,   0.048,exact_mw,cdc4a450a40af8e24899239080e4c40992fb5baf91c5a31ab3a165eacb3a1ab3,"{""distance"":5,""physical_error_rate"":0.0002}","{""detection_events"":625,""detectors_checked"":688128}"
        16,         2,         0,   0.719,exact_mw,7fd11737ba5953e5998cf5d5ab7672462ce2ff07a9ab0f8628176a3f70e7a095,"{""distance"":5,""physical_error_rate"":0.05}","{""detection_events"":594,""detectors_checked"":3584,""obs_mistake_mask=E"":2}"
         1,         0,         0,   0.004,exact_mw,bb90ec3459e353008cf9a5bb9142bf1e8515517a9e167021b225104594e48e8a,"{""distance"":5,""physical_error_rate"":0.001}","{""detectors_checked"":224}"
         1,         0,         0,   0.039,exact_mw,7fd11737ba5953e5998cf5d5ab7672462ce2ff07a9ab0f8628176a3f70e7a095,"{""distance"":5,""physical_error_rate"":0.05}","{""detection_events"":28,""detectors_checked"":224}"
        16,         0,         0,   0.185,exact_mw,72230d8c06b5a71069df48ede6f7f3e6128cd83e8239dd1b2e5fe023578b6eb1,"{""distance"":5,""physical_error_rate"":0.01}","{""detection_events"":145,""detectors_checked"":3584}"
       768,         2,         0,    1.38,exact_mw,38b7ae1c4e8407fc325e0d9e43e9f92ff26dcb3f5cf7b98d24ea74c9e5188d39,"{""distance"":5,""physical_error_rate"":0.005}","{""detection_events"":3700,""detectors_checked"":172032,""obs_mistake_mask=E"":2}"
     48128,         0,         0,    1.55,exact_mw,cdc4a450a40af8e24899239080e4c40992fb5baf91c5a31ab3a165eacb3a1ab3,"{""distance"":5,""physical_error_rate"":0.0002}","{""detection_events"":9716,""detectors_checked"":10780672}"
      1024,         0,         0,   0.057,exact_mw,bb90ec3459e353008cf9a5bb9142bf1e8515517a9e167021b225104594e48e8a,"{""distance"":5,""physical_error_rate"":0.001}","{""detection_events"":1072,""detectors_checked"":229376}"
      9216,         0,         0,   0.106,exact_mw,f32ebecd8e105e50ec838d33c5ed9b45444b6b44a3c6ac541111079f2b14e893,"{""distance"":5,""physical_error_rate"":5e-05}","{""detection_events"":475,""detectors_checked"":2064384}"
     57344,         0,         0,    2.19,exact_mw,bb90ec3459e353008cf9a5bb9142bf1e8515517a9e167021b225104594e48e8a,"{""distance"":5,""physical_error_rate"":0.001}","{""detection_events"":56645,""detectors_checked"":12845056}"
    144384,         0,         0,    1.55,exact_mw,cb12ae119b9b2ba18d0216e7235b403229e92fd0743ede48fe7f1a2c6f45d594,"{""distance"":5,""physical_error_rate"":0.0005}","{""detection_events"":72112,""detectors_checked"":32342016}"
      1296,         0,         0,   0.050,exact_mw,bb90ec3459e353008cf9a5bb9142bf1e8515517a9e167021b225104594e48e8a,"{""distance"":5,""physical_error_rate"":0.001}","{""detection_events"":1313,""detectors_checked"":290304}"
      1024,         0,         0,   0.025,exact_mw,bb90ec3459e353008cf9a5bb9142bf1e8515517a9e167021b225104594e48e8a,"{""distance"":5,""physical_error_rate"":0.001}","{""detection_events"":984,""detectors_checked"":229376}"
       128,         2,         0,   0.924,exact_mw,72230d8c06b5a71069df48ede6f7f3e6128cd83e8239dd1b2e5fe023578b6eb1,"{""distance"":5,""physical_error_rate"":0.01}","{""detection_events"":1202,""detectors_checked"":28672,""obs_mistake_mask=E"":2}"
        32,         0,         0,   0.370,exact_mw,7b4896c0e7f0a510554d89637fd747b157418067a95869d1f0661294d473d1dc,"{""distance"":5,""physical_error_rate"":0.02}","{""detection_events"":548,""detectors_checked"":7168}"
        64,         4,         0,   0.412,exact_mw,7b4896c0e7f0a510554d89637fd747b157418067a95869d1f0661294d473d1dc,"{""distance"":5,""physical_error_rate"":0.02}","{""detection_events"":1191,""detectors_checked"":14336,""obs_mistake_mask=E"":4}"
       160,        36,         0,    1.14,exact_mw,7fd11737ba5953e5998cf5d5ab7672462ce2ff07a9ab0f8628176a3f70e7a095,"{""distance"":5,""physical_error_rate"":0.05}","{""detection_events"":6181,""detectors_checked"":35840,""obs_mistake_mask=E"":36}"
      5120,         0,         0,   0.090,exact_mw,cdc4a450a40af8e24899239080e4c40992fb5baf91c5a31ab3a165eacb3a1ab3,"{""distance"":5,""physical_error_rate"":0.0002}","{""detection_events"":1065,""detectors_checked"":1146880}"
    129024,         0,         0,    2.15,exact_mw,cdc4a450a40af8e24899239080e4c40992fb5baf91c5a31ab3a165eacb3a1ab3,"{""distance"":5,""physical_error_rate"":0.0002}","{""detection_events"":25416,""detectors_checked"":28901376}"
      1024,         0,         0,   0.024,exact_mw,bb90ec3459e353008cf9a5bb9142bf1e8515517a9e167021b225104594e48e8a,"{""distance"":5,""physical_error_rate"":0.001}","{""detection_events"":995,""detectors_checked"":229376}"
      1024,         0,         0,   0.050,exact_mw,bb90ec3459e353008cf9a5bb9142bf1e8515517a9e167021b225104594e48e8a,"{""distance"":5,""physical_error_rate"":0.001}","{""detection_events"":922,""detectors_checked"":229376}"
        64,         0,         0,   0.377,exact_mw,72230d8c06b5a71069df48ede6f7f3e6128cd83e8239dd1b2e5fe023578b6eb1,"{""distance"":5,""physical_error_rate"":0.01}","{""detection_events"":603,""detectors_checked"":14336}"
    134144,         0,         0,    2.15,exact_mw,cb12ae119b9b2ba18d0216e7235b403229e92fd0743ede48fe7f1a2c6f45d594,"{""distance"":5,""physical_error_rate"":0.0005}","{""detection_events"":66109,""detectors_checked"":30048256}"
       128,         2,         0,   0.926,exact_mw,72230d8c06b5a71069df48ede6f7f3e6128cd83e8239dd1b2e5fe023578b6eb1,"{""distance"":5,""physical_error_rate"":0.01}","{""detection_events"":1257,""detectors_checked"":28672,""obs_mistake_mask=E"":2}"
        96,        22,         0,    1.15,exact_mw,7fd11737ba5953e5998cf5d5ab7672462ce2ff07a9ab0f8628176a3f70e7a095,"{""distance"":5,""physical_error_rate"":0.05}","{""detection_events"":3725,""detectors_checked"":21504,""obs_mistake_mask=E"":22}"
    154624,         0,         0,    2.15,exact_mw,f32ebecd8e105e50ec838d33c5ed9b45444b6b44a3c6ac541111079f2b14e893,"{""distance"":5,""physical_error_rate"":5e-05}","{""detection_events"":7494,""detectors_checked"":34635776}"
        64,         0,         0,   0.876,exact_mw,7b4896c0e7f0a510554d89637fd747b157418067a95869d1f0661294d473d1dc,"{""distance"":5,""physical_error_rate"":0.02}","{""detection_events"":1159,""detectors_checked"":14336}"
      1024,         0,         0,   0.028,exact_mw,bb90ec3459e353008cf9a5bb9142bf1e8515517a9e167021b225104594e48e8a,"{""distance"":5,""physical_error_rate"":0.001}","{""detection_events"":967,""detectors_checked"":229376}"
    131072,         0,         0,    2.15,exact_mw,cdc4a450a40af8e24899239080e4c40992fb5baf91c5a31ab3a165eacb3a1ab3,"{""distance"":5,""physical_error_rate"":0.0002}","{""detection_events"":25890,""detectors_checked"":29360128}"
     71680,         0,         0,    1.11,exact_mw,f32ebecd8e105e50ec838d33c5ed9b45444b6b44a3c6ac541111079f2b14e893,"{""distance"":5,""physical_error_rate"":5e-05}","{""detection_events"":3603,""detectors_checked"":16056320}"
      1024,         0,         0,    1.72,exact_mw,38b7ae1c4e8407fc325e0d9e43e9f92ff26dcb3f5cf7b98d24ea74c9e5188d39,"{""distance"":5,""physical_error_rate"":0.005}","{""detection_events"":5007,""detectors_checked"":229376}"
     10240,         0,         0,   0.084,exact_mw,cdc4a450a40af8e24899239080e4c40992fb5baf91c5a31ab3a165eacb3a1ab3,"{""distance"":5,""physical_error_rate"":0.0002}","{""detection_events"":2267,""detectors_checked"":2293760}"
         8,         2,         0,   0.178,exact_mw,7fd11737ba5953e5998cf5d5ab7672462ce2ff07a9ab0f8628176a3f70e7a095,"{""distance"":5,""physical_error_rate"":0.05}","{""detection_events"":299,""detectors_checked"":1792,""obs_mistake_mask=E"":2}"
      1024,         0,         0,   0.060,exact_mw,bb90ec3459e353008cf9a5bb9142bf1e8515517a9e167021b225104594e48e8a,"{""distance"":5,""physical_error_rate"":0.001}","{""detection_events"":925,""detectors_checked"":229376}"
     10240,         0,         0,   0.170,exact_mw,f32ebecd8e105e50ec838d33c5ed9b45444b6b44a3c6ac541111079f2b14e893,"{""distance"":5,""physical_error_rate"":5e-05}","{""detection_events"":486,""detectors_checked"":2293760}"
     17408,         0,         0,   0.222,exact_mw,cb12ae119b9b2ba18d0216e7235b403229e92fd0743ede48fe7f1a2c6f45d594,"{""distance"":5,""physical_error_rate"":0.0005}","{""detection_events"":8669,""detectors_checked"":3899392}"
        32,         2,         0,   0.421,exact_mw,7b4896c0e7f0a510554d89637fd747b157418067a95869d1f0661294d473d1dc,"{""distance"":5,""physical_error_rate"":0.02}","{""detection_events"":589,""detectors_checked"":7168,""obs_mistake_mask=E"":2}"
     80896,         0,         0,    1.55,exact_mw,70a969f5042aec17ac076c6379f4170fb7c69b8e925756ef3b7334e28a33338b,"{""distance"":5,""physical_error_rate"":0.0001}","{""detection_events"":7998,""detectors_checked"":18120704}"
         1,         0,         0,   0.004,exact_mw,72230d8c06b5a71069df48ede6f7f3e6128cd83e8239dd1b2e5fe023578b6eb1,"{""distance"":5,""physical_error_rate"":0.01}","{""detection_events"":2,""detectors_checked"":224}"
    116736,         0,         0,    2.18,exact_mw,cb12ae119b9b2ba18d0216e7235b403229e92fd0743ede48fe7f1a2c6f45d594,"{""distance"":5,""physical_error_rate"":0.0005}","{""detection_events"":58010,""detectors_checked"":26148864}"
      1024,         0,         0,   0.258,exact_mw,3208f56225bbcac0e2804eb6f92d0a8b681652a702ca1ec920ccd7367f0e0899,"{""distance"":5,""physical_error_rate"":0.002}","{""detection_events"":2006,""detectors_checked"":229376}"
     50176,         0,         0,    2.24,exact_mw,bb90ec3459e353008cf9a5bb9142bf1e8515517a9e167021b225104594e48e8a,"{""distance"":5,""physical_error_rate"":0.001}","{""detection_events"":48778,""detectors_checked"":11239424}"
       256,         0,         0,   0.522,exact_mw,38b7ae1c4e8407fc325e0d9e43e9f92ff26dcb3f5cf7b98d24ea74c9e5188d39,"{""distance"":5,""physical_error_rate"":0.005}","{""detection_events"":1207,""detectors_checked"":57344}"
      2048,         0,         0,   0.097,exact_mw,bb90ec3459e353008cf9a5bb9142bf1e8515517a9e167021b225104594e48e8a,"{""distance"":5,""physical_error_rate"":0.001}","{""detection_events"":1968,""detectors_checked"":458752}"
      1297,         0,         0,   0.023,exact_mw,cb12ae119b9b2ba18d0216e7235b403229e92fd0743ede48fe7f1a2c6f45d594,"{""distance"":5,""physical_error_rate"":0.0005}","{""detection_events"":637,""detectors_checked"":290528}"
      2048,         0,         0,   0.062,exact_mw,bb90ec3459e353008cf9a5bb9142bf1e8515517a9e167021b225104594e48e8a,"{""distance"":5,""physical_error_rate"":0.001}","{""detection_events"":1955,""detectors_checked"":458752}"
      2048,         0,         0,   0.027,exact_mw,cb12ae119b9b2ba18d0216e7235b403229e92fd0743ede48fe7f1a2c6f45d594,"{""distance"":5,""physical_error_rate"":0.0005}","{""detection_events"":1010,""detectors_checked"":458752}"
         1,         0,         0,   0.031,exact_mw,f32ebecd8e105e50ec838d33c5ed9b45444b6b44a3c6ac541111079f2b14e893,"{""distance"":5,""physical_error_rate"":5e-05}","{""detectors_checked"":224}"
    178176,         0,         0,    2.16,exact_mw,cdc4a450a40af8e24899239080e4c40992fb5baf91c5a31ab3a165eacb3a1ab3,"{""distance"":5,""physical_error_rate"":0.0002}","{""detection_events"":35716,""detectors_checked"":39911424}"
      3072,         0,         0,   0.024,exact_mw,cb12ae119b9b2ba18d0216e7235b403229e92fd0743ede48fe7f1a2c6f45d594,"{""distance"":5,""physical_error_rate"":0.0005}","{""detection_events"":1426,""detectors_checked"":688128}"
        16,         5,         0,   0.333,exact_mw,7fd11737ba5953e5998cf5d5ab7672462ce2ff07a9ab0f8628176a3f70e7a095,"{""distance"":5,""physical_error_rate"":0.05}","{""detection_events"":598,""detectors_checked"":3584,""obs_mistake_mask=E"":5}"
     15360,         0,         0,   0.152,exact_mw,cdc4a450a40af8e24899239080e4c40992fb5baf91c5a31ab3a165eacb3a1ab3,"{""distance"":5,""physical_error_rate"":0.0002}","{""detection_events"":3205,""detectors_checked"":3440640}"
      1296,         0,         0,   0.041,exact_mw,f32ebecd8e105e50ec838d33c5ed9b45444b6b44a3c6ac541111079f2b14e893,"{""distance"":5,""physical_error_rate"":5e-05}","{""detection_events"":81,""detectors_checked"":290304}"
      2048,         0,         0,   0.030,exact_mw,cb12ae119b9b2ba18d0216e7235b403229e92fd0743ede48fe7f1a2c6f45d594,"{""distance"":5,""physical_error_rate"":0.0005}","{""detection_events"":1051,""detectors_checked"":458752}"
     11264,         1,         0,    1.77,exact_mw,3208f56225bbcac0e2804eb6f92d0a8b681652a702ca1ec920ccd7367f0e0899,"{""distance"":5,""physical_error_rate"":0.002}","{""detection_events"":21928,""detectors_checked"":2523136,""obs_mistake_mask=E"":1}"
       768,         2,         0,    1.59,exact_mw,38b7ae1c4e8407fc325e0d9e43e9f92ff26dcb3f5cf7b98d24ea74c9e5188d39,"{""distance"":5,""physical_error_rate"":0.005}","{""detection_events"":3585,""detectors_checked"":172032,""obs_mistake_mask=E"":2}"
      2048,         0,         0,   0.105,exact_mw,bb90ec3459e353008cf9a5bb9142bf1e8515517a9e167021b225104594e48e8a,"{""distance"":5,""physical_error_rate"":0.001}","{""detection_events"":2093,""detectors_checked"":458752}"
      2048,         0,         0,   0.038,exact_mw,f32ebecd8e105e50ec838d33c5ed9b45444b6b44a3c6ac541111079f2b14e893,"{""distance"":5,""physical_error_rate"":5e-05}","{""detection_events"":79,""detectors_checked"":458752}"
        32,         1,         0,   0.451,exact_mw,7b4896c0e7f0a510554d89637fd747b157418067a95869d1f0661294d473d1dc,"{""distance"":5,""physical_error_rate"":0.02}","{""detection_events"":520,""detectors_checked"":7168,""obs_mistake_mask=E"":1}"
      2048,         0,         0,   0.126,exact_mw,bb90ec3459e353008cf9a5bb9142bf1e8515517a9e167021b225104594e48e8a,"{""distance"":5,""physical_error_rate"":0.001}","{""detection_events"":2194,""detectors_checked"":458752}"
      3072,         0,         0,   0.053,exact_mw,cb12ae119b9b2ba18d0216e7235b403229e92fd0743ede48fe7f1a2c6f45d594,"{""distance"":5,""physical_error_rate"":0.0005}","{""detection_events"":1527,""detectors_checked"":688128}"
        32,         2,         0,   0.340,exact_mw,7b4896c0e7f0a510554d89637fd747b157418067a95869d1f0661294d473d1dc,"{""distance"":5,""physical_error_rate"":0.02}","{""detection_events"":532,""detectors_checked"":7168,""obs_mistake_mask=E"":2}"
      1024,         0,         0,   0.035,exact_mw,f32ebecd8e105e50ec838d33c5ed9b45444b6b44a3c6ac541111079f2b14e893,"{""distance"":5,""physical_error_rate"":5e-05}","{""detection_events"":51,""detectors_checked"":229376}"
     13312,         0,         0,   0.202,exact_mw,f32ebecd8e105e50ec838d33c5ed9b45444b6b44a3c6ac541111079f2b14e893,"{""distance"":5,""physical_error_rate"":5e-05}","{""detection_events"":617,""detectors_checked"":2981888}"
       128,         0,         0,   0.899,exact_mw,72230d8c06b5a71069df48ede6f7f3e6128cd83e8239dd1b2e5fe023578b6eb1,"{""distance"":5,""physical_error_rate"":0.01}","{""detection_events"":1230,""detectors_checked"":28672}"
        17,         0,         0,   0.025,exact_mw,f32ebecd8e105e50ec838d33c5ed9b45444b6b44a3c6ac541111079f2b14e893,"{""distance"":5,""physical_error_rate"":5e-05}","{""detectors_checked"":3808}"
        16,         4,         0,   0.252,exact_mw,7fd11737ba5953e5998cf5d5ab7672462ce2ff07a9ab0f8628176a3f70e7a095,"{""distance"":5,""physical_error_rate"":0.05}","{""detection_events"":600,""detectors_checked"":3584,""obs_mistake_mask=E"":4}"
      3072,         0,         0,   0.055,exact_mw,cb12ae119b9b2ba18d0216e7235b403229e92fd0743ede48fe7f1a2c6f45d594,"{""distance"":5,""physical_error_rate"":0.0005}","{""detection_events"":1641,""detectors_checked"":688128}"
       128,         0,         0,   0.926,exact_mw,72230d8c06b5a71069df48ede6f7f3e6128cd83e8239dd1b2e5fe023578b6eb1,"{""distance"":5,""physical_error_rate"":0.01}","{""detection_events"":1178,""detectors_checked"":28672}"
      2304,         0,         0,   0.031,exact_mw,f32ebecd8e105e50ec838d33c5ed9b45444b6b44a3c6ac541111079f2b14e893,"{""distance"":5,""physical_error_rate"":5e-05}","{""detection_events"":82,""detectors_checked"":516096}"
        16,         1,         0,   0.256,exact_mw,72230d8c06b5a71069df48ede6f7f3e6128cd83e8239dd1b2e5fe023578b6eb1,"{""distance"":5,""physical_error_rate"":0.01}","{""detection_events"":199,""detectors_checked"":3584,""obs_mistake_mask=E"":1}"
      6144,         0,         0,   0.265,exact_mw,cb12ae119b9b2ba18d0216e7235b403229e92fd0743ede48fe7f1a2c6f45d594,"{""distance"":5,""physical_error_rate"":0.0005}","{""detection_events"":3307,""detectors_checked"":1376256}"
      3072,         0,         0,   0.072,exact_mw,f32ebecd8e105e50ec838d33c5ed9b45444b6b44a3c6ac541111079f2b14e893,"{""distance"":5,""physical_error_rate"":5e-05}","{""detection_events"":152,""detectors_checked"":688128}"
      4096,         0,         0,   0.133,exact_mw,bb90ec3459e353008cf9a5bb9142bf1e8515517a9e167021b225104594e48e8a,"{""distance"":5,""physical_error_rate"":0.001}","{""detection_events"":4017,""detectors_checked"":917504}"
     15360,         0,         0,    1.62,exact_mw,bb90ec3459e353008cf9a5bb9142bf1e8515517a9e167021b225104594e48e8a,"{""distance"":5,""physical_error_rate"":0.001}","{""detection_events"":15079,""detectors_checked"":3440640}"
      2048,         0,         0,   0.031,exact_mw,f32ebecd8e105e50ec838d33c5ed9b45444b6b44a3c6ac541111079f2b14e893,"{""distance"":5,""physical_error_rate"":5e-05}","{""detection_events"":101,""detectors_checked"":458752}"
        32,         0,         0,   0.502,exact_mw,72230d8c06b5a71069df48ede6f7f3e6128cd83e8239dd1b2e5fe023578b6eb1,"{""distance"":5,""physical_error_rate"":0.01}","{""detection_events"":373,""detectors_checked"":7168}"
       192,         1,         0,    1.05,exact_mw,72230d8c06b5a71069df48ede6f7f3e6128cd83e8239dd1b2e5fe023578b6eb1,"{""distance"":5,""physical_error_rate"":0.01}","{""detection_events"":1687,""detectors_checked"":43008,""obs_mistake_mask=E"":1}"
      2048,         0,         0,   0.122,exact_mw,bb90ec3459e353008cf9a5bb9142bf1e8515517a9e167021b225104594e48e8a,"{""distance"":5,""physical_error_rate"":0.001}","{""detection_events"":2162,""detectors_checked"":458752}"
      1024,         0,         0,   0.028,exact_mw,f32ebecd8e105e50ec838d33c5ed9b45444b6b44a3c6ac541111079f2b14e893,"{""distance"":5,""physical_error_rate"":5e-05}","{""detection_events"":47,""detectors_checked"":229376}"
      1024,         0,         0,   0.293,exact_mw,3208f56225bbcac0e2804eb6f92d0a8b681652a702ca1ec920ccd7367f0e0899,"{""distance"":5,""physical_error_rate"":0.002}","{""detection_events"":1887,""detectors_checked"":229376}"
      6144,         0,         0,   0.089,exact_mw,cb12ae119b9b2ba18d0216e7235b403229e92fd0743ede48fe7f1a2c6f45d594,"{""distance"":5,""physical_error_rate"":0.0005}","{""detection_events"":3059,""detectors_checked"":1376256}"
        64,         2,         0,   0.816,exact_mw,7b4896c0e7f0a510554d89637fd747b157418067a95869d1f0661294d473d1dc,"{""distance"":5,""physical_error_rate"":0.02}","{""detection_events"":1156,""detectors_checked"":14336,""obs_mistake_mask=E"":2}"
      3072,         0,         0,   0.072,exact_mw,f32ebecd8e105e50ec838d33c5ed9b45444b6b44a3c6ac541111079f2b14e893,"{""distance"":5,""physical_error_rate"":5e-05}","{""detection_events"":177,""detectors_checked"":688128}"
     18432,         0,         0,   0.221,exact_mw,cdc4a450a40af8e24899239080e4c40992fb5baf91c5a31ab3a165eacb3a1ab3,"{""distance"":5,""physical_error_rate"":0.0002}","{""detection_events"":3774,""detectors_checked"":4128768}"
         1,         0,         0,   0.024,exact_mw,7fd11737ba5953e5998cf5d5ab7672462ce2ff07a9ab0f8628176a3f70e7a095,"{""distance"":5,""physical_error_rate"":0.05}","{""detection_events"":47,""detectors_checked"":224}"
        32,         3,         0,   0.741,exact_mw,7b4896c0e7f0a510554d89637fd747b157418067a95869d1f0661294d473d1dc,"{""distance"":5,""physical_error_rate"":0.02}","{""detection_events"":597,""detectors_checked"":7168,""obs_mistake_mask=E"":3}"
      1024,         0,         0,    2.70,exact_mw,38b7ae1c4e8407fc325e0d9e43e9f92ff26dcb3f5cf7b98d24ea74c9e5188d39,"{""distance"":5,""physical_error_rate"":0.005}","{""detection_events"":4956,""detectors_checked"":229376}"
      4096,         0,         0,   0.061,exact_mw,f32ebecd8e105e50ec838d33c5ed9b45444b6b44a3c6ac541111079f2b14e893,"{""distance"":5,""physical_error_rate"":5e-05}","{""detection_events"":211,""detectors_checked"":917504}"
    176128,         0,         0,    3.05,exact_mw,f32ebecd8e105e50ec838d33c5ed9b45444b6b44a3c6ac541111079f2b14e893,"{""distance"":5,""physical_error_rate"":5e-05}","{""detection_events"":8690,""detectors_checked"":39452672}"
    123904,         0,         0,    2.17,exact_mw,cb12ae119b9b2ba18d0216e7235b403229e92fd0743ede48fe7f1a2c6f45d594,"{""distance"":5,""physical_error_rate"":0.0005}","{""detection_events"":60499,""detectors_checked"":27754496}"
         1,         0,         0,   0.021,exact_mw,bb90ec3459e353008cf9a5bb9142bf1e8515517a9e167021b225104594e48e8a,"{""distance"":5,""physical_error_rate"":0.001}","{""detectors_checked"":224}"
        32,         3,         0,   0.399,exact_mw,7b4896c0e7f0a510554d89637fd747b157418067a95869d1f0661294d473d1dc,"{""distance"":5,""physical_error_rate"":0.02}","{""detection_events"":594,""detectors_checked"":7168,""obs_mistake_mask=E"":3}"
        64,         0,         0,   0.504,exact_mw,72230d8c06b5a71069df48ede6f7f3e6128cd83e8239dd1b2e5fe023578b6eb1,"{""distance"":5,""physical_error_rate"":0.01}","{""detection_events"":665,""detectors_checked"":14336}"
      7168,         0,         0,    1.73,exact_mw,3208f56225bbcac0e2804eb6f92d0a8b681652a702ca1ec920ccd7367f0e0899,"{""distance"":5,""physical_error_rate"":0.002}","{""detection_events"":13651,""detectors_checked"":1605632}"
       256,         0,         0,   0.363,exact_mw,38b7ae1c4e8407fc325e0d9e43e9f92ff26dcb3f5cf7b98d24ea74c9e5188d39,"{""distance"":5,""physical_error_rate"":0.005}","{""detection_events"":1126,""detectors_checked"":57344}"
      3072,         0,         0,   0.058,exact_mw,f32ebecd8e105e50ec838d33c5ed9b45444b6b44a3c6ac541111079f2b14e893,"{""distance"":5,""physical_error_rate"":5e-05}","{""detection_events"":121,""detectors_checked"":688128}"
      5120,         0,         0,    1.35,exact_mw,3208f56225bbcac0e2804eb6f92d0a8b681652a702ca1ec920ccd7367f0e0899,"{""distance"":5,""physical_error_rate"":0.002}","{""detection_events"":10262,""detectors_checked"":1146880}"
      7168,         0,         0,   0.109,exact_mw,cb12ae119b9b2ba18d0216e7235b403229e92fd0743ede48fe7f1a2c6f45d594,"{""distance"":5,""physical_error_rate"":0.0005}","{""detection_events"":3828,""detectors_checked"":1605632}"
      3072,         0,         0,   0.149,exact_mw,bb90ec3459e353008cf9a5bb9142bf1e8515517a9e167021b225104594e48e8a,"{""distance"":5,""physical_error_rate"":0.001}","{""detection_events"":2944,""detectors_checked"":688128}"
    204800,         0,         0,    3.02,exact_mw,70a969f5042aec17ac076c6379f4170fb7c69b8e925756ef3b7334e28a33338b,"{""distance"":5,""physical_error_rate"":0.0001}","{""detection_events"":20205,""detectors_checked"":45875200}"
      6144,         0,         0,   0.165,exact_mw,bb90ec3459e353008cf9a5bb9142bf1e8515517a9e167021b225104594e48e8a,"{""distance"":5,""physical_error_rate"":0.001}","{""detection_events"":6362,""detectors_checked"":1376256}"
      1296,         0,         0,   0.076,exact_mw,bb90ec3459e353008cf9a5bb9142bf1e8515517a9e167021b225104594e48e8a,"{""distance"":5,""physical_error_rate"":0.001}","{""detection_events"":1214,""detectors_checked"":290304}"
        16,         2,         0,   0.344,exact_mw,7fd11737ba5953e5998cf5d5ab7672462ce2ff07a9ab0f8628176a3f70e7a095,"{""distance"":5,""physical_error_rate"":0.05}","{""detection_events"":672,""detectors_checked"":3584,""obs_mistake_mask=E"":2}"
      4096,         0,         0,   0.107,exact_mw,f32ebecd8e105e50ec838d33c5ed9b45444b6b44a3c6ac541111079f2b14e893,"{""distance"":5,""physical_error_rate"":5e-05}","{""detection_events"":226,""detectors_checked"":917504}"
        64,         1,         0,   0.605,exact_mw,7b4896c0e7f0a510554d89637fd747b157418067a95869d1f0661294d473d1dc,"{""distance"":5,""physical_error_rate"":0.02}","{""detection_events"":1302,""detectors_checked"":14336,""obs_mistake_mask=E"":1}"
     20480,         0,         0,   0.298,exact_mw,f32ebecd8e105e50ec838d33c5ed9b45444b6b44a3c6ac541111079f2b14e893,"{""distance"":5,""physical_error_rate"":5e-05}","{""detection_events"":1033,""detectors_checked"":4587520}"
      1024,         0,         0,   0.052,exact_mw,bb90ec3459e353008cf9a5bb9142bf1e8515517a9e167021b225104594e48e8a,"{""distance"":5,""physical_error_rate"":0.001}","{""detection_events"":934,""detectors_checked"":229376}"
       512,         0,         0,    1.21,exact_mw,38b7ae1c4e8407fc325e0d9e43e9f92ff26dcb3f5cf7b98d24ea74c9e5188d39,"{""distance"":5,""physical_error_rate"":0.005}","{""detection_events"":2397,""detectors_checked"":114688}"
      6144,         0,         0,   0.094,exact_mw,f32ebecd8e105e50ec838d33c5ed9b45444b6b44a3c6ac541111079f2b14e893,"{""distance"":5,""physical_error_rate"":5e-05}","{""detection_events"":244,""detectors_checked"":1376256}"
        64,         2,         0,   0.830,exact_mw,7b4896c0e7f0a510554d89637fd747b157418067a95869d1f0661294d473d1dc,"{""distance"":5,""physical_error_rate"":0.02}","{""detection_events"":1128,""detectors_checked"":14336,""obs_mistake_mask=E"":2}"
        32,         0,         0,   0.387,exact_mw,7b4896c0e7f0a510554d89637fd747b157418067a95869d1f0661294d473d1dc,"{""distance"":5,""physical_error_rate"":0.02}","{""detection_events"":566,""detectors_checked"":7168}"
      7168,         0,         0,   0.099,exact_mw,f32ebecd8e105e50ec838d33c5ed9b45444b6b44a3c6ac541111079f2b14e893,"{""distance"":5,""physical_error_rate"":5e-05}","{""detection_events"":417,""detectors_checked"":1605632}"
         1,         0,         0,   0.001,exact_mw,70a969f5042aec17ac076c6379f4170fb7c69b8e925756ef3b7334e28a33338b,"{""distance"":5,""physical_error_rate"":0.0001}","{""detectors_checked"":224}"
       128,         1,         0,    1.01,exact_mw,72230d8c06b5a71069df48ede6f7f3e6128cd83e8239dd1b2e5fe023578b6eb1,"{""distance"":5,""physical_error_rate"":0.01}","{""detection_events"":1172,""detectors_checked"":28672,""obs_mistake_mask=E"":1}"
      1024,         0,         0,   0.051,exact_mw,bb90ec3459e353008cf9a5bb9142bf1e8515517a9e167021b225104594e48e8a,"{""distance"":5,""physical_error_rate"":0.001}","{""detection_events"":1097,""detectors_checked"":229376}"
        16,         7,         0,   0.235,exact_mw,7fd11737ba5953e5998cf5d5ab7672462ce2ff07a9ab0f8628176a3f70e7a095,"{""distance"":5,""physical_error_rate"":0.05}","{""detection_events"":656,""detectors_checked"":3584,""obs_mistake_mask=E"":7}"
      2320,         0,         0,   0.027,exact_mw,70a969f5042aec17ac076c6379f4170fb7c69b8e925756ef3b7334e28a33338b,"{""distance"":5,""physical_error_rate"":0.0001}","{""detection_events"":238,""detectors_checked"":519680}"
      9216,         0,         0,   0.141,exact_mw,cb12ae119b9b2ba18d0216e7235b403229e92fd0743ede48fe7f1a2c6f45d594,"{""distance"":5,""physical_error_rate"":0.0005}","{""detection_events"":4314,""detectors_checked"":2064384}"
      2048,         0,         0,   0.006,exact_mw,70a969f5042aec17ac076c6379f4170fb7c69b8e925756ef3b7334e28a33338b,"{""distance"":5,""physical_error_rate"":0.0001}","{""detection_events"":159,""detectors_checked"":458752}"
      3072,         0,         0,   0.140,exact_mw,bb90ec3459e353008cf9a5bb9142bf1e8515517a9e167021b225104594e48e8a,"{""distance"":5,""physical_error_rate"":0.001}","{""detection_events"":3082,""detectors_checked"":688128}"
         1,         0,         0,   0.017,exact_mw,f32ebecd8e105e50ec838d33c5ed9b45444b6b44a3c6ac541111079f2b14e893,"{""distance"":5,""physical_error_rate"":5e-05}","{""detectors_checked"":224}"
      7168,         0,         0,   0.120,exact_mw,f32ebecd8e105e50ec838d33c5ed9b45444b6b44a3c6ac541111079f2b14e893,"{""distance"":5,""physical_error_rate"":5e-05}","{""detection_events"":353,""detectors_checked"":1605632}"
        32,         5,         0,    1.02,exact_mw,7fd11737ba5953e5998cf5d5ab7672462ce2ff07a9ab0f8628176a3f70e7a095,"{""distance"":5,""physical_error_rate"":0.05}","{""detection_events"":1163,""detectors_checked"":7168,""obs_mistake_mask=E"":5}"
      3344,         0,         0,   0.022,exact_mw,f32ebecd8e105e50ec838d33c5ed9b45444b6b44a3c6ac541111079f2b14e893,"{""distance"":5,""physical_error_rate"":5e-05}","{""detection_events"":196,""detectors_checked"":749056}"
      1024,         0,         0,   0.042,exact_mw,bb90ec3459e353008cf9a5bb9142bf1e8515517a9e167021b225104594e48e8a,"{""distance"":5,""physical_error_rate"":0.001}","{""detection_events"":1008,""detectors_checked"":229376}"
     22528,         0,         0,   0.301,exact_mw,cdc4a450a40af8e24899239080e4c40992fb5baf91c5a31ab3a165eacb3a1ab3,"{""distance"":5,""physical_error_rate"":0.0002}","{""detection_events"":4383,""detectors_checked"":5046272}"
    167936,         0,         0,    3.06,exact_mw,cb12ae119b9b2ba18d0216e7235b403229e92fd0743ede48fe7f1a2c6f45d594,"{""distance"":5,""physical_error_rate"":0.0005}","{""detection_events"":82927,""detectors_checked"":37617664}"
     11264,         0,         0,   0.409,exact_mw,cb12ae119b9b2ba18d0216e7235b403229e92fd0743ede48fe7f1a2c6f45d594,"{""distance"":5,""physical_error_rate"":0.0005}","{""detection_events"":5730,""detectors_checked"":2523136}"
      5120,         0,         0,   0.050,exact_mw,70a969f5042aec17ac076c6379f4170fb7c69b8e925756ef3b7334e28a33338b,"{""distance"":5,""physical_error_rate"":0.0001}","{""detection_events"":490,""detectors_checked"":1146880}"
      5120,         0,         0,   0.210,exact_mw,bb90ec3459e353008cf9a5bb9142bf1e8515517a9e167021b225104594e48e8a,"{""distance"":5,""physical_error_rate"":0.001}","{""detection_events"":4977,""detectors_checked"":1146880}"
      3072,         0,         0,   0.024,exact_mw,f32ebecd8e105e50ec838d33c5ed9b45444b6b44a3c6ac541111079f2b14e893,"{""distance"":5,""physical_error_rate"":5e-05}","{""detection_events"":166,""detectors_checked"":688128}"
        32,         9,         0,   0.478,exact_mw,7fd11737ba5953e5998cf5d5ab7672462ce2ff07a9ab0f8628176a3f70e7a095,"{""distance"":5,""physical_error_rate"":0.05}","{""detection_events"":1166,""detectors_checked"":7168,""obs_mistake_mask=E"":9}"
        32,         9,         0,   0.996,exact_mw,7fd11737ba5953e5998cf5d5ab7672462ce2ff07a9ab0f8628176a3f70e7a095,"{""distance"":5,""physical_error_rate"":0.05}","{""detection_events"":1216,""detectors_checked"":7168,""obs_mistake_mask=E"":9}"
        32,         0,         0,   0.454,exact_mw,72230d8c06b5a71069df48ede6f7f3e6128cd83e8239dd1b2e5fe023578b6eb1,"{""distance"":5,""physical_error_rate"":0.01}","{""detection_events"":277,""detectors_checked"":7168}"
     14336,         0,         0,   0.147,exact_mw,f32ebecd8e105e50ec838d33c5ed9b45444b6b44a3c6ac541111079f2b14e893,"{""distance"":5,""physical_error_rate"":5e-05}","{""detection_events"":728,""detectors_checked"":3211264}"
        96,        25,         0,    1.38,exact_mw,7fd11737ba5953e5998cf5d5ab7672462ce2ff07a9ab0f8628176a3f70e7a095,"{""distance"":5,""physical_error_rate"":0.05}","{""detection_events"":3713,""detectors_checked"":21504,""obs_mistake_mask=E"":25}"
       273,         0,         0,   0.025,exact_mw,70a969f5042aec17ac076c6379f4170fb7c69b8e925756ef3b7334e28a33338b,"{""distance"":5,""physical_error_rate"":0.0001}","{""detection_events"":20,""detectors_checked"":61152}"
      5120,         0,         0,   0.021,exact_mw,f32ebecd8e105e50ec838d33c5ed9b45444b6b44a3c6ac541111079f2b14e893,"{""distance"":5,""physical_error_rate"":5e-05}","{""detection_events"":283,""detectors_checked"":1146880}"
      2048,         0,         0,   0.077,exact_mw,bb90ec3459e353008cf9a5bb9142bf1e8515517a9e167021b225104594e48e8a,"{""distance"":5,""physical_error_rate"":0.001}","{""detection_events"":1898,""detectors_checked"":458752}"
      5120,         0,         0,   0.063,exact_mw,70a969f5042aec17ac076c6379f4170fb7c69b8e925756ef3b7334e28a33338b,"{""distance"":5,""physical_error_rate"":0.0001}","{""detection_events"":466,""detectors_checked"":1146880}"
      2048,         0,         0,   0.026,exact_mw,f32ebecd8e105e50ec838d33c5ed9b45444b6b44a3c6ac541111079f2b14e893,"{""distance"":5,""physical_error_rate"":5e-05}","{""detection_events"":93,""detectors_checked"":458752}"
      2048,         0,         0,   0.030,exact_mw,70a969f5042aec17ac076c6379f4170fb7c69b8e925756ef3b7334e28a33338b,"{""distance"":5,""physical_error_rate"":0.0001}","{""detection_events"":208,""detectors_checked"":458752}"
        32,         0,         0,   0.452,exact_mw,72230d8c06b5a71069df48ede6f7f3e6128cd83e8239dd1b2e5fe023578b6eb1,"{""distance"":5,""physical_error_rate"":0.01}","{""detection_events"":360,""detectors_checked"":7168}"
      1024,         1,         0,   0.450,exact_mw,3208f56225bbcac0e2804eb6f92d0a8b681652a702ca1ec920ccd7367f0e0899,"{""distance"":5,""physical_error_rate"":0.002}","{""detection_events"":2138,""detectors_checked"":229376,""obs_mistake_mask=E"":1}"
        96,        18,         0,    1.66,exact_mw,7fd11737ba5953e5998cf5d5ab7672462ce2ff07a9ab0f8628176a3f70e7a095,"{""distance"":5,""physical_error_rate"":0.05}","{""detection_events"":3565,""detectors_checked"":21504,""obs_mistake_mask=E"":18}"
        17,         1,         0,   0.313,exact_mw,7b4896c0e7f0a510554d89637fd747b157418067a95869d1f0661294d473d1dc,"{""distance"":5,""physical_error_rate"":0.02}","{""detection_events"":272,""detectors_checked"":3808,""obs_mistake_mask=E"":1}"
      5120,         0,         0,   0.054,exact_mw,70a969f5042aec17ac076c6379f4170fb7c69b8e925756ef3b7334e28a33338b,"{""distance"":5,""physical_error_rate"":0.0001}","{""detection_events"":450,""detectors_checked"":1146880}"
      8192,         0,         0,   0.148,exact_mw,f32ebecd8e105e50ec838d33c5ed9b45444b6b44a3c6ac541111079f2b14e893,"{""distance"":5,""physical_error_rate"":5e-05}","{""detection_events"":331,""detectors_checked"":1835008}"
        64,        18,         0,   0.853,exact_mw,7fd11737ba5953e5998cf5d5ab7672462ce2ff07a9ab0f8628176a3f70e7a095,"{""distance"":5,""physical_error_rate"":0.05}","{""detection_events"":2435,""detectors_checked"":14336,""obs_mistake_mask=E"":18}"
        96,        13,         0,    1.62,exact_mw,7fd11737ba5953e5998cf5d5ab7672462ce2ff07a9ab0f8628176a3f70e7a095,"{""distance"":5,""physical_error_rate"":0.05}","{""detection_events"":3676,""detectors_checked"":21504,""obs_mistake_mask=E"":13}"
      5120,         0,         0,   0.054,exact_mw,f32ebecd8e105e50ec838d33c5ed9b45444b6b44a3c6ac541111079f2b14e893,"{""distance"":5,""physical_error_rate"":5e-05}","{""detection_events"":247,""detectors_checked"":1146880}"
      1024,         0,         0,   0.056,exact_mw,70a969f5042aec17ac076c6379f4170fb7c69b8e925756ef3b7334e28a33338b,"{""distance"":5,""physical_error_rate"":0.0001}","{""detection_events"":86,""detectors_checked"":229376}"
     13312,         0,         0,   0.195,exact_mw,cb12ae119b9b2ba18d0216e7235b403229e92fd0743ede48fe7f1a2c6f45d594,"{""distance"":5,""physical_error_rate"":0.0005}","{""detection_events"":6528,""detectors_checked"":2981888}"
        32,         1,         0,   0.425,exact_mw,7b4896c0e7f0a510554d89637fd747b157418067a95869d1f0661294d473d1dc,"{""distance"":5,""physical_error_rate"":0.02}","{""detection_events"":509,""detectors_checked"":7168,""obs_mistake_mask=E"":1}"
       128,         1,         0,    1.20,exact_mw,72230d8c06b5a71069df48ede6f7f3e6128cd83e8239dd1b2e5fe023578b6eb1,"{""distance"":5,""physical_error_rate"":0.01}","{""detection_events"":1282,""detectors_checked"":28672,""obs_mistake_mask=E"":1}"
      4096,         0,         0,   0.209,exact_mw,bb90ec3459e353008cf9a5bb9142bf1e8515517a9e167021b225104594e48e8a,"{""distance"":5,""physical_error_rate"":0.001}","{""detection_events"":4142,""detectors_checked"":917504}"
       256,         2,         0,   0.409,exact_mw,38b7ae1c4e8407fc325e0d9e43e9f92ff26dcb3f5cf7b98d24ea74c9e5188d39,"{""distance"":5,""physical_error_rate"":0.005}","{""detection_events"":1207,""detectors_checked"":57344,""obs_mistake_mask=E"":2}"
        64,         1,         0,   0.448,exact_mw,72230d8c06b5a71069df48ede6f7f3e6128cd83e8239dd1b2e5fe023578b6eb1,"{""distance"":5,""physical_error_rate"":0.01}","{""detection_events"":537,""detectors_checked"":14336,""obs_mistake_mask=E"":1}"
        64,         2,         0,   0.660,exact_mw,7b4896c0e7f0a510554d89637fd747b157418067a95869d1f0661294d473d1dc,"{""distance"":5,""physical_error_rate"":0.02}","{""detection_events"":1091,""detectors_checked"":14336,""obs_mistake_mask=E"":2}"
      2048,         0,         0,   0.127,exact_mw,bb90ec3459e353008cf9a5bb9142bf1e8515517a9e167021b225104594e48e8a,"{""distance"":5,""physical_error_rate"":0.001}","{""detection_events"":2193,""detectors_checked"":458752}"
      2048,         0,         0,   0.054,exact_mw,70a969f5042aec17ac076c6379f4170fb7c69b8e925756ef3b7334e28a33338b,"{""distance"":5,""physical_error_rate"":0.0001}","{""detection_events"":169,""detectors_checked"":458752}"
       273,         0,         0,   0.052,exact_mw,3208f56225bbcac0e2804eb6f92d0a8b681652a702ca1ec920ccd7367f0e0899,"{""distance"":5,""physical_error_rate"":0.002}","{""detection_events"":553,""detectors_checked"":61152}"
      6144,         0,         0,   0.097,exact_mw,70a969f5042aec17ac076c6379f4170fb7c69b8e925756ef3b7334e28a33338b,"{""distance"":5,""physical_error_rate"":0.0001}","{""detection_events"":662,""detectors_checked"":1376256}"
      6144,         0,         0,   0.097,exact_mw,f32ebecd8e105e50ec838d33c5ed9b45444b6b44a3c6ac541111079f2b14e893,"{""distance"":5,""physical_error_rate"":5e-05}","{""detection_events"":310,""detectors_checked"":1376256}"
     28672,         0,         0,   0.373,exact_mw,f32ebecd8e105e50ec838d33c5ed9b45444b6b44a3c6ac541111079f2b14e893,"{""distance"":5,""physical_error_rate"":5e-05}","{""detection_events"":1382,""detectors_checked"":6422528}"
      3072,         0,         0,   0.057,exact_mw,70a969f5042aec17ac076c6379f4170fb7c69b8e925756ef3b7334e28a33338b,"{""distance"":5,""physical_error_rate"":0.0001}","{""detection_events"":307,""detectors_checked"":688128}"
      1024,         2,         0,    1.81,exact_mw,38b7ae1c4e8407fc325e0d9e43e9f92ff26dcb3f5cf7b98d24ea74c9e5188d39,"{""distance"":5,""physical_error_rate"":0.005}","{""detection_events"":5246,""detectors_checked"":229376,""obs_mistake_mask=E"":2}"
     18432,         0,         0,   0.217,exact_mw,f32ebecd8e105e50ec838d33c5ed9b45444b6b44a3c6ac541111079f2b14e893,"{""distance"":5,""physical_error_rate"":5e-05}","{""detection_events"":929,""detectors_checked"":4128768}"
        32,         0,         0,   0.226,exact_mw,72230d8c06b5a71069df48ede6f7f3e6128cd83e8239dd1b2e5fe023578b6eb1,"{""distance"":5,""physical_error_rate"":0.01}","{""detection_events"":318,""detectors_checked"":7168}"
        32,         0,         0,   0.398,exact_mw,7b4896c0e7f0a510554d89637fd747b157418067a95869d1f0661294d473d1dc,"{""distance"":5,""physical_error_rate"":0.02}","{""detection_events"":548,""detectors_checked"":7168}"
     21504,         0,         0,    2.10,exact_mw,bb90ec3459e353008cf9a5bb9142bf1e8515517a9e167021b225104594e48e8a,"{""distance"":5,""physical_error_rate"":0.001}","{""detection_events"":20964,""detectors_checked"":4816896}"
      8192,         0,         0,   0.282,exact_mw,bb90ec3459e353008cf9a5bb9142bf1e8515517a9e167021b225104594e48e8a,"{""distance"":5,""physical_error_rate"":0.001}","{""detection_events"":8092,""detectors_checked"":1835008}"
      3072,         0,         0,   0.057,exact_mw,70a969f5042aec17ac076c6379f4170fb7c69b8e925756ef3b7334e28a33338b,"{""distance"":5,""physical_error_rate"":0.0001}","{""detection_events"":313,""detectors_checked"":688128}"
     13312,         0,         0,   0.211,exact_mw,f32ebecd8e105e50ec838d33c5ed9b45444b6b44a3c6ac541111079f2b14e893,"{""distance"":5,""physical_error_rate"":5e-05}","{""detection_events"":641,""detectors_checked"":2981888}"
      3072,         0,         0,   0.148,exact_mw,bb90ec3459e353008cf9a5bb9142bf1e8515517a9e167021b225104594e48e8a,"{""distance"":5,""physical_error_rate"":0.001}","{""detection_events"":3230,""detectors_checked"":688128}"
      9216,         0,         0,   0.125,exact_mw,70a969f5042aec17ac076c6379f4170fb7c69b8e925756ef3b7334e28a33338b,"{""distance"":5,""physical_error_rate"":0.0001}","{""detection_events"":894,""detectors_checked"":2064384}"
      1024,         0,         0,   0.251,exact_mw,3208f56225bbcac0e2804eb6f92d0a8b681652a702ca1ec920ccd7367f0e0899,"{""distance"":5,""physical_error_rate"":0.002}","{""detection_events"":1901,""detectors_checked"":229376}"
      9216,         0,         0,   0.125,exact_mw,f32ebecd8e105e50ec838d33c5ed9b45444b6b44a3c6ac541111079f2b14e893,"{""distance"":5,""physical_error_rate"":5e-05}","{""detection_events"":424,""detectors_checked"":2064384}"
        16,         0,         0,   0.256,exact_mw,7b4896c0e7f0a510554d89637fd747b157418067a95869d1f0661294d473d1dc,"{""distance"":5,""physical_error_rate"":0.02}","{""detection_events"":236,""detectors_checked"":3584}"
        48,         8,         0,   0.594,exact_mw,7fd11737ba5953e5998cf5d5ab7672462ce2ff07a9ab0f8628176a3f70e7a095,"{""distance"":5,""physical_error_rate"":0.05}","{""detection_events"":1867,""detectors_checked"":10752,""obs_mistake_mask=E"":8}"
       128,         0,         0,   0.848,exact_mw,72230d8c06b5a71069df48ede6f7f3e6128cd83e8239dd1b2e5fe023578b6eb1,"{""distance"":5,""physical_error_rate"":0.01}","{""detection_events"":1222,""detectors_checked"":28672}"
     27648,         0,         0,   0.400,exact_mw,cdc4a450a40af8e24899239080e4c40992fb5baf91c5a31ab3a165eacb3a1ab3,"{""distance"":5,""physical_error_rate"":0.0002}","{""detection_events"":5523,""detectors_checked"":6193152}"
      5120,         0,         0,   0.113,exact_mw,70a969f5042aec17ac076c6379f4170fb7c69b8e925756ef3b7334e28a33338b,"{""distance"":5,""physical_error_rate"":0.0001}","{""detection_events"":528,""detectors_checked"":1146880}"
        32,         2,         0,   0.737,exact_mw,7b4896c0e7f0a510554d89637fd747b157418067a95869d1f0661294d473d1dc,"{""distance"":5,""physical_error_rate"":0.02}","{""detection_events"":606,""detectors_checked"":7168,""obs_mistake_mask=E"":2}"
        16,         2,         0,   0.455,exact_mw,7fd11737ba5953e5998cf5d5ab7672462ce2ff07a9ab0f8628176a3f70e7a095,"{""distance"":5,""physical_error_rate"":0.05}","{""detection_events"":660,""detectors_checked"":3584,""obs_mistake_mask=E"":2}"
    164864,         1,         0,    3.03,exact_mw,cb12ae119b9b2ba18d0216e7235b403229e92fd0743ede48fe7f1a2c6f45d594,"{""distance"":5,""physical_error_rate"":0.0005}","{""detection_events"":81238,""detectors_checked"":36929536,""obs_mistake_mask=E"":1}"
        32,         6,         0,   0.385,exact_mw,7fd11737ba5953e5998cf5d5ab7672462ce2ff07a9ab0f8628176a3f70e7a095,"{""distance"":5,""physical_error_rate"":0.05}","{""detection_events"":1221,""detectors_checked"":7168,""obs_mistake_mask=E"":6}"
     23552,         0,         0,   0.300,exact_mw,cb12ae119b9b2ba18d0216e7235b403229e92fd0743ede48fe7f1a2c6f45d594,"{""distance"":5,""physical_error_rate"":0.0005}","{""detection_events"":11796,""detectors_checked"":5275648}"
       128,        26,         0,    1.24,exact_mw,7fd11737ba5953e5998cf5d5ab7672462ce2ff07a9ab0f8628176a3f70e7a095,"{""distance"":5,""physical_error_rate"":0.05}","{""detection_events"":4847,""detectors_checked"":28672,""obs_mistake_mask=E"":26}"
       128,         2,         0,    1.22,exact_mw,72230d8c06b5a71069df48ede6f7f3e6128cd83e8239dd1b2e5fe023578b6eb1,"{""distance"":5,""physical_error_rate"":0.01}","{""detection_events"":1257,""detectors_checked"":28672,""obs_mistake_mask=E"":2}"
       768,         0,         0,    1.77,exact_mw,38b7ae1c4e8407fc325e0d9e43e9f92ff26dcb3f5cf7b98d24ea74c9e5188d39,"{""distance"":5,""physical_error_rate"":0.005}","{""detection_events"":3617,""detectors_checked"":172032}"
        32,        10,         0,   0.423,exact_mw,7fd11737ba5953e5998cf5d5ab7672462ce2ff07a9ab0f8628176a3f70e7a095,"{""distance"":5,""physical_error_rate"":0.05}","{""detection_events"":1302,""detectors_checked"":7168,""obs_mistake_mask=E"":10}"
         1,         0,         0,   0.023,exact_mw,7b4896c0e7f0a510554d89637fd747b157418067a95869d1f0661294d473d1dc,"{""distance"":5,""physical_error_rate"":0.02}","{""detection_events"":9,""detectors_checked"":224}"
      3345,         0,         0,   0.010,exact_mw,cdc4a450a40af8e24899239080e4c40992fb5baf91c5a31ab3a165eacb3a1ab3,"{""distance"":5,""physical_error_rate"":0.0002}","{""detection_events"":704,""detectors_checked"":749280}"
        32,        15,         0,   0.557,exact_mw,7fd11737ba5953e5998cf5d5ab7672462ce2ff07a9ab0f8628176a3f70e7a095,"{""distance"":5,""physical_error_rate"":0.05}","{""detection_events"":1203,""detectors_checked"":7168,""obs_mistake_mask=E"":15}"
       256,         0,         0,   0.333,exact_mw,38b7ae1c4e8407fc325e0d9e43e9f92ff26dcb3f5cf7b98d24ea74c9e5188d39,"{""distance"":5,""physical_error_rate"":0.005}","{""detection_events"":1186,""detectors_checked"":57344}"
      5120,         0,         0,   0.015,exact_mw,cdc4a450a40af8e24899239080e4c40992fb5baf91c5a31ab3a165eacb3a1ab3,"{""distance"":5,""physical_error_rate"":0.0002}","{""detection_events"":1052,""detectors_checked"":1146880}"
      6144,         0,         0,   0.162,exact_mw,70a969f5042aec17ac076c6379f4170fb7c69b8e925756ef3b7334e28a33338b,"{""distance"":5,""physical_error_rate"":0.0001}","{""detection_events"":580,""detectors_checked"":1376256}"
      5120,         0,         0,   0.347,exact_mw,bb90ec3459e353008cf9a5bb9142bf1e8515517a9e167021b225104594e48e8a,"{""distance"":5,""physical_error_rate"":0.001}","{""detection_events"":5045,""detectors_checked"":1146880}"
      4096,         0,         0,   0.174,exact_mw,bb90ec3459e353008cf9a5bb9142bf1e8515517a9e167021b225104594e48e8a,"{""distance"":5,""physical_error_rate"":0.001}","{""detection_events"":3922,""detectors_checked"":917504}"
        32,         1,         0,   0.423,exact_mw,72230d8c06b5a71069df48ede6f7f3e6128cd83e8239dd1b2e5fe023578b6eb1,"{""distance"":5,""physical_error_rate"":0.01}","{""detection_events"":312,""detectors_checked"":7168,""obs_mistake_mask=E"":1}"
      7168,         1,         0,    2.58,exact_mw,3208f56225bbcac0e2804eb6f92d0a8b681652a702ca1ec920ccd7367f0e0899,"{""distance"":5,""physical_error_rate"":0.002}","{""detection_events"":13822,""detectors_checked"":1605632,""obs_mistake_mask=E"":1}"
      7168,         0,         0,   0.021,exact_mw,cdc4a450a40af8e24899239080e4c40992fb5baf91c5a31ab3a165eacb3a1ab3,"{""distance"":5,""physical_error_rate"":0.0002}","{""detection_events"":1378,""detectors_checked"":1605632}"
       128,        31,         0,    2.81,exact_mw,7fd11737ba5953e5998cf5d5ab7672462ce2ff07a9ab0f8628176a3f70e7a095,"{""distance"":5,""physical_error_rate"":0.05}","{""detection_events"":4869,""detectors_checked"":28672,""obs_mistake_mask=E"":31}"
      1024,         0,         0,   0.324,exact_mw,3208f56225bbcac0e2804eb6f92d0a8b681652a702ca1ec920ccd7367f0e0899,"{""distance"":5,""physical_error_rate"":0.002}","{""detection_events"":2077,""detectors_checked"":229376}"
        64,         2,         0,   0.838,exact_mw,7b4896c0e7f0a510554d89637fd747b157418067a95869d1f0661294d473d1dc,"{""distance"":5,""physical_error_rate"":0.02}","{""detection_events"":1164,""detectors_checked"":14336,""obs_mistake_mask=E"":2}"
      6144,         0,         0,   0.179,exact_mw,f32ebecd8e105e50ec838d33c5ed9b45444b6b44a3c6ac541111079f2b14e893,"{""distance"":5,""physical_error_rate"":5e-05}","{""detection_events"":266,""detectors_checked"":1376256}"
     10240,         0,         0,   0.029,exact_mw,cdc4a450a40af8e24899239080e4c40992fb5baf91c5a31ab3a165eacb3a1ab3,"{""distance"":5,""physical_error_rate"":0.0002}","{""detection_events"":1974,""detectors_checked"":2293760}"
      4096,         0,         0,   0.131,exact_mw,70a969f5042aec17ac076c6379f4170fb7c69b8e925756ef3b7334e28a33338b,"{""distance"":5,""physical_error_rate"":0.0001}","{""detection_events"":434,""detectors_checked"":917504}"
     14336,         0,         0,   0.571,exact_mw,cb12ae119b9b2ba18d0216e7235b403229e92fd0743ede48fe7f1a2c6f45d594,"{""distance"":5,""physical_error_rate"":0.0005}","{""detection_events"":7043,""detectors_checked"":3211264}"
     26624,         0,         0,   0.307,exact_mw,f32ebecd8e105e50ec838d33c5ed9b45444b6b44a3c6ac541111079f2b14e893,"{""distance"":5,""physical_error_rate"":5e-05}","{""detection_events"":1298,""detectors_checked"":5963776}"
      2048,         3,         0,    1.73,exact_mw,38b7ae1c4e8407fc325e0d9e43e9f92ff26dcb3f5cf7b98d24ea74c9e5188d39,"{""distance"":5,""physical_error_rate"":0.005}","{""detection_events"":9563,""detectors_checked"":458752,""obs_mistake_mask=E"":3}"
    257024,         0,         0,    3.00,exact_mw,f32ebecd8e105e50ec838d33c5ed9b45444b6b44a3c6ac541111079f2b14e893,"{""distance"":5,""physical_error_rate"":5e-05}","{""detection_events"":12789,""detectors_checked"":57573376}"
      1024,         0,         0,   0.243,exact_mw,3208f56225bbcac0e2804eb6f92d0a8b681652a702ca1ec920ccd7367f0e0899,"{""distance"":5,""physical_error_rate"":0.002}","{""detection_events"":1973,""detectors_checked"":229376}"
     14336,         0,         0,   0.040,exact_mw,cdc4a450a40af8e24899239080e4c40992fb5baf91c5a31ab3a165eacb3a1ab3,"{""distance"":5,""physical_error_rate"":0.0002}","{""detection_events"":2878,""detectors_checked"":3211264}"
        64,         0,         0,   0.427,exact_mw,72230d8c06b5a71069df48ede6f7f3e6128cd83e8239dd1b2e5fe023578b6eb1,"{""distance"":5,""physical_error_rate"":0.01}","{""detection_events"":641,""detectors_checked"":14336}"
        64,         3,         0,   0.825,exact_mw,7b4896c0e7f0a510554d89637fd747b157418067a95869d1f0661294d473d1dc,"{""distance"":5,""physical_error_rate"":0.02}","{""detection_events"":1163,""detectors_checked"":14336,""obs_mistake_mask=E"":3}"
     17408,         0,         0,   0.297,exact_mw,f32ebecd8e105e50ec838d33c5ed9b45444b6b44a3c6ac541111079f2b14e893,"{""distance"":5,""physical_error_rate"":5e-05}","{""detection_events"":941,""detectors_checked"":3899392}"
        64,         1,         0,   0.776,exact_mw,7b4896c0e7f0a510554d89637fd747b157418067a95869d1f0661294d473d1dc,"{""distance"":5,""physical_error_rate"":0.02}","{""detection_events"":1104,""detectors_checked"":14336,""obs_mistake_mask=E"":1}"
      9216,         0,         0,    2.28,exact_mw,3208f56225bbcac0e2804eb6f92d0a8b681652a702ca1ec920ccd7367f0e0899,"{""distance"":5,""physical_error_rate"":0.002}","{""detection_events"":18452,""detectors_checked"":2064384}"
     19456,         0,         0,   0.055,exact_mw,cdc4a450a40af8e24899239080e4c40992fb5baf91c5a31ab3a165eacb3a1ab3,"{""distance"":5,""physical_error_rate"":0.0002}","{""detection_events"":3943,""detectors_checked"":4358144}"
       128,         3,         0,    1.83,exact_mw,7b4896c0e7f0a510554d89637fd747b157418067a95869d1f0661294d473d1dc,"{""distance"":5,""physical_error_rate"":0.02}","{""detection_events"":2190,""detectors_checked"":28672,""obs_mistake_mask=E"":3}"
        16,         1,         0,   0.187,exact_mw,7b4896c0e7f0a510554d89637fd747b157418067a95869d1f0661294d473d1dc,"{""distance"":5,""physical_error_rate"":0.02}","{""detection_events"":285,""detectors_checked"":3584,""obs_mistake_mask=E"":1}"
     12288,         0,         0,    3.35,exact_mw,3208f56225bbcac0e2804eb6f92d0a8b681652a702ca1ec920ccd7367f0e0899,"{""distance"":5,""physical_error_rate"":0.002}","{""detection_events"":24026,""detectors_checked"":2752512}"
        32,         2,         0,   0.399,exact_mw,7b4896c0e7f0a510554d89637fd747b157418067a95869d1f0661294d473d1dc,"{""distance"":5,""physical_error_rate"":0.02}","{""detection_events"":532,""detectors_checked"":7168,""obs_mistake_mask=E"":2}"
      7168,         0,         0,   0.220,exact_mw,70a969f5042aec17ac076c6379f4170fb7c69b8e925756ef3b7334e28a33338b,"{""distance"":5,""physical_error_rate"":0.0001}","{""detection_events"":640,""detectors_checked"":1605632}"
     27648,         0,         0,   0.075,exact_mw,cdc4a450a40af8e24899239080e4c40992fb5baf91c5a31ab3a165eacb3a1ab3,"{""distance"":5,""physical_error_rate"":0.0002}","{""detection_events"":5118,""detectors_checked"":6193152}"
     13312,         0,         0,   0.428,exact_mw,bb90ec3459e353008cf9a5bb9142bf1e8515517a9e167021b225104594e48e8a,"{""distance"":5,""physical_error_rate"":0.001}","{""detection_events"":13304,""detectors_checked"":2981888}"
      6144,         0,         0,   0.177,exact_mw,70a969f5042aec17ac076c6379f4170fb7c69b8e925756ef3b7334e28a33338b,"{""distance"":5,""physical_error_rate"":0.0001}","{""detection_events"":590,""detectors_checked"":1376256}"
      5120,         0,         0,   0.222,exact_mw,bb90ec3459e353008cf9a5bb9142bf1e8515517a9e167021b225104594e48e8a,"{""distance"":5,""physical_error_rate"":0.001}","{""detection_events"":5149,""detectors_checked"":1146880}"
      1024,         0,         0,   0.201,exact_mw,3208f56225bbcac0e2804eb6f92d0a8b681652a702ca1ec920ccd7367f0e0899,"{""distance"":5,""physical_error_rate"":0.002}","{""detection_events"":2015,""detectors_checked"":229376}"
    238592,         0,         0,    3.03,exact_mw,70a969f5042aec17ac076c6379f4170fb7c69b8e925756ef3b7334e28a33338b,"{""distance"":5,""physical_error_rate"":0.0001}","{""detection_events"":23506,""detectors_checked"":53444608}"
      7168,         0,         0,   0.220,exact_mw,f32ebecd8e105e50ec838d33c5ed9b45444b6b44a3c6ac541111079f2b14e893,"{""distance"":5,""physical_error_rate"":5e-05}","{""detection_events"":362,""detectors_checked"":1605632}"
       256,         0,         0,   0.274,exact_mw,38b7ae1c4e8407fc325e0d9e43e9f92ff26dcb3f5cf7b98d24ea74c9e5188d39,"{""distance"":5,""physical_error_rate"":0.005}","{""detection_events"":1220,""detectors_checked"":57344}"
       384,         1,         0,    1.90,exact_mw,72230d8c06b5a71069df48ede6f7f3e6128cd83e8239dd1b2e5fe023578b6eb1,"{""distance"":5,""physical_error_rate"":0.01}","{""detection_events"":3551,""detectors_checked"":86016,""obs_mistake_mask=E"":1}"
    197632,         0,         0,    2.16,exact_mw,70a969f5042aec17ac076c6379f4170fb7c69b8e925756ef3b7334e28a33338b,"{""distance"":5,""physical_error_rate"":0.0001}","{""detection_events"":20061,""detectors_checked"":44269568}"
     39936,         0,         0,   0.572,exact_mw,f32ebecd8e105e50ec838d33c5ed9b45444b6b44a3c6ac541111079f2b14e893,"{""distance"":5,""physical_error_rate"":5e-05}","{""detection_events"":1988,""detectors_checked"":8945664}"
    111616,         0,         0,    1.54,exact_mw,f32ebecd8e105e50ec838d33c5ed9b45444b6b44a3c6ac541111079f2b14e893,"{""distance"":5,""physical_error_rate"":5e-05}","{""detection_events"":5451,""detectors_checked"":25001984}"
     38912,         0,         0,   0.107,exact_mw,cdc4a450a40af8e24899239080e4c40992fb5baf91c5a31ab3a165eacb3a1ab3,"{""distance"":5,""physical_error_rate"":0.0002}","{""detection_events"":7285,""detectors_checked"":8716288}"
      1024,         0,         0,   0.257,exact_mw,3208f56225bbcac0e2804eb6f92d0a8b681652a702ca1ec920ccd7367f0e0899,"{""distance"":5,""physical_error_rate"":0.002}","{""detection_events"":1974,""detectors_checked"":229376}"
        32,         1,         0,   0.341,exact_mw,72230d8c06b5a71069df48ede6f7f3e6128cd83e8239dd1b2e5fe023578b6eb1,"{""distance"":5,""physical_error_rate"":0.01}","{""detection_events"":337,""detectors_checked"":7168,""obs_mistake_mask=E"":1}"
     36864,         0,         0,   0.431,exact_mw,cb12ae119b9b2ba18d0216e7235b403229e92fd0743ede48fe7f1a2c6f45d594,"{""distance"":5,""physical_error_rate"":0.0005}","{""detection_events"":18407,""detectors_checked"":8257536}"
       128,         4,         0,    1.61,exact_mw,7b4896c0e7f0a510554d89637fd747b157418067a95869d1f0661294d473d1dc,"{""distance"":5,""physical_error_rate"":0.02}","{""detection_events"":2263,""detectors_checked"":28672,""obs_mistake_mask=E"":4}"
       273,         0,         0,   0.051,exact_mw,3208f56225bbcac0e2804eb6f92d0a8b681652a702ca1ec920ccd7367f0e0899,"{""distance"":5,""physical_error_rate"":0.002}","{""detection_events"":533,""detectors_checked"":61152}"
       768,         1,         0,    1.89,exact_mw,38b7ae1c4e8407fc325e0d9e43e9f92ff26dcb3f5cf7b98d24ea74c9e5188d39,"{""distance"":5,""physical_error_rate"":0.005}","{""detection_events"":3710,""detectors_checked"":172032,""obs_mistake_mask=E"":1}"
    286720,         0,         0,    2.16,exact_mw,cb12ae119b9b2ba18d0216e7235b403229e92fd0743ede48fe7f1a2c6f45d594,"{""distance"":5,""physical_error_rate"":0.0005}","{""detection_events"":140655,""detectors_checked"":64225280}"
        64,         3,         0,   0.723,exact_mw,7b4896c0e7f0a510554d89637fd747b157418067a95869d1f0661294d473d1dc,"{""distance"":5,""physical_error_rate"":0.02}","{""detection_events"":1141,""detectors_checked"":14336,""obs_mistake_mask=E"":3}"
       768,         2,         0,    1.78,exact_mw,38b7ae1c4e8407fc325e0d9e43e9f92ff26dcb3f5cf7b98d24ea74c9e5188d39,"{""distance"":5,""physical_error_rate"":0.005}","{""detection_events"":3789,""detectors_checked"":172032,""obs_mistake_mask=E"":2}"
      1024,         0,         0,   0.200,exact_mw,3208f56225bbcac0e2804eb6f92d0a8b681652a702ca1ec920ccd7367f0e0899,"{""distance"":5,""physical_error_rate"":0.002}","{""detection_events"":1823,""detectors_checked"":229376}"
        64,         0,         0,   0.326,exact_mw,72230d8c06b5a71069df48ede6f7f3e6128cd83e8239dd1b2e5fe023578b6eb1,"{""distance"":5,""physical_error_rate"":0.01}","{""detection_events"":505,""detectors_checked"":14336}"
    246784,         0,         0,    3.03,exact_mw,70a969f5042aec17ac076c6379f4170fb7c69b8e925756ef3b7334e28a33338b,"{""distance"":5,""physical_error_rate"":0.0001}","{""detection_events"":24375,""detectors_checked"":55279616}"
    133120,         0,         0,    2.15,exact_mw,cb12ae119b9b2ba18d0216e7235b403229e92fd0743ede48fe7f1a2c6f45d594,"{""distance"":5,""physical_error_rate"":0.0005}","{""detection_events"":65566,""detectors_checked"":29818880}"
      7168,         0,         0,   0.219,exact_mw,70a969f5042aec17ac076c6379f4170fb7c69b8e925756ef3b7334e28a33338b,"{""distance"":5,""physical_error_rate"":0.0001}","{""detection_events"":798,""detectors_checked"":1605632}"
     11264,         0,         0,   0.443,exact_mw,bb90ec3459e353008cf9a5bb9142bf1e8515517a9e167021b225104594e48e8a,"{""distance"":5,""physical_error_rate"":0.001}","{""detection_events"":10655,""detectors_checked"":2523136}"
        64,         0,         0,   0.803,exact_mw,7b4896c0e7f0a510554d89637fd747b157418067a95869d1f0661294d473d1dc,"{""distance"":5,""physical_error_rate"":0.02}","{""detection_events"":1067,""detectors_checked"":14336}"
        32,         1,         0,   0.297,exact_mw,7b4896c0e7f0a510554d89637fd747b157418067a95869d1f0661294d473d1dc,"{""distance"":5,""physical_error_rate"":0.02}","{""detection_events"":563,""detectors_checked"":7168,""obs_mistake_mask=E"":1}"
     44032,         0,         0,   0.570,exact_mw,cdc4a450a40af8e24899239080e4c40992fb5baf91c5a31ab3a165eacb3a1ab3,"{""distance"":5,""physical_error_rate"":0.0002}","{""detection_events"":8793,""detectors_checked"":9863168}"
     54272,         0,         0,   0.147,exact_mw,cdc4a450a40af8e24899239080e4c40992fb5baf91c5a31ab3a165eacb3a1ab3,"{""distance"":5,""physical_error_rate"":0.0002}","{""detection_events"":10673,""detectors_checked"":12156928}"
     37888,         0,         0,   0.411,exact_mw,f32ebecd8e105e50ec838d33c5ed9b45444b6b44a3c6ac541111079f2b14e893,"{""distance"":5,""physical_error_rate"":5e-05}","{""detection_events"":1909,""detectors_checked"":8486912}"
       256,         1,         0,    1.38,exact_mw,72230d8c06b5a71069df48ede6f7f3e6128cd83e8239dd1b2e5fe023578b6eb1,"{""distance"":5,""physical_error_rate"":0.01}","{""detection_events"":2378,""detectors_checked"":57344,""obs_mistake_mask=E"":1}"
        32,         9,         0,   0.907,exact_mw,7fd11737ba5953e5998cf5d5ab7672462ce2ff07a9ab0f8628176a3f70e7a095,"{""distance"":5,""physical_error_rate"":0.05}","{""detection_events"":1251,""detectors_checked"":7168,""obs_mistake_mask=E"":9}"
        32,         0,         0,   0.575,exact_mw,7b4896c0e7f0a510554d89637fd747b157418067a95869d1f0661294d473d1dc,"{""distance"":5,""physical_error_rate"":0.02}","{""detection_events"":561,""detectors_checked"":7168}"
        32,         0,         0,   0.626,exact_mw,7b4896c0e7f0a510554d89637fd747b157418067a95869d1f0661294d473d1dc,"{""distance"":5,""physical_error_rate"":0.02}","{""detection_events"":585,""detectors_checked"":7168}"
       192,         5,         0,    1.98,exact_mw,7b4896c0e7f0a510554d89637fd747b157418067a95869d1f0661294d473d1dc,"{""distance"":5,""physical_error_rate"":0.02}","{""detection_events"":3405,""detectors_checked"":43008,""obs_mistake_mask=E"":5}"
     10240,         0,         0,   0.311,exact_mw,70a969f5042aec17ac076c6379f4170fb7c69b8e925756ef3b7334e28a33338b,"{""distance"":5,""physical_error_rate"":0.0001}","{""detection_events"":975,""detectors_checked"":2293760}"
     28672,         0,         0,   0.406,exact_mw,f32ebecd8e105e50ec838d33c5ed9b45444b6b44a3c6ac541111079f2b14e893,"{""distance"":5,""physical_error_rate"":5e-05}","{""detection_events"":1459,""detectors_checked"":6422528}"
        32,         6,         0,   0.999,exact_mw,7fd11737ba5953e5998cf5d5ab7672462ce2ff07a9ab0f8628176a3f70e7a095,"{""distance"":5,""physical_error_rate"":0.05}","{""detection_events"":1317,""detectors_checked"":7168,""obs_mistake_mask=E"":6}"
      1024,         0,         0,   0.204,exact_mw,3208f56225bbcac0e2804eb6f92d0a8b681652a702ca1ec920ccd7367f0e0899,"{""distance"":5,""physical_error_rate"":0.002}","{""detection_events"":2040,""detectors_checked"":229376}"
      6144,         0,         0,   0.324,exact_mw,bb90ec3459e353008cf9a5bb9142bf1e8515517a9e167021b225104594e48e8a,"{""distance"":5,""physical_error_rate"":0.001}","{""detection_events"":6012,""detectors_checked"":1376256}"
      1024,         1,         0,    1.76,exact_mw,38b7ae1c4e8407fc325e0d9e43e9f92ff26dcb3f5cf7b98d24ea74c9e5188d39,"{""distance"":5,""physical_error_rate"":0.005}","{""detection_events"":5072,""detectors_checked"":229376,""obs_mistake_mask=E"":1}"
        64,         1,         0,   0.805,exact_mw,72230d8c06b5a71069df48ede6f7f3e6128cd83e8239dd1b2e5fe023578b6eb1,"{""distance"":5,""physical_error_rate"":0.01}","{""detection_events"":592,""detectors_checked"":14336,""obs_mistake_mask=E"":1}"
     10240,         0,         0,   0.330,exact_mw,f32ebecd8e105e50ec838d33c5ed9b45444b6b44a3c6ac541111079f2b14e893,"{""distance"":5,""physical_error_rate"":5e-05}","{""detection_events"":494,""detectors_checked"":2293760}"
        32,         1,         0,   0.421,exact_mw,7b4896c0e7f0a510554d89637fd747b157418067a95869d1f0661294d473d1dc,"{""distance"":5,""physical_error_rate"":0.02}","{""detection_events"":544,""detectors_checked"":7168,""obs_mistake_mask=E"":1}"
        32,         0,         0,   0.253,exact_mw,72230d8c06b5a71069df48ede6f7f3e6128cd83e8239dd1b2e5fe023578b6eb1,"{""distance"":5,""physical_error_rate"":0.01}","{""detection_events"":260,""detectors_checked"":7168}"
    128000,         0,         0,    2.99,exact_mw,70a969f5042aec17ac076c6379f4170fb7c69b8e925756ef3b7334e28a33338b,"{""distance"":5,""physical_error_rate"":0.0001}","{""detection_events"":12665,""detectors_checked"":28672000}"
    273408,         0,         0,    2.99,exact_mw,cdc4a450a40af8e24899239080e4c40992fb5baf91c5a31ab3a165eacb3a1ab3,"{""distance"":5,""physical_error_rate"":0.0002}","{""detection_events"":54091,""detectors_checked"":61243392}"
      1024,         0,         0,   0.288,exact_mw,3208f56225bbcac0e2804eb6f92d0a8b681652a702ca1ec920ccd7367f0e0899,"{""distance"":5,""physical_error_rate"":0.002}","{""detection_events"":2125,""detectors_checked"":229376}"
      1024,         0,         0,   0.245,exact_mw,3208f56225bbcac0e2804eb6f92d0a8b681652a702ca1ec920ccd7367f0e0899,"{""distance"":5,""physical_error_rate"":0.002}","{""detection_events"":2043,""detectors_checked"":229376}"
     74752,         0,         0,   0.205,exact_mw,cdc4a450a40af8e24899239080e4c40992fb5baf91c5a31ab3a165eacb3a1ab3,"{""distance"":5,""physical_error_rate"":0.0002}","{""detection_events"":14981,""detectors_checked"":16744448}"
    227328,         0,         0,    3.03,exact_mw,70a969f5042aec17ac076c6379f4170fb7c69b8e925756ef3b7334e28a33338b,"{""distance"":5,""physical_error_rate"":0.0001}","{""detection_events"":22224,""detectors_checked"":50921472}"
      1297,         0,         0,   0.028,exact_mw,cdc4a450a40af8e24899239080e4c40992fb5baf91c5a31ab3a165eacb3a1ab3,"{""distance"":5,""physical_error_rate"":0.0002}","{""detection_events"":246,""detectors_checked"":290528}"
     10240,         0,         0,   0.289,exact_mw,70a969f5042aec17ac076c6379f4170fb7c69b8e925756ef3b7334e28a33338b,"{""distance"":5,""physical_error_rate"":0.0001}","{""detection_events"":1044,""detectors_checked"":2293760}"
    151552,         0,         0,    2.17,exact_mw,cdc4a450a40af8e24899239080e4c40992fb5baf91c5a31ab3a165eacb3a1ab3,"{""distance"":5,""physical_error_rate"":0.0002}","{""detection_events"":30339,""detectors_checked"":33947648}"
      1024,         0,         0,   0.027,exact_mw,cdc4a450a40af8e24899239080e4c40992fb5baf91c5a31ab3a165eacb3a1ab3,"{""distance"":5,""physical_error_rate"":0.0002}","{""detection_events"":179,""detectors_checked"":229376}"
     95232,         0,         0,    2.15,exact_mw,cdc4a450a40af8e24899239080e4c40992fb5baf91c5a31ab3a165eacb3a1ab3,"{""distance"":5,""physical_error_rate"":0.0002}","{""detection_events"":18519,""detectors_checked"":21331968}"
      1024,         0,         0,   0.028,exact_mw,cdc4a450a40af8e24899239080e4c40992fb5baf91c5a31ab3a165eacb3a1ab3,"{""distance"":5,""physical_error_rate"":0.0002}","{""detection_events"":230,""detectors_checked"":229376}"
       128,         1,         0,    2.11,exact_mw,72230d8c06b5a71069df48ede6f7f3e6128cd83e8239dd1b2e5fe023578b6eb1,"{""distance"":5,""physical_error_rate"":0.01}","{""detection_events"":1282,""detectors_checked"":28672,""obs_mistake_mask=E"":1}"
       128,         0,         0,    1.14,exact_mw,72230d8c06b5a71069df48ede6f7f3e6128cd83e8239dd1b2e5fe023578b6eb1,"{""distance"":5,""physical_error_rate"":0.01}","{""detection_events"":1236,""detectors_checked"":28672}"
     19456,         1,         0,   0.588,exact_mw,bb90ec3459e353008cf9a5bb9142bf1e8515517a9e167021b225104594e48e8a,"{""distance"":5,""physical_error_rate"":0.001}","{""detection_events"":19053,""detectors_checked"":4358144,""obs_mistake_mask=E"":1}"
      2048,         0,         0,   0.030,exact_mw,cdc4a450a40af8e24899239080e4c40992fb5baf91c5a31ab3a165eacb3a1ab3,"{""distance"":5,""physical_error_rate"":0.0002}","{""detection_events"":425,""detectors_checked"":458752}"
      1024,         0,         0,   0.276,exact_mw,3208f56225bbcac0e2804eb6f92d0a8b681652a702ca1ec920ccd7367f0e0899,"{""distance"":5,""physical_error_rate"":0.002}","{""detection_events"":1945,""detectors_checked"":229376}"
    113664,         0,         0,    2.15,exact_mw,cb12ae119b9b2ba18d0216e7235b403229e92fd0743ede48fe7f1a2c6f45d594,"{""distance"":5,""physical_error_rate"":0.0005}","{""detection_events"":55756,""detectors_checked"":25460736}"
        32,         1,         0,   0.338,exact_mw,7b4896c0e7f0a510554d89637fd747b157418067a95869d1f0661294d473d1dc,"{""distance"":5,""physical_error_rate"":0.02}","{""detection_events"":500,""detectors_checked"":7168,""obs_mistake_mask=E"":1}"
       256,         2,         0,    1.78,exact_mw,72230d8c06b5a71069df48ede6f7f3e6128cd83e8239dd1b2e5fe023578b6eb1,"{""distance"":5,""physical_error_rate"":0.01}","{""detection_events"":2426,""detectors_checked"":57344,""obs_mistake_mask=E"":2}"
      2048,         0,         0,   0.055,exact_mw,cdc4a450a40af8e24899239080e4c40992fb5baf91c5a31ab3a165eacb3a1ab3,"{""distance"":5,""physical_error_rate"":0.0002}","{""detection_events"":465,""detectors_checked"":458752}"
        64,         3,         0,   0.770,exact_mw,7b4896c0e7f0a510554d89637fd747b157418067a95869d1f0661294d473d1dc,"{""distance"":5,""physical_error_rate"":0.02}","{""detection_events"":1188,""detectors_checked"":14336,""obs_mistake_mask=E"":3}"
     21504,         0,         0,   0.835,exact_mw,cb12ae119b9b2ba18d0216e7235b403229e92fd0743ede48fe7f1a2c6f45d594,"{""distance"":5,""physical_error_rate"":0.0005}","{""detection_events"":10420,""detectors_checked"":4816896}"
      1024,         0,         0,   0.249,exact_mw,3208f56225bbcac0e2804eb6f92d0a8b681652a702ca1ec920ccd7367f0e0899,"{""distance"":5,""physical_error_rate"":0.002}","{""detection_events"":2016,""detectors_checked"":229376}"
      3072,         0,         0,   0.057,exact_mw,cdc4a450a40af8e24899239080e4c40992fb5baf91c5a31ab3a165eacb3a1ab3,"{""distance"":5,""physical_error_rate"":0.0002}","{""detection_events"":589,""detectors_checked"":688128}"
      5120,         1,         0,    2.56,exact_mw,3208f56225bbcac0e2804eb6f92d0a8b681652a702ca1ec920ccd7367f0e0899,"{""distance"":5,""physical_error_rate"":0.002}","{""detection_events"":9860,""detectors_checked"":1146880,""obs_mistake_mask=E"":1}"
     43008,         0,         0,   0.567,exact_mw,cb12ae119b9b2ba18d0216e7235b403229e92fd0743ede48fe7f1a2c6f45d594,"{""distance"":5,""physical_error_rate"":0.0005}","{""detection_events"":20770,""detectors_checked"":9633792}"
        64,         0,         0,   0.523,exact_mw,72230d8c06b5a71069df48ede6f7f3e6128cd83e8239dd1b2e5fe023578b6eb1,"{""distance"":5,""physical_error_rate"":0.01}","{""detection_events"":567,""detectors_checked"":14336}"
     14336,         0,         0,   0.424,exact_mw,70a969f5042aec17ac076c6379f4170fb7c69b8e925756ef3b7334e28a33338b,"{""distance"":5,""physical_error_rate"":0.0001}","{""detection_events"":1446,""detectors_checked"":3211264}"
     69632,         1,         0,    3.07,exact_mw,bb90ec3459e353008cf9a5bb9142bf1e8515517a9e167021b225104594e48e8a,"{""distance"":5,""physical_error_rate"":0.001}","{""detection_events"":68670,""detectors_checked"":15597568,""obs_mistake_mask=E"":1}"
      1024,         0,         0,   0.302,exact_mw,3208f56225bbcac0e2804eb6f92d0a8b681652a702ca1ec920ccd7367f0e0899,"{""distance"":5,""physical_error_rate"":0.002}","{""detection_events"":1944,""detectors_checked"":229376}"
    102400,         0,         0,   0.286,exact_mw,cdc4a450a40af8e24899239080e4c40992fb5baf91c5a31ab3a165eacb3a1ab3,"{""distance"":5,""physical_error_rate"":0.0002}","{""detection_events"":20063,""detectors_checked"":22937600}"
      8192,         0,         0,   0.428,exact_mw,bb90ec3459e353008cf9a5bb9142bf1e8515517a9e167021b225104594e48e8a,"{""distance"":5,""physical_error_rate"":0.001}","{""detection_events"":8184,""detectors_checked"":1835008}"
      4096,         0,         0,   0.084,exact_mw,cdc4a450a40af8e24899239080e4c40992fb5baf91c5a31ab3a165eacb3a1ab3,"{""distance"":5,""physical_error_rate"":0.0002}","{""detection_events"":843,""detectors_checked"":917504}"
      1024,         0,         0,    2.06,exact_mw,38b7ae1c4e8407fc325e0d9e43e9f92ff26dcb3f5cf7b98d24ea74c9e5188d39,"{""distance"":5,""physical_error_rate"":0.005}","{""detection_events"":4678,""detectors_checked"":229376}"
     14336,         0,         0,   0.443,exact_mw,f32ebecd8e105e50ec838d33c5ed9b45444b6b44a3c6ac541111079f2b14e893,"{""distance"":5,""physical_error_rate"":5e-05}","{""detection_events"":755,""detectors_checked"":3211264}"
    177152,         0,         0,    4.18,exact_mw,cb12ae119b9b2ba18d0216e7235b403229e92fd0743ede48fe7f1a2c6f45d594,"{""distance"":5,""physical_error_rate"":0.0005}","{""detection_events"":87358,""detectors_checked"":39682048}"
      9216,         0,         0,   0.587,exact_mw,bb90ec3459e353008cf9a5bb9142bf1e8515517a9e167021b225104594e48e8a,"{""distance"":5,""physical_error_rate"":0.001}","{""detection_events"":9183,""detectors_checked"":2064384}"
     89088,         0,         0,    2.22,exact_mw,70a969f5042aec17ac076c6379f4170fb7c69b8e925756ef3b7334e28a33338b,"{""distance"":5,""physical_error_rate"":0.0001}","{""detection_events"":9137,""detectors_checked"":19955712}"
     66560,         0,         0,   0.572,exact_mw,f32ebecd8e105e50ec838d33c5ed9b45444b6b44a3c6ac541111079f2b14e893,"{""distance"":5,""physical_error_rate"":5e-05}","{""detection_events"":3186,""detectors_checked"":14909440}"
      7168,         1,         0,    1.79,exact_mw,3208f56225bbcac0e2804eb6f92d0a8b681652a702ca1ec920ccd7367f0e0899,"{""distance"":5,""physical_error_rate"":0.002}","{""detection_events"":13933,""detectors_checked"":1605632,""obs_mistake_mask=E"":1}"
    144384,         2,         0,    4.27,exact_mw,bb90ec3459e353008cf9a5bb9142bf1e8515517a9e167021b225104594e48e8a,"{""distance"":5,""physical_error_rate"":0.001}","{""detection_events"":141157,""detectors_checked"":32342016,""obs_mistake_mask=E"":2}"
     44032,         0,         0,   0.771,exact_mw,f32ebecd8e105e50ec838d33c5ed9b45444b6b44a3c6ac541111079f2b14e893,"{""distance"":5,""physical_error_rate"":5e-05}","{""detection_events"":2136,""detectors_checked"":9863168}"
     38912,         0,         0,   0.575,exact_mw,f32ebecd8e105e50ec838d33c5ed9b45444b6b44a3c6ac541111079f2b14e893,"{""distance"":5,""physical_error_rate"":5e-05}","{""detection_events"":1886,""detectors_checked"":8716288}"
    243712,         0,         0,    2.96,exact_mw,f32ebecd8e105e50ec838d33c5ed9b45444b6b44a3c6ac541111079f2b14e893,"{""distance"":5,""physical_error_rate"":5e-05}","{""detection_events"":12214,""detectors_checked"":54591488}"
      5120,         0,         0,   0.110,exact_mw,cdc4a450a40af8e24899239080e4c40992fb5baf91c5a31ab3a165eacb3a1ab3,"{""distance"":5,""physical_error_rate"":0.0002}","{""detection_events"":1020,""detectors_checked"":1146880}"
      1024,         0,         0,   0.324,exact_mw,3208f56225bbcac0e2804eb6f92d0a8b681652a702ca1ec920ccd7367f0e0899,"{""distance"":5,""physical_error_rate"":0.002}","{""detection_events"":2194,""detectors_checked"":229376}"
        32,         1,         0,   0.310,exact_mw,7b4896c0e7f0a510554d89637fd747b157418067a95869d1f0661294d473d1dc,"{""distance"":5,""physical_error_rate"":0.02}","{""detection_events"":541,""detectors_checked"":7168,""obs_mistake_mask=E"":1}"
        64,         2,         0,   0.579,exact_mw,7b4896c0e7f0a510554d89637fd747b157418067a95869d1f0661294d473d1dc,"{""distance"":5,""physical_error_rate"":0.02}","{""detection_events"":1138,""detectors_checked"":14336,""obs_mistake_mask=E"":2}"
     15360,         0,         0,   0.439,exact_mw,70a969f5042aec17ac076c6379f4170fb7c69b8e925756ef3b7334e28a33338b,"{""distance"":5,""physical_error_rate"":0.0001}","{""detection_events"":1504,""detectors_checked"":3440640}"
      1024,         0,         0,   0.252,exact_mw,3208f56225bbcac0e2804eb6f92d0a8b681652a702ca1ec920ccd7367f0e0899,"{""distance"":5,""physical_error_rate"":0.002}","{""detection_events"":1924,""detectors_checked"":229376}"
    145408,         0,         0,    3.04,exact_mw,70a969f5042aec17ac076c6379f4170fb7c69b8e925756ef3b7334e28a33338b,"{""distance"":5,""physical_error_rate"":0.0001}","{""detection_events"":14302,""detectors_checked"":32571392}"
        64,         1,         0,    1.09,exact_mw,7b4896c0e7f0a510554d89637fd747b157418067a95869d1f0661294d473d1dc,"{""distance"":5,""physical_error_rate"":0.02}","{""detection_events"":1012,""detectors_checked"":14336,""obs_mistake_mask=E"":1}"
       512,         0,         0,   0.953,exact_mw,38b7ae1c4e8407fc325e0d9e43e9f92ff26dcb3f5cf7b98d24ea74c9e5188d39,"{""distance"":5,""physical_error_rate"":0.005}","{""detection_events"":2392,""detectors_checked"":114688}"
     15360,         0,         0,    3.20,exact_mw,3208f56225bbcac0e2804eb6f92d0a8b681652a702ca1ec920ccd7367f0e0899,"{""distance"":5,""physical_error_rate"":0.002}","{""detection_events"":29583,""detectors_checked"":3440640}"
     64512,         1,         0,    3.08,exact_mw,bb90ec3459e353008cf9a5bb9142bf1e8515517a9e167021b225104594e48e8a,"{""distance"":5,""physical_error_rate"":0.001}","{""detection_events"":63794,""detectors_checked"":14450688,""obs_mistake_mask=E"":1}"
        32,         1,         0,   0.753,exact_mw,7b4896c0e7f0a510554d89637fd747b157418067a95869d1f0661294d473d1dc,"{""distance"":5,""physical_error_rate"":0.02}","{""detection_events"":560,""detectors_checked"":7168,""obs_mistake_mask=E"":1}"
      1024,         0,         0,   0.302,exact_mw,3208f56225bbcac0e2804eb6f92d0a8b681652a702ca1ec920ccd7367f0e0899,"{""distance"":5,""physical_error_rate"":0.002}","{""detection_events"":2104,""detectors_checked"":229376}"
    276480,         0,         0,    4.24,exact_mw,cb12ae119b9b2ba18d0216e7235b403229e92fd0743ede48fe7f1a2c6f45d594,"{""distance"":5,""physical_error_rate"":0.0005}","{""detection_events"":135492,""detectors_checked"":61931520}"
     52224,         0,         0,   0.784,exact_mw,cdc4a450a40af8e24899239080e4c40992fb5baf91c5a31ab3a165eacb3a1ab3,"{""distance"":5,""physical_error_rate"":0.0002}","{""detection_events"":10741,""detectors_checked"":11698176}"
      8192,         0,         0,   0.167,exact_mw,cdc4a450a40af8e24899239080e4c40992fb5baf91c5a31ab3a165eacb3a1ab3,"{""distance"":5,""physical_error_rate"":0.0002}","{""detection_events"":1590,""detectors_checked"":1835008}"
        64,         5,         0,   0.842,exact_mw,7b4896c0e7f0a510554d89637fd747b157418067a95869d1f0661294d473d1dc,"{""distance"":5,""physical_error_rate"":0.02}","{""detection_events"":1147,""detectors_checked"":14336,""obs_mistake_mask=E"":5}"
        64,         2,         0,   0.853,exact_mw,7b4896c0e7f0a510554d89637fd747b157418067a95869d1f0661294d473d1dc,"{""distance"":5,""physical_error_rate"":0.02}","{""detection_events"":1175,""detectors_checked"":14336,""obs_mistake_mask=E"":2}"
     66560,         1,         0,    2.21,exact_mw,bb90ec3459e353008cf9a5bb9142bf1e8515517a9e167021b225104594e48e8a,"{""distance"":5,""physical_error_rate"":0.001}","{""detection_events"":65339,""detectors_checked"":14909440,""obs_mistake_mask=E"":1}"
       512,         0,         0,    1.97,exact_mw,38b7ae1c4e8407fc325e0d9e43e9f92ff26dcb3f5cf7b98d24ea74c9e5188d39,"{""distance"":5,""physical_error_rate"":0.005}","{""detection_events"":2516,""detectors_checked"":114688}"
        96,         4,         0,   0.926,exact_mw,7b4896c0e7f0a510554d89637fd747b157418067a95869d1f0661294d473d1dc,"{""distance"":5,""physical_error_rate"":0.02}","{""detection_events"":1598,""detectors_checked"":21504,""obs_mistake_mask=E"":4}"
        64,         0,         0,   0.767,exact_mw,72230d8c06b5a71069df48ede6f7f3e6128cd83e8239dd1b2e5fe023578b6eb1,"{""distance"":5,""physical_error_rate"":0.01}","{""detection_events"":556,""detectors_checked"":14336}"
    262144,         0,         0,    3.01,exact_mw,f32ebecd8e105e50ec838d33c5ed9b45444b6b44a3c6ac541111079f2b14e893,"{""distance"":5,""physical_error_rate"":5e-05}","{""detection_events"":13058,""detectors_checked"":58720256}"
     10240,         0,         0,    2.39,exact_mw,3208f56225bbcac0e2804eb6f92d0a8b681652a702ca1ec920ccd7367f0e0899,"{""distance"":5,""physical_error_rate"":0.002}","{""detection_events"":19584,""detectors_checked"":2293760}"
    142336,         0,         0,   0.402,exact_mw,cdc4a450a40af8e24899239080e4c40992fb5baf91c5a31ab3a165eacb3a1ab3,"{""distance"":5,""physical_error_rate"":0.0002}","{""detection_events"":28179,""detectors_checked"":31883264}"
        64,         0,         0,   0.794,exact_mw,72230d8c06b5a71069df48ede6f7f3e6128cd83e8239dd1b2e5fe023578b6eb1,"{""distance"":5,""physical_error_rate"":0.01}","{""detection_events"":609,""detectors_checked"":14336}"
      1024,         0,         0,   0.231,exact_mw,3208f56225bbcac0e2804eb6f92d0a8b681652a702ca1ec920ccd7367f0e0899,"{""distance"":5,""physical_error_rate"":0.002}","{""detection_events"":2117,""detectors_checked"":229376}"
        64,         0,         0,   0.497,exact_mw,72230d8c06b5a71069df48ede6f7f3e6128cd83e8239dd1b2e5fe023578b6eb1,"{""distance"":5,""physical_error_rate"":0.01}","{""detection_events"":629,""detectors_checked"":14336}"
      1297,         0,         0,   0.028,exact_mw,70a969f5042aec17ac076c6379f4170fb7c69b8e925756ef3b7334e28a33338b,"{""distance"":5,""physical_error_rate"":0.0001}","{""detection_events"":132,""detectors_checked"":290528}"
    114688,         0,         0,    3.03,exact_mw,bb90ec3459e353008cf9a5bb9142bf1e8515517a9e167021b225104594e48e8a,"{""distance"":5,""physical_error_rate"":0.001}","{""detection_events"":112682,""detectors_checked"":25690112}"
    221184,         0,         0,    3.06,exact_mw,f32ebecd8e105e50ec838d33c5ed9b45444b6b44a3c6ac541111079f2b14e893,"{""distance"":5,""physical_error_rate"":5e-05}","{""detection_events"":10963,""detectors_checked"":49545216}"
      1024,         0,         0,   0.027,exact_mw,70a969f5042aec17ac076c6379f4170fb7c69b8e925756ef3b7334e28a33338b,"{""distance"":5,""physical_error_rate"":0.0001}","{""detection_events"":88,""detectors_checked"":229376}"
        32,         1,         0,   0.360,exact_mw,7b4896c0e7f0a510554d89637fd747b157418067a95869d1f0661294d473d1dc,"{""distance"":5,""physical_error_rate"":0.02}","{""detection_events"":526,""detectors_checked"":7168,""obs_mistake_mask=E"":1}"
      2048,         0,         0,   0.030,exact_mw,70a969f5042aec17ac076c6379f4170fb7c69b8e925756ef3b7334e28a33338b,"{""distance"":5,""physical_error_rate"":0.0001}","{""detection_events"":183,""detectors_checked"":458752}"
     11264,         0,         0,   0.223,exact_mw,cdc4a450a40af8e24899239080e4c40992fb5baf91c5a31ab3a165eacb3a1ab3,"{""distance"":5,""physical_error_rate"":0.0002}","{""detection_events"":2286,""detectors_checked"":2523136}"
       512,         1,         0,    1.56,exact_mw,38b7ae1c4e8407fc325e0d9e43e9f92ff26dcb3f5cf7b98d24ea74c9e5188d39,"{""distance"":5,""physical_error_rate"":0.005}","{""detection_events"":2446,""detectors_checked"":114688,""obs_mistake_mask=E"":1}"
      1297,         0,         0,   0.044,exact_mw,f32ebecd8e105e50ec838d33c5ed9b45444b6b44a3c6ac541111079f2b14e893,"{""distance"":5,""physical_error_rate"":5e-05}","{""detection_events"":73,""detectors_checked"":290528}"
     20480,         0,         0,   0.596,exact_mw,70a969f5042aec17ac076c6379f4170fb7c69b8e925756ef3b7334e28a33338b,"{""distance"":5,""physical_error_rate"":0.0001}","{""detection_events"":1856,""detectors_checked"":4587520}"
    220160,         0,         0,    3.04,exact_mw,cdc4a450a40af8e24899239080e4c40992fb5baf91c5a31ab3a165eacb3a1ab3,"{""distance"":5,""physical_error_rate"":0.0002}","{""detection_events"":43009,""detectors_checked"":49315840}"
      1024,         0,         0,   0.296,exact_mw,3208f56225bbcac0e2804eb6f92d0a8b681652a702ca1ec920ccd7367f0e0899,"{""distance"":5,""physical_error_rate"":0.002}","{""detection_events"":2180,""detectors_checked"":229376}"
      2048,         0,         0,   0.030,exact_mw,70a969f5042aec17ac076c6379f4170fb7c69b8e925756ef3b7334e28a33338b,"{""distance"":5,""physical_error_rate"":0.0001}","{""detection_events"":144,""detectors_checked"":458752}"
     12288,         0,         0,   0.592,exact_mw,bb90ec3459e353008cf9a5bb9142bf1e8515517a9e167021b225104594e48e8a,"{""distance"":5,""physical_error_rate"":0.001}","{""detection_events"":12074,""detectors_checked"":2752512}"
      2048,         0,         0,   0.430,exact_mw,3208f56225bbcac0e2804eb6f92d0a8b681652a702ca1ec920ccd7367f0e0899,"{""distance"":5,""physical_error_rate"":0.002}","{""detection_events"":3788,""detectors_checked"":458752}"
      1024,         0,         0,   0.043,exact_mw,f32ebecd8e105e50ec838d33c5ed9b45444b6b44a3c6ac541111079f2b14e893,"{""distance"":5,""physical_error_rate"":5e-05}","{""detection_events"":46,""detectors_checked"":229376}"
      2048,         0,         0,   0.030,exact_mw,70a969f5042aec17ac076c6379f4170fb7c69b8e925756ef3b7334e28a33338b,"{""distance"":5,""physical_error_rate"":0.0001}","{""detection_events"":179,""detectors_checked"":458752}"
     10240,         0,         0,    2.37,exact_mw,3208f56225bbcac0e2804eb6f92d0a8b681652a702ca1ec920ccd7367f0e0899,"{""distance"":5,""physical_error_rate"":0.002}","{""detection_events"":19380,""detectors_checked"":2293760}"
       256,         0,         0,    1.73,exact_mw,72230d8c06b5a71069df48ede6f7f3e6128cd83e8239dd1b2e5fe023578b6eb1,"{""distance"":5,""physical_error_rate"":0.01}","{""detection_events"":2455,""detectors_checked"":57344}"
     21504,         0,         0,   0.811,exact_mw,bb90ec3459e353008cf9a5bb9142bf1e8515517a9e167021b225104594e48e8a,"{""distance"":5,""physical_error_rate"":0.001}","{""detection_events"":21080,""detectors_checked"":4816896}"
     21504,         0,         0,   0.598,exact_mw,f32ebecd8e105e50ec838d33c5ed9b45444b6b44a3c6ac541111079f2b14e893,"{""distance"":5,""physical_error_rate"":5e-05}","{""detection_events"":1010,""detectors_checked"":4816896}"
    193536,         0,         0,    3.00,exact_mw,cdc4a450a40af8e24899239080e4c40992fb5baf91c5a31ab3a165eacb3a1ab3,"{""distance"":5,""physical_error_rate"":0.0002}","{""detection_events"":38169,""detectors_checked"":43352064}"
      2048,         0,         0,   0.046,exact_mw,f32ebecd8e105e50ec838d33c5ed9b45444b6b44a3c6ac541111079f2b14e893,"{""distance"":5,""physical_error_rate"":5e-05}","{""detection_events"":145,""detectors_checked"":458752}"
      3072,         0,         0,   0.057,exact_mw,70a969f5042aec17ac076c6379f4170fb7c69b8e925756ef3b7334e28a33338b,"{""distance"":5,""physical_error_rate"":0.0001}","{""detection_events"":323,""detectors_checked"":688128}"
       128,         0,         0,    1.71,exact_mw,72230d8c06b5a71069df48ede6f7f3e6128cd83e8239dd1b2e5fe023578b6eb1,"{""distance"":5,""physical_error_rate"":0.01}","{""detection_events"":1214,""detectors_checked"":28672}"
      1024,         0,         0,   0.043,exact_mw,f32ebecd8e105e50ec838d33c5ed9b45444b6b44a3c6ac541111079f2b14e893,"{""distance"":5,""physical_error_rate"":5e-05}","{""detection_events"":49,""detectors_checked"":229376}"
        64,         2,         0,    1.66,exact_mw,7b4896c0e7f0a510554d89637fd747b157418067a95869d1f0661294d473d1dc,"{""distance"":5,""physical_error_rate"":0.02}","{""detection_events"":1097,""detectors_checked"":14336,""obs_mistake_mask=E"":2}"
     56320,         0,         0,    3.05,exact_mw,bb90ec3459e353008cf9a5bb9142bf1e8515517a9e167021b225104594e48e8a,"{""distance"":5,""physical_error_rate"":0.001}","{""detection_events"":55592,""detectors_checked"":12615680}"
       128,         2,         0,    2.28,exact_mw,72230d8c06b5a71069df48ede6f7f3e6128cd83e8239dd1b2e5fe023578b6eb1,"{""distance"":5,""physical_error_rate"":0.01}","{""detection_events"":1274,""detectors_checked"":28672,""obs_mistake_mask=E"":2}"
      1024,         0,         0,   0.043,exact_mw,f32ebecd8e105e50ec838d33c5ed9b45444b6b44a3c6ac541111079f2b14e893,"{""distance"":5,""physical_error_rate"":5e-05}","{""detection_events"":35,""detectors_checked"":229376}"
        64,         1,         0,   0.825,exact_mw,7b4896c0e7f0a510554d89637fd747b157418067a95869d1f0661294d473d1dc,"{""distance"":5,""physical_error_rate"":0.02}","{""detection_events"":1176,""detectors_checked"":14336,""obs_mistake_mask=E"":1}"
      1024,         0,         0,   0.300,exact_mw,3208f56225bbcac0e2804eb6f92d0a8b681652a702ca1ec920ccd7367f0e0899,"{""distance"":5,""physical_error_rate"":0.002}","{""detection_events"":1882,""detectors_checked"":229376}"
      4096,         0,         0,   0.083,exact_mw,70a969f5042aec17ac076c6379f4170fb7c69b8e925756ef3b7334e28a33338b,"{""distance"":5,""physical_error_rate"":0.0001}","{""detection_events"":413,""detectors_checked"":917504}"
     49152,         0,         0,   0.800,exact_mw,cb12ae119b9b2ba18d0216e7235b403229e92fd0743ede48fe7f1a2c6f45d594,"{""distance"":5,""physical_error_rate"":0.0005}","{""detection_events"":23821,""detectors_checked"":11010048}"
    302080,         0,         0,    4.16,exact_mw,70a969f5042aec17ac076c6379f4170fb7c69b8e925756ef3b7334e28a33338b,"{""distance"":5,""physical_error_rate"":0.0001}","{""detection_events"":29785,""detectors_checked"":67665920}"
    225280,         0,         0,    3.02,exact_mw,cdc4a450a40af8e24899239080e4c40992fb5baf91c5a31ab3a165eacb3a1ab3,"{""distance"":5,""physical_error_rate"":0.0002}","{""detection_events"":44251,""detectors_checked"":50462720}"
     21504,         0,         0,   0.602,exact_mw,70a969f5042aec17ac076c6379f4170fb7c69b8e925756ef3b7334e28a33338b,"{""distance"":5,""physical_error_rate"":0.0001}","{""detection_events"":2218,""detectors_checked"":4816896}"
    150528,         0,         0,    3.05,exact_mw,cb12ae119b9b2ba18d0216e7235b403229e92fd0743ede48fe7f1a2c6f45d594,"{""distance"":5,""physical_error_rate"":0.0005}","{""detection_events"":74446,""detectors_checked"":33718272}"
        32,         0,         0,   0.283,exact_mw,7b4896c0e7f0a510554d89637fd747b157418067a95869d1f0661294d473d1dc,"{""distance"":5,""physical_error_rate"":0.02}","{""detection_events"":585,""detectors_checked"":7168}"
      3072,         0,         0,   0.088,exact_mw,f32ebecd8e105e50ec838d33c5ed9b45444b6b44a3c6ac541111079f2b14e893,"{""distance"":5,""physical_error_rate"":5e-05}","{""detection_events"":155,""detectors_checked"":688128}"
     15360,         0,         0,   0.308,exact_mw,cdc4a450a40af8e24899239080e4c40992fb5baf91c5a31ab3a165eacb3a1ab3,"{""distance"":5,""physical_error_rate"":0.0002}","{""detection_events"":3144,""detectors_checked"":3440640}"
    210944,         0,         0,    3.05,exact_mw,cdc4a450a40af8e24899239080e4c40992fb5baf91c5a31ab3a165eacb3a1ab3,"{""distance"":5,""physical_error_rate"":0.0002}","{""detection_events"":41832,""detectors_checked"":47251456}"
    182272,         0,         0,    3.03,exact_mw,f32ebecd8e105e50ec838d33c5ed9b45444b6b44a3c6ac541111079f2b14e893,"{""distance"":5,""physical_error_rate"":5e-05}","{""detection_events"":8954,""detectors_checked"":40828928}"
      1024,         0,         0,   0.251,exact_mw,3208f56225bbcac0e2804eb6f92d0a8b681652a702ca1ec920ccd7367f0e0899,"{""distance"":5,""physical_error_rate"":0.002}","{""detection_events"":2043,""detectors_checked"":229376}"
      5120,         0,         0,   0.110,exact_mw,70a969f5042aec17ac076c6379f4170fb7c69b8e925756ef3b7334e28a33338b,"{""distance"":5,""physical_error_rate"":0.0001}","{""detection_events"":482,""detectors_checked"":1146880}"
     99328,         1,         0,    4.27,exact_mw,bb90ec3459e353008cf9a5bb9142bf1e8515517a9e167021b225104594e48e8a,"{""distance"":5,""physical_error_rate"":0.001}","{""detection_events"":96588,""detectors_checked"":22249472,""obs_mistake_mask=E"":1}"
     93184,         0,         0,   0.810,exact_mw,f32ebecd8e105e50ec838d33c5ed9b45444b6b44a3c6ac541111079f2b14e893,"{""distance"":5,""physical_error_rate"":5e-05}","{""detection_events"":4762,""detectors_checked"":20873216}"
     14336,         0,         0,   0.848,exact_mw,bb90ec3459e353008cf9a5bb9142bf1e8515517a9e167021b225104594e48e8a,"{""distance"":5,""physical_error_rate"":0.001}","{""detection_events"":14219,""detectors_checked"":3211264}"
      3072,         0,         0,   0.085,exact_mw,f32ebecd8e105e50ec838d33c5ed9b45444b6b44a3c6ac541111079f2b14e893,"{""distance"":5,""physical_error_rate"":5e-05}","{""detection_events"":148,""detectors_checked"":688128}"
       128,         0,         0,    1.11,exact_mw,72230d8c06b5a71069df48ede6f7f3e6128cd83e8239dd1b2e5fe023578b6eb1,"{""distance"":5,""physical_error_rate"":0.01}","{""detection_events"":1197,""detectors_checked"":28672}"
    172032,         0,         0,    3.03,exact_mw,cb12ae119b9b2ba18d0216e7235b403229e92fd0743ede48fe7f1a2c6f45d594,"{""distance"":5,""physical_error_rate"":0.0005}","{""detection_events"":84485,""detectors_checked"":38535168}"
     61440,         0,         0,   0.791,exact_mw,f32ebecd8e105e50ec838d33c5ed9b45444b6b44a3c6ac541111079f2b14e893,"{""distance"":5,""physical_error_rate"":5e-05}","{""detection_events"":3002,""detectors_checked"":13762560}"
        64,         1,         0,   0.475,exact_mw,72230d8c06b5a71069df48ede6f7f3e6128cd83e8239dd1b2e5fe023578b6eb1,"{""distance"":5,""physical_error_rate"":0.01}","{""detection_events"":601,""detectors_checked"":14336,""obs_mistake_mask=E"":1}"
    198656,         0,         0,   0.563,exact_mw,cdc4a450a40af8e24899239080e4c40992fb5baf91c5a31ab3a165eacb3a1ab3,"{""distance"":5,""physical_error_rate"":0.0002}","{""detection_events"":38973,""detectors_checked"":44498944}"
     62464,         0,         0,    3.09,exact_mw,bb90ec3459e353008cf9a5bb9142bf1e8515517a9e167021b225104594e48e8a,"{""distance"":5,""physical_error_rate"":0.001}","{""detection_events"":60975,""detectors_checked"":13991936}"
    203776,         0,         0,    2.92,exact_mw,cdc4a450a40af8e24899239080e4c40992fb5baf91c5a31ab3a165eacb3a1ab3,"{""distance"":5,""physical_error_rate"":0.0002}","{""detection_events"":39818,""detectors_checked"":45645824}"
       128,         3,         0,    1.63,exact_mw,7b4896c0e7f0a510554d89637fd747b157418067a95869d1f0661294d473d1dc,"{""distance"":5,""physical_error_rate"":0.02}","{""detection_events"":2175,""detectors_checked"":28672,""obs_mistake_mask=E"":3}"
      1024,         0,         0,   0.274,exact_mw,3208f56225bbcac0e2804eb6f92d0a8b681652a702ca1ec920ccd7367f0e0899,"{""distance"":5,""physical_error_rate"":0.002}","{""detection_events"":2064,""detectors_checked"":229376}"
      7168,         0,         0,    3.50,exact_mw,3208f56225bbcac0e2804eb6f92d0a8b681652a702ca1ec920ccd7367f0e0899,"{""distance"":5,""physical_error_rate"":0.002}","{""detection_events"":13755,""detectors_checked"":1605632}"
      1024,         0,         0,   0.178,exact_mw,3208f56225bbcac0e2804eb6f92d0a8b681652a702ca1ec920ccd7367f0e0899,"{""distance"":5,""physical_error_rate"":0.002}","{""detection_events"":1992,""detectors_checked"":229376}"
      7168,         0,         0,   0.168,exact_mw,70a969f5042aec17ac076c6379f4170fb7c69b8e925756ef3b7334e28a33338b,"{""distance"":5,""physical_error_rate"":0.0001}","{""detection_events"":792,""detectors_checked"":1605632}"
      4096,         0,         0,   0.135,exact_mw,f32ebecd8e105e50ec838d33c5ed9b45444b6b44a3c6ac541111079f2b14e893,"{""distance"":5,""physical_error_rate"":5e-05}","{""detection_events"":240,""detectors_checked"":917504}"
      2048,         1,         0,   0.457,exact_mw,3208f56225bbcac0e2804eb6f92d0a8b681652a702ca1ec920ccd7367f0e0899,"{""distance"":5,""physical_error_rate"":0.002}","{""detection_events"":3983,""detectors_checked"":458752,""obs_mistake_mask=E"":1}"
     25600,         0,         0,    1.14,exact_mw,cb12ae119b9b2ba18d0216e7235b403229e92fd0743ede48fe7f1a2c6f45d594,"{""distance"":5,""physical_error_rate"":0.0005}","{""detection_events"":12603,""detectors_checked"":5734400}"
      1536,         2,         0,    2.34,exact_mw,38b7ae1c4e8407fc325e0d9e43e9f92ff26dcb3f5cf7b98d24ea74c9e5188d39,"{""distance"":5,""physical_error_rate"":0.005}","{""detection_events"":7329,""detectors_checked"":344064,""obs_mistake_mask=E"":2}"
        64,         0,         0,   0.802,exact_mw,7b4896c0e7f0a510554d89637fd747b157418067a95869d1f0661294d473d1dc,"{""distance"":5,""physical_error_rate"":0.02}","{""detection_events"":1141,""detectors_checked"":14336}"
         1,         0,         0,   0.004,exact_mw,72230d8c06b5a71069df48ede6f7f3e6128cd83e8239dd1b2e5fe023578b6eb1,"{""distance"":5,""physical_error_rate"":0.01}","{""detection_events"":10,""detectors_checked"":224}"
        64,         0,         0,   0.758,exact_mw,72230d8c06b5a71069df48ede6f7f3e6128cd83e8239dd1b2e5fe023578b6eb1,"{""distance"":5,""physical_error_rate"":0.01}","{""detection_events"":582,""detectors_checked"":14336}"
       128,         5,         0,    2.03,exact_mw,7b4896c0e7f0a510554d89637fd747b157418067a95869d1f0661294d473d1dc,"{""distance"":5,""physical_error_rate"":0.02}","{""detection_events"":2213,""detectors_checked"":28672,""obs_mistake_mask=E"":5}"
        16,         0,         0,   0.081,exact_mw,72230d8c06b5a71069df48ede6f7f3e6128cd83e8239dd1b2e5fe023578b6eb1,"{""distance"":5,""physical_error_rate"":0.01}","{""detection_events"":178,""detectors_checked"":3584}"
      5120,         0,         0,   0.170,exact_mw,f32ebecd8e105e50ec838d33c5ed9b45444b6b44a3c6ac541111079f2b14e893,"{""distance"":5,""physical_error_rate"":5e-05}","{""detection_events"":275,""detectors_checked"":1146880}"
     36864,         0,         0,    1.10,exact_mw,f32ebecd8e105e50ec838d33c5ed9b45444b6b44a3c6ac541111079f2b14e893,"{""distance"":5,""physical_error_rate"":5e-05}","{""detection_events"":1844,""detectors_checked"":8257536}"
       320,         1,         0,    1.77,exact_mw,72230d8c06b5a71069df48ede6f7f3e6128cd83e8239dd1b2e5fe023578b6eb1,"{""distance"":5,""physical_error_rate"":0.01}","{""detection_events"":3088,""detectors_checked"":71680,""obs_mistake_mask=E"":1}"
       512,         2,         0,    1.05,exact_mw,38b7ae1c4e8407fc325e0d9e43e9f92ff26dcb3f5cf7b98d24ea74c9e5188d39,"{""distance"":5,""physical_error_rate"":0.005}","{""detection_events"":2456,""detectors_checked"":114688,""obs_mistake_mask=E"":2}"
      6144,         0,         0,   0.256,exact_mw,70a969f5042aec17ac076c6379f4170fb7c69b8e925756ef3b7334e28a33338b,"{""distance"":5,""physical_error_rate"":0.0001}","{""detection_events"":602,""detectors_checked"":1376256}"
    160768,         0,         0,    3.03,exact_mw,cb12ae119b9b2ba18d0216e7235b403229e92fd0743ede48fe7f1a2c6f45d594,"{""distance"":5,""physical_error_rate"":0.0005}","{""detection_events"":79228,""detectors_checked"":36012032}"
      1024,         0,         0,   0.275,exact_mw,3208f56225bbcac0e2804eb6f92d0a8b681652a702ca1ec920ccd7367f0e0899,"{""distance"":5,""physical_error_rate"":0.002}","{""detection_events"":2030,""detectors_checked"":229376}"
     14336,         0,         0,   0.463,exact_mw,cdc4a450a40af8e24899239080e4c40992fb5baf91c5a31ab3a165eacb3a1ab3,"{""distance"":5,""physical_error_rate"":0.0002}","{""detection_events"":2898,""detectors_checked"":3211264}"
      1024,         0,         0,   0.297,exact_mw,3208f56225bbcac0e2804eb6f92d0a8b681652a702ca1ec920ccd7367f0e0899,"{""distance"":5,""physical_error_rate"":0.002}","{""detection_events"":2016,""detectors_checked"":229376}"
        64,         0,         0,   0.401,exact_mw,72230d8c06b5a71069df48ede6f7f3e6128cd83e8239dd1b2e5fe023578b6eb1,"{""distance"":5,""physical_error_rate"":0.01}","{""detection_events"":593,""detectors_checked"":14336}"
       128,         4,         0,    1.18,exact_mw,7b4896c0e7f0a510554d89637fd747b157418067a95869d1f0661294d473d1dc,"{""distance"":5,""physical_error_rate"":0.02}","{""detection_events"":2194,""detectors_checked"":28672,""obs_mistake_mask=E"":4}"
     16384,         0,         0,   0.784,exact_mw,bb90ec3459e353008cf9a5bb9142bf1e8515517a9e167021b225104594e48e8a,"{""distance"":5,""physical_error_rate"":0.001}","{""detection_events"":16115,""detectors_checked"":3670016}"
     24576,         0,         0,   0.779,exact_mw,70a969f5042aec17ac076c6379f4170fb7c69b8e925756ef3b7334e28a33338b,"{""distance"":5,""physical_error_rate"":0.0001}","{""detection_events"":2326,""detectors_checked"":5505024}"
     73728,         0,         0,    1.10,exact_mw,cdc4a450a40af8e24899239080e4c40992fb5baf91c5a31ab3a165eacb3a1ab3,"{""distance"":5,""physical_error_rate"":0.0002}","{""detection_events"":14453,""detectors_checked"":16515072}"
      7168,         0,         0,   0.210,exact_mw,f32ebecd8e105e50ec838d33c5ed9b45444b6b44a3c6ac541111079f2b14e893,"{""distance"":5,""physical_error_rate"":5e-05}","{""detection_events"":289,""detectors_checked"":1605632}"
         1,         0,         0,   0.000,exact_mw,38b7ae1c4e8407fc325e0d9e43e9f92ff26dcb3f5cf7b98d24ea74c9e5188d39,"{""distance"":5,""physical_error_rate"":0.005}","{""detection_events"":4,""detectors_checked"":224}"
        64,         0,         0,    1.09,exact_mw,72230d8c06b5a71069df48ede6f7f3e6128cd83e8239dd1b2e5fe023578b6eb1,"{""distance"":5,""physical_error_rate"":0.01}","{""detection_events"":626,""detectors_checked"":14336}"
        64,         1,         0,   0.268,exact_mw,72230d8c06b5a71069df48ede6f7f3e6128cd83e8239dd1b2e5fe023578b6eb1,"{""distance"":5,""physical_error_rate"":0.01}","{""detection_events"":484,""detectors_checked"":14336,""obs_mistake_mask=E"":1}"
     22528,         0,         0,   0.725,exact_mw,f32ebecd8e105e50ec838d33c5ed9b45444b6b44a3c6ac541111079f2b14e893,"{""distance"":5,""physical_error_rate"":5e-05}","{""detection_events"":1121,""detectors_checked"":5046272}"
        16,         0,         0,   0.039,exact_mw,38b7ae1c4e8407fc325e0d9e43e9f92ff26dcb3f5cf7b98d24ea74c9e5188d39,"{""distance"":5,""physical_error_rate"":0.005}","{""detection_events"":84,""detectors_checked"":3584}"
        64,         1,         0,   0.672,exact_mw,7b4896c0e7f0a510554d89637fd747b157418067a95869d1f0661294d473d1dc,"{""distance"":5,""physical_error_rate"":0.02}","{""detection_events"":1156,""detectors_checked"":14336,""obs_mistake_mask=E"":1}"
    384000,         0,         0,    4.19,exact_mw,cdc4a450a40af8e24899239080e4c40992fb5baf91c5a31ab3a165eacb3a1ab3,"{""distance"":5,""physical_error_rate"":0.0002}","{""detection_events"":75669,""detectors_checked"":86016000}"
       273,         0,         0,   0.056,exact_mw,3208f56225bbcac0e2804eb6f92d0a8b681652a702ca1ec920ccd7367f0e0899,"{""distance"":5,""physical_error_rate"":0.002}","{""detection_events"":537,""detectors_checked"":61152}"
    157696,         0,         0,    2.15,exact_mw,f32ebecd8e105e50ec838d33c5ed9b45444b6b44a3c6ac541111079f2b14e893,"{""distance"":5,""physical_error_rate"":5e-05}","{""detection_events"":7771,""detectors_checked"":35323904}"
        64,         2,         0,   0.789,exact_mw,7b4896c0e7f0a510554d89637fd747b157418067a95869d1f0661294d473d1dc,"{""distance"":5,""physical_error_rate"":0.02}","{""detection_events"":1057,""detectors_checked"":14336,""obs_mistake_mask=E"":2}"
      1024,         0,         0,   0.274,exact_mw,3208f56225bbcac0e2804eb6f92d0a8b681652a702ca1ec920ccd7367f0e0899,"{""distance"":5,""physical_error_rate"":0.002}","{""detection_events"":1969,""detectors_checked"":229376}"
        96,         4,         0,    1.26,exact_mw,7b4896c0e7f0a510554d89637fd747b157418067a95869d1f0661294d473d1dc,"{""distance"":5,""physical_error_rate"":0.02}","{""detection_events"":1642,""detectors_checked"":21504,""obs_mistake_mask=E"":4}"
      7168,         0,         0,   0.320,exact_mw,70a969f5042aec17ac076c6379f4170fb7c69b8e925756ef3b7334e28a33338b,"{""distance"":5,""physical_error_rate"":0.0001}","{""detection_events"":668,""detectors_checked"":1605632}"
     20480,         0,         0,   0.771,exact_mw,70a969f5042aec17ac076c6379f4170fb7c69b8e925756ef3b7334e28a33338b,"{""distance"":5,""physical_error_rate"":0.0001}","{""detection_events"":1961,""detectors_checked"":4587520}"
      1024,         1,         0,    3.41,exact_mw,38b7ae1c4e8407fc325e0d9e43e9f92ff26dcb3f5cf7b98d24ea74c9e5188d39,"{""distance"":5,""physical_error_rate"":0.005}","{""detection_events"":4998,""detectors_checked"":229376,""obs_mistake_mask=E"":1}"
      1536,         1,         0,    2.60,exact_mw,38b7ae1c4e8407fc325e0d9e43e9f92ff26dcb3f5cf7b98d24ea74c9e5188d39,"{""distance"":5,""physical_error_rate"":0.005}","{""detection_events"":7330,""detectors_checked"":344064,""obs_mistake_mask=E"":1}"
      1024,         0,         0,   0.193,exact_mw,3208f56225bbcac0e2804eb6f92d0a8b681652a702ca1ec920ccd7367f0e0899,"{""distance"":5,""physical_error_rate"":0.002}","{""detection_events"":2056,""detectors_checked"":229376}"
       256,         2,         0,    1.85,exact_mw,72230d8c06b5a71069df48ede6f7f3e6128cd83e8239dd1b2e5fe023578b6eb1,"{""distance"":5,""physical_error_rate"":0.01}","{""detection_events"":2356,""detectors_checked"":57344,""obs_mistake_mask=E"":2}"
      9216,         0,         0,   0.265,exact_mw,f32ebecd8e105e50ec838d33c5ed9b45444b6b44a3c6ac541111079f2b14e893,"{""distance"":5,""physical_error_rate"":5e-05}","{""detection_events"":526,""detectors_checked"":2064384}"
        64,         3,         0,    1.48,exact_mw,7b4896c0e7f0a510554d89637fd747b157418067a95869d1f0661294d473d1dc,"{""distance"":5,""physical_error_rate"":0.02}","{""detection_events"":1136,""detectors_checked"":14336,""obs_mistake_mask=E"":3}"
    275456,         0,         0,   0.786,exact_mw,cdc4a450a40af8e24899239080e4c40992fb5baf91c5a31ab3a165eacb3a1ab3,"{""distance"":5,""physical_error_rate"":0.0002}","{""detection_events"":55288,""detectors_checked"":61702144}"
        64,         0,         0,   0.423,exact_mw,72230d8c06b5a71069df48ede6f7f3e6128cd83e8239dd1b2e5fe023578b6eb1,"{""distance"":5,""physical_error_rate"":0.01}","{""detection_events"":632,""detectors_checked"":14336}"
        64,         1,         0,    1.05,exact_mw,72230d8c06b5a71069df48ede6f7f3e6128cd83e8239dd1b2e5fe023578b6eb1,"{""distance"":5,""physical_error_rate"":0.01}","{""detection_events"":665,""detectors_checked"":14336,""obs_mistake_mask=E"":1}"
     30720,         0,         0,    1.13,exact_mw,bb90ec3459e353008cf9a5bb9142bf1e8515517a9e167021b225104594e48e8a,"{""distance"":5,""physical_error_rate"":0.001}","{""detection_events"":30330,""detectors_checked"":6881280}"
      1024,         0,         0,   0.225,exact_mw,3208f56225bbcac0e2804eb6f92d0a8b681652a702ca1ec920ccd7367f0e0899,"{""distance"":5,""physical_error_rate"":0.002}","{""detection_events"":2014,""detectors_checked"":229376}"
      2048,         0,         0,   0.501,exact_mw,3208f56225bbcac0e2804eb6f92d0a8b681652a702ca1ec920ccd7367f0e0899,"{""distance"":5,""physical_error_rate"":0.002}","{""detection_events"":3931,""detectors_checked"":458752}"
        64,         0,         0,   0.662,exact_mw,72230d8c06b5a71069df48ede6f7f3e6128cd83e8239dd1b2e5fe023578b6eb1,"{""distance"":5,""physical_error_rate"":0.01}","{""detection_events"":545,""detectors_checked"":14336}"
      4096,         0,         0,   0.784,exact_mw,3208f56225bbcac0e2804eb6f92d0a8b681652a702ca1ec920ccd7367f0e0899,"{""distance"":5,""physical_error_rate"":0.002}","{""detection_events"":8003,""detectors_checked"":917504}"
     37888,         0,         0,    3.02,exact_mw,bb90ec3459e353008cf9a5bb9142bf1e8515517a9e167021b225104594e48e8a,"{""distance"":5,""physical_error_rate"":0.001}","{""detection_events"":37002,""detectors_checked"":8486912}"
       128,         1,         0,    2.07,exact_mw,72230d8c06b5a71069df48ede6f7f3e6128cd83e8239dd1b2e5fe023578b6eb1,"{""distance"":5,""physical_error_rate"":0.01}","{""detection_events"":1104,""detectors_checked"":28672,""obs_mistake_mask=E"":1}"
     12288,         0,         0,   0.575,exact_mw,cdc4a450a40af8e24899239080e4c40992fb5baf91c5a31ab3a165eacb3a1ab3,"{""distance"":5,""physical_error_rate"":0.0002}","{""detection_events"":2450,""detectors_checked"":2752512}"
     74752,         0,         0,    1.12,exact_mw,cb12ae119b9b2ba18d0216e7235b403229e92fd0743ede48fe7f1a2c6f45d594,"{""distance"":5,""physical_error_rate"":0.0005}","{""detection_events"":37031,""detectors_checked"":16744448}"
      1024,         0,         0,   0.196,exact_mw,3208f56225bbcac0e2804eb6f92d0a8b681652a702ca1ec920ccd7367f0e0899,"{""distance"":5,""physical_error_rate"":0.002}","{""detection_events"":1837,""detectors_checked"":229376}"
       128,         3,         0,    1.57,exact_mw,7b4896c0e7f0a510554d89637fd747b157418067a95869d1f0661294d473d1dc,"{""distance"":5,""physical_error_rate"":0.02}","{""detection_events"":2340,""detectors_checked"":28672,""obs_mistake_mask=E"":3}"
        64,         2,         0,   0.849,exact_mw,7b4896c0e7f0a510554d89637fd747b157418067a95869d1f0661294d473d1dc,"{""distance"":5,""physical_error_rate"":0.02}","{""detection_events"":1193,""detectors_checked"":14336,""obs_mistake_mask=E"":2}"
       128,         1,         0,    1.05,exact_mw,72230d8c06b5a71069df48ede6f7f3e6128cd83e8239dd1b2e5fe023578b6eb1,"{""distance"":5,""physical_error_rate"":0.01}","{""detection_events"":1159,""detectors_checked"":28672,""obs_mistake_mask=E"":1}"
    103424,         0,         0,    1.11,exact_mw,f32ebecd8e105e50ec838d33c5ed9b45444b6b44a3c6ac541111079f2b14e893,"{""distance"":5,""physical_error_rate"":5e-05}","{""detection_events"":4947,""detectors_checked"":23166976}"
       128,         0,         0,   0.535,exact_mw,38b7ae1c4e8407fc325e0d9e43e9f92ff26dcb3f5cf7b98d24ea74c9e5188d39,"{""distance"":5,""physical_error_rate"":0.005}","{""detection_events"":594,""detectors_checked"":28672}"
       192,         6,         0,    2.48,exact_mw,7b4896c0e7f0a510554d89637fd747b157418067a95869d1f0661294d473d1dc,"{""distance"":5,""physical_error_rate"":0.02}","{""detection_events"":3332,""detectors_checked"":43008,""obs_mistake_mask=E"":6}"
     19456,         0,         0,    1.12,exact_mw,bb90ec3459e353008cf9a5bb9142bf1e8515517a9e167021b225104594e48e8a,"{""distance"":5,""physical_error_rate"":0.001}","{""detection_events"":18888,""detectors_checked"":4358144}"
    103424,         0,         0,    1.12,exact_mw,f32ebecd8e105e50ec838d33c5ed9b45444b6b44a3c6ac541111079f2b14e893,"{""distance"":5,""physical_error_rate"":5e-05}","{""detection_events"":5273,""detectors_checked"":23166976}"
      7168,         0,         0,   0.445,exact_mw,70a969f5042aec17ac076c6379f4170fb7c69b8e925756ef3b7334e28a33338b,"{""distance"":5,""physical_error_rate"":0.0001}","{""detection_events"":653,""detectors_checked"":1605632}"
      4369,         0,         0,   0.012,exact_mw,f32ebecd8e105e50ec838d33c5ed9b45444b6b44a3c6ac541111079f2b14e893,"{""distance"":5,""physical_error_rate"":5e-05}","{""detection_events"":216,""detectors_checked"":978656}"
      1024,         0,         0,   0.003,exact_mw,f32ebecd8e105e50ec838d33c5ed9b45444b6b44a3c6ac541111079f2b14e893,"{""distance"":5,""physical_error_rate"":5e-05}","{""detection_events"":44,""detectors_checked"":229376}"
      1024,         0,         0,   0.165,exact_mw,3208f56225bbcac0e2804eb6f92d0a8b681652a702ca1ec920ccd7367f0e0899,"{""distance"":5,""physical_error_rate"":0.002}","{""detection_events"":1958,""detectors_checked"":229376}"
      4096,         0,         0,   0.024,exact_mw,f32ebecd8e105e50ec838d33c5ed9b45444b6b44a3c6ac541111079f2b14e893,"{""distance"":5,""physical_error_rate"":5e-05}","{""detection_events"":211,""detectors_checked"":917504}"
      1280,         1,         0,    2.67,exact_mw,38b7ae1c4e8407fc325e0d9e43e9f92ff26dcb3f5cf7b98d24ea74c9e5188d39,"{""distance"":5,""physical_error_rate"":0.005}","{""detection_events"":6276,""detectors_checked"":286720,""obs_mistake_mask=E"":1}"
      4096,         0,         0,   0.020,exact_mw,f32ebecd8e105e50ec838d33c5ed9b45444b6b44a3c6ac541111079f2b14e893,"{""distance"":5,""physical_error_rate"":5e-05}","{""detection_events"":222,""detectors_checked"":917504}"
       128,         0,         0,   0.671,exact_mw,72230d8c06b5a71069df48ede6f7f3e6128cd83e8239dd1b2e5fe023578b6eb1,"{""distance"":5,""physical_error_rate"":0.01}","{""detection_events"":1310,""detectors_checked"":28672}"
       512,         6,         0,    2.82,exact_mw,72230d8c06b5a71069df48ede6f7f3e6128cd83e8239dd1b2e5fe023578b6eb1,"{""distance"":5,""physical_error_rate"":0.01}","{""detection_events"":4845,""detectors_checked"":114688,""obs_mistake_mask=E"":6}"
      1024,         0,         0,    2.68,exact_mw,38b7ae1c4e8407fc325e0d9e43e9f92ff26dcb3f5cf7b98d24ea74c9e5188d39,"{""distance"":5,""physical_error_rate"":0.005}","{""detection_events"":5018,""detectors_checked"":229376}"
     14336,         0,         0,   0.439,exact_mw,f32ebecd8e105e50ec838d33c5ed9b45444b6b44a3c6ac541111079f2b14e893,"{""distance"":5,""physical_error_rate"":5e-05}","{""detection_events"":648,""detectors_checked"":3211264}"
        64,         5,         0,   0.692,exact_mw,7b4896c0e7f0a510554d89637fd747b157418067a95869d1f0661294d473d1dc,"{""distance"":5,""physical_error_rate"":0.02}","{""detection_events"":1071,""detectors_checked"":14336,""obs_mistake_mask=E"":5}"
      6144,         0,         0,   0.047,exact_mw,f32ebecd8e105e50ec838d33c5ed9b45444b6b44a3c6ac541111079f2b14e893,"{""distance"":5,""physical_error_rate"":5e-05}","{""detection_events"":310,""detectors_checked"":1376256}"
      1536,         0,         0,    2.62,exact_mw,38b7ae1c4e8407fc325e0d9e43e9f92ff26dcb3f5cf7b98d24ea74c9e5188d39,"{""distance"":5,""physical_error_rate"":0.005}","{""detection_events"":7508,""detectors_checked"":344064}"
      7168,         0,         0,   0.055,exact_mw,f32ebecd8e105e50ec838d33c5ed9b45444b6b44a3c6ac541111079f2b14e893,"{""distance"":5,""physical_error_rate"":5e-05}","{""detection_events"":380,""detectors_checked"":1605632}"
     17408,         0,         0,    3.11,exact_mw,3208f56225bbcac0e2804eb6f92d0a8b681652a702ca1ec920ccd7367f0e0899,"{""distance"":5,""physical_error_rate"":0.002}","{""detection_events"":34051,""detectors_checked"":3899392}"
      1024,         0,         0,   0.171,exact_mw,3208f56225bbcac0e2804eb6f92d0a8b681652a702ca1ec920ccd7367f0e0899,"{""distance"":5,""physical_error_rate"":0.002}","{""detection_events"":1980,""detectors_checked"":229376}"
        64,         1,         0,   0.766,exact_mw,7b4896c0e7f0a510554d89637fd747b157418067a95869d1f0661294d473d1dc,"{""distance"":5,""physical_error_rate"":0.02}","{""detection_events"":1184,""detectors_checked"":14336,""obs_mistake_mask=E"":1}"
       128,         3,         0,    1.62,exact_mw,72230d8c06b5a71069df48ede6f7f3e6128cd83e8239dd1b2e5fe023578b6eb1,"{""distance"":5,""physical_error_rate"":0.01}","{""detection_events"":1243,""detectors_checked"":28672,""obs_mistake_mask=E"":3}"
      9216,         3,         0,    2.21,exact_mw,3208f56225bbcac0e2804eb6f92d0a8b681652a702ca1ec920ccd7367f0e0899,"{""distance"":5,""physical_error_rate"":0.002}","{""detection_events"":18121,""detectors_checked"":2064384,""obs_mistake_mask=E"":3}"
      9216,         0,         0,   0.079,exact_mw,f32ebecd8e105e50ec838d33c5ed9b45444b6b44a3c6ac541111079f2b14e893,"{""distance"":5,""physical_error_rate"":5e-05}","{""detection_events"":438,""detectors_checked"":2064384}"
      2048,         0,         0,   0.525,exact_mw,3208f56225bbcac0e2804eb6f92d0a8b681652a702ca1ec920ccd7367f0e0899,"{""distance"":5,""physical_error_rate"":0.002}","{""detection_events"":4034,""detectors_checked"":458752}"
      1024,         0,         0,    2.30,exact_mw,38b7ae1c4e8407fc325e0d9e43e9f92ff26dcb3f5cf7b98d24ea74c9e5188d39,"{""distance"":5,""physical_error_rate"":0.005}","{""detection_events"":4879,""detectors_checked"":229376}"
    282624,         0,         0,    3.02,exact_mw,70a969f5042aec17ac076c6379f4170fb7c69b8e925756ef3b7334e28a33338b,"{""distance"":5,""physical_error_rate"":0.0001}","{""detection_events"":27327,""detectors_checked"":63307776}"
       256,         0,         0,    1.75,exact_mw,72230d8c06b5a71069df48ede6f7f3e6128cd83e8239dd1b2e5fe023578b6eb1,"{""distance"":5,""physical_error_rate"":0.01}","{""detection_events"":2328,""detectors_checked"":57344}"
     16384,         0,         0,   0.125,exact_mw,f32ebecd8e105e50ec838d33c5ed9b45444b6b44a3c6ac541111079f2b14e893,"{""distance"":5,""physical_error_rate"":5e-05}","{""detection_events"":769,""detectors_checked"":3670016}"
    171008,         0,         0,    2.95,exact_mw,cb12ae119b9b2ba18d0216e7235b403229e92fd0743ede48fe7f1a2c6f45d594,"{""distance"":5,""physical_error_rate"":0.0005}","{""detection_events"":84226,""detectors_checked"":38305792}"
      6144,         0,         0,    3.43,exact_mw,3208f56225bbcac0e2804eb6f92d0a8b681652a702ca1ec920ccd7367f0e0899,"{""distance"":5,""physical_error_rate"":0.002}","{""detection_events"":12003,""detectors_checked"":1376256}"
    398336,         0,         0,    4.25,exact_mw,f32ebecd8e105e50ec838d33c5ed9b45444b6b44a3c6ac541111079f2b14e893,"{""distance"":5,""physical_error_rate"":5e-05}","{""detection_events"":19560,""detectors_checked"":89227264}"
       512,         0,         0,    1.20,exact_mw,38b7ae1c4e8407fc325e0d9e43e9f92ff26dcb3f5cf7b98d24ea74c9e5188d39,"{""distance"":5,""physical_error_rate"":0.005}","{""detection_events"":2553,""detectors_checked"":114688}"
        64,         0,         0,   0.662,exact_mw,72230d8c06b5a71069df48ede6f7f3e6128cd83e8239dd1b2e5fe023578b6eb1,"{""distance"":5,""physical_error_rate"":0.01}","{""detection_events"":579,""detectors_checked"":14336}"
     24576,         0,         0,    1.13,exact_mw,bb90ec3459e353008cf9a5bb9142bf1e8515517a9e167021b225104594e48e8a,"{""distance"":5,""physical_error_rate"":0.001}","{""detection_events"":24424,""detectors_checked"":5505024}"
      1024,         0,         0,   0.251,exact_mw,3208f56225bbcac0e2804eb6f92d0a8b681652a702ca1ec920ccd7367f0e0899,"{""distance"":5,""physical_error_rate"":0.002}","{""detection_events"":2005,""detectors_checked"":229376}"
    158720,         0,         0,    3.04,exact_mw,cb12ae119b9b2ba18d0216e7235b403229e92fd0743ede48fe7f1a2c6f45d594,"{""distance"":5,""physical_error_rate"":0.0005}","{""detection_events"":78966,""detectors_checked"":35553280}"
     25600,         0,         0,    1.15,exact_mw,70a969f5042aec17ac076c6379f4170fb7c69b8e925756ef3b7334e28a33338b,"{""distance"":5,""physical_error_rate"":0.0001}","{""detection_events"":2663,""detectors_checked"":5734400}"
       128,         1,         0,   0.802,exact_mw,72230d8c06b5a71069df48ede6f7f3e6128cd83e8239dd1b2e5fe023578b6eb1,"{""distance"":5,""physical_error_rate"":0.01}","{""detection_events"":1079,""detectors_checked"":28672,""obs_mistake_mask=E"":1}"
       128,         0,         0,   0.567,exact_mw,38b7ae1c4e8407fc325e0d9e43e9f92ff26dcb3f5cf7b98d24ea74c9e5188d39,"{""distance"":5,""physical_error_rate"":0.005}","{""detection_events"":685,""detectors_checked"":28672}"
       273,         0,         0,   0.023,exact_mw,bb90ec3459e353008cf9a5bb9142bf1e8515517a9e167021b225104594e48e8a,"{""distance"":5,""physical_error_rate"":0.001}","{""detection_events"":245,""detectors_checked"":61152}"
      3072,         1,         0,   0.771,exact_mw,3208f56225bbcac0e2804eb6f92d0a8b681652a702ca1ec920ccd7367f0e0899,"{""distance"":5,""physical_error_rate"":0.002}","{""detection_events"":6087,""detectors_checked"":688128,""obs_mistake_mask=E"":1}"
     19456,         0,         0,   0.142,exact_mw,f32ebecd8e105e50ec838d33c5ed9b45444b6b44a3c6ac541111079f2b14e893,"{""distance"":5,""physical_error_rate"":5e-05}","{""detection_events"":1025,""detectors_checked"":4358144}"
    142336,         0,         0,    4.20,exact_mw,70a969f5042aec17ac076c6379f4170fb7c69b8e925756ef3b7334e28a33338b,"{""distance"":5,""physical_error_rate"":0.0001}","{""detection_events"":14363,""detectors_checked"":31883264}"
     26624,         0,         0,    1.15,exact_mw,f32ebecd8e105e50ec838d33c5ed9b45444b6b44a3c6ac541111079f2b14e893,"{""distance"":5,""physical_error_rate"":5e-05}","{""detection_events"":1406,""detectors_checked"":5963776}"
     13312,         0,         0,   0.517,exact_mw,70a969f5042aec17ac076c6379f4170fb7c69b8e925756ef3b7334e28a33338b,"{""distance"":5,""physical_error_rate"":0.0001}","{""detection_events"":1428,""detectors_checked"":2981888}"
      1024,         0,         0,   0.056,exact_mw,bb90ec3459e353008cf9a5bb9142bf1e8515517a9e167021b225104594e48e8a,"{""distance"":5,""physical_error_rate"":0.001}","{""detection_events"":1061,""detectors_checked"":229376}"
        64,         1,         0,    2.35,exact_mw,7b4896c0e7f0a510554d89637fd747b157418067a95869d1f0661294d473d1dc,"{""distance"":5,""physical_error_rate"":0.02}","{""detection_events"":1132,""detectors_checked"":14336,""obs_mistake_mask=E"":1}"
     37888,         0,         0,    1.54,exact_mw,cb12ae119b9b2ba18d0216e7235b403229e92fd0743ede48fe7f1a2c6f45d594,"{""distance"":5,""physical_error_rate"":0.0005}","{""detection_events"":18721,""detectors_checked"":8486912}"
      1024,         0,         0,   0.031,exact_mw,bb90ec3459e353008cf9a5bb9142bf1e8515517a9e167021b225104594e48e8a,"{""distance"":5,""physical_error_rate"":0.001}","{""detection_events"":1049,""detectors_checked"":229376}"
      4096,         0,         0,   0.837,exact_mw,3208f56225bbcac0e2804eb6f92d0a8b681652a702ca1ec920ccd7367f0e0899,"{""distance"":5,""physical_error_rate"":0.002}","{""detection_events"":7822,""detectors_checked"":917504}"
     17408,         0,         0,   0.831,exact_mw,cdc4a450a40af8e24899239080e4c40992fb5baf91c5a31ab3a165eacb3a1ab3,"{""distance"":5,""physical_error_rate"":0.0002}","{""detection_events"":3385,""detectors_checked"":3899392}"
        64,         0,         0,   0.941,exact_mw,72230d8c06b5a71069df48ede6f7f3e6128cd83e8239dd1b2e5fe023578b6eb1,"{""distance"":5,""physical_error_rate"":0.01}","{""detection_events"":556,""detectors_checked"":14336}"
      1024,         0,         0,   0.056,exact_mw,bb90ec3459e353008cf9a5bb9142bf1e8515517a9e167021b225104594e48e8a,"{""distance"":5,""physical_error_rate"":0.001}","{""detection_events"":1054,""detectors_checked"":229376}"
     20480,         0,         0,   0.584,exact_mw,f32ebecd8e105e50ec838d33c5ed9b45444b6b44a3c6ac541111079f2b14e893,"{""distance"":5,""physical_error_rate"":5e-05}","{""detection_events"":1011,""detectors_checked"":4587520}"
      1024,         0,         0,   0.201,exact_mw,3208f56225bbcac0e2804eb6f92d0a8b681652a702ca1ec920ccd7367f0e0899,"{""distance"":5,""physical_error_rate"":0.002}","{""detection_events"":2051,""detectors_checked"":229376}"
      1024,         0,         0,   0.054,exact_mw,bb90ec3459e353008cf9a5bb9142bf1e8515517a9e167021b225104594e48e8a,"{""distance"":5,""physical_error_rate"":0.001}","{""detection_events"":1023,""detectors_checked"":229376}"
     26624,         0,         0,    1.15,exact_mw,70a969f5042aec17ac076c6379f4170fb7c69b8e925756ef3b7334e28a33338b,"{""distance"":5,""physical_error_rate"":0.0001}","{""detection_events"":2553,""detectors_checked"":5963776}"
    222208,         0,         0,    4.18,exact_mw,cb12ae119b9b2ba18d0216e7235b403229e92fd0743ede48fe7f1a2c6f45d594,"{""distance"":5,""physical_error_rate"":0.0005}","{""detection_events"":108864,""detectors_checked"":49774592}"
        64,         5,         0,   0.823,exact_mw,7b4896c0e7f0a510554d89637fd747b157418067a95869d1f0661294d473d1dc,"{""distance"":5,""physical_error_rate"":0.02}","{""detection_events"":1142,""detectors_checked"":14336,""obs_mistake_mask=E"":5}"
     24576,         0,         0,   0.215,exact_mw,f32ebecd8e105e50ec838d33c5ed9b45444b6b44a3c6ac541111079f2b14e893,"{""distance"":5,""physical_error_rate"":5e-05}","{""detection_events"":1320,""detectors_checked"":5505024}"
    205824,         0,         0,    2.98,exact_mw,cdc4a450a40af8e24899239080e4c40992fb5baf91c5a31ab3a165eacb3a1ab3,"{""distance"":5,""physical_error_rate"":0.0002}","{""detection_events"":41031,""detectors_checked"":46104576}"
        64,         0,         0,   0.650,exact_mw,7b4896c0e7f0a510554d89637fd747b157418067a95869d1f0661294d473d1dc,"{""distance"":5,""physical_error_rate"":0.02}","{""detection_events"":1178,""detectors_checked"":14336}"
      2048,         0,         0,   0.057,exact_mw,bb90ec3459e353008cf9a5bb9142bf1e8515517a9e167021b225104594e48e8a,"{""distance"":5,""physical_error_rate"":0.001}","{""detection_events"":1970,""detectors_checked"":458752}"
       128,         1,         0,   0.720,exact_mw,72230d8c06b5a71069df48ede6f7f3e6128cd83e8239dd1b2e5fe023578b6eb1,"{""distance"":5,""physical_error_rate"":0.01}","{""detection_events"":1179,""detectors_checked"":28672,""obs_mistake_mask=E"":1}"
     34816,         0,         0,    1.60,exact_mw,f32ebecd8e105e50ec838d33c5ed9b45444b6b44a3c6ac541111079f2b14e893,"{""distance"":5,""physical_error_rate"":5e-05}","{""detection_events"":1725,""detectors_checked"":7798784}"
    121856,         0,         0,    3.06,exact_mw,cdc4a450a40af8e24899239080e4c40992fb5baf91c5a31ab3a165eacb3a1ab3,"{""distance"":5,""physical_error_rate"":0.0002}","{""detection_events"":24195,""detectors_checked"":27295744}"
    400384,         0,         0,    1.10,exact_mw,cdc4a450a40af8e24899239080e4c40992fb5baf91c5a31ab3a165eacb3a1ab3,"{""distance"":5,""physical_error_rate"":0.0002}","{""detection_events"":79194,""detectors_checked"":89686016}"
      1024,         0,         0,    2.34,exact_mw,38b7ae1c4e8407fc325e0d9e43e9f92ff26dcb3f5cf7b98d24ea74c9e5188d39,"{""distance"":5,""physical_error_rate"":0.005}","{""detection_events"":4677,""detectors_checked"":229376}"
       128,         0,         0,   0.921,exact_mw,72230d8c06b5a71069df48ede6f7f3e6128cd83e8239dd1b2e5fe023578b6eb1,"{""distance"":5,""physical_error_rate"":0.01}","{""detection_events"":1219,""detectors_checked"":28672}"
    222208,         0,         0,    2.95,exact_mw,cb12ae119b9b2ba18d0216e7235b403229e92fd0743ede48fe7f1a2c6f45d594,"{""distance"":5,""physical_error_rate"":0.0005}","{""detection_events"":108587,""detectors_checked"":49774592}"
      2048,         0,         0,   0.574,exact_mw,3208f56225bbcac0e2804eb6f92d0a8b681652a702ca1ec920ccd7367f0e0899,"{""distance"":5,""physical_error_rate"":0.002}","{""detection_events"":4010,""detectors_checked"":458752}"
         1,         0,         0,   0.021,exact_mw,38b7ae1c4e8407fc325e0d9e43e9f92ff26dcb3f5cf7b98d24ea74c9e5188d39,"{""distance"":5,""physical_error_rate"":0.005}","{""detection_events"":10,""detectors_checked"":224}"
         1,         0,         0,   0.020,exact_mw,38b7ae1c4e8407fc325e0d9e43e9f92ff26dcb3f5cf7b98d24ea74c9e5188d39,"{""distance"":5,""physical_error_rate"":0.005}","{""detection_events"":4,""detectors_checked"":224}"
      2048,         0,         0,   0.085,exact_mw,bb90ec3459e353008cf9a5bb9142bf1e8515517a9e167021b225104594e48e8a,"{""distance"":5,""physical_error_rate"":0.001}","{""detection_events"":2158,""detectors_checked"":458752}"
       128,         0,         0,   0.352,exact_mw,38b7ae1c4e8407fc325e0d9e43e9f92ff26dcb3f5cf7b98d24ea74c9e5188d39,"{""distance"":5,""physical_error_rate"":0.005}","{""detection_events"":586,""detectors_checked"":28672}"
        16,         0,         0,   0.026,exact_mw,38b7ae1c4e8407fc325e0d9e43e9f92ff26dcb3f5cf7b98d24ea74c9e5188d39,"{""distance"":5,""physical_error_rate"":0.005}","{""detection_events"":70,""detectors_checked"":3584}"
        16,         0,         0,   0.051,exact_mw,38b7ae1c4e8407fc325e0d9e43e9f92ff26dcb3f5cf7b98d24ea74c9e5188d39,"{""distance"":5,""physical_error_rate"":0.005}","{""detection_events"":82,""detectors_checked"":3584}"
      1024,         0,         0,   0.225,exact_mw,3208f56225bbcac0e2804eb6f92d0a8b681652a702ca1ec920ccd7367f0e0899,"{""distance"":5,""physical_error_rate"":0.002}","{""detection_events"":2078,""detectors_checked"":229376}"
     99328,         0,         0,    1.54,exact_mw,cdc4a450a40af8e24899239080e4c40992fb5baf91c5a31ab3a165eacb3a1ab3,"{""distance"":5,""physical_error_rate"":0.0002}","{""detection_events"":19528,""detectors_checked"":22249472}"
       192,         8,         0,    1.62,exact_mw,7b4896c0e7f0a510554d89637fd747b157418067a95869d1f0661294d473d1dc,"{""distance"":5,""physical_error_rate"":0.02}","{""detection_events"":3554,""detectors_checked"":43008,""obs_mistake_mask=E"":8}"
       512,         0,         0,    2.68,exact_mw,38b7ae1c4e8407fc325e0d9e43e9f92ff26dcb3f5cf7b98d24ea74c9e5188d39,"{""distance"":5,""physical_error_rate"":0.005}","{""detection_events"":2328,""detectors_checked"":114688}"
      2048,         0,         0,   0.108,exact_mw,bb90ec3459e353008cf9a5bb9142bf1e8515517a9e167021b225104594e48e8a,"{""distance"":5,""physical_error_rate"":0.001}","{""detection_events"":2012,""detectors_checked"":458752}"
        64,         0,         0,   0.542,exact_mw,72230d8c06b5a71069df48ede6f7f3e6128cd83e8239dd1b2e5fe023578b6eb1,"{""distance"":5,""physical_error_rate"":0.01}","{""detection_events"":608,""detectors_checked"":14336}"
        64,         1,         0,    1.30,exact_mw,7b4896c0e7f0a510554d89637fd747b157418067a95869d1f0661294d473d1dc,"{""distance"":5,""physical_error_rate"":0.02}","{""detection_events"":1059,""detectors_checked"":14336,""obs_mistake_mask=E"":1}"
         1,         0,         0,   0.024,exact_mw,72230d8c06b5a71069df48ede6f7f3e6128cd83e8239dd1b2e5fe023578b6eb1,"{""distance"":5,""physical_error_rate"":0.01}","{""detection_events"":18,""detectors_checked"":224}"
     35840,         0,         0,   0.295,exact_mw,f32ebecd8e105e50ec838d33c5ed9b45444b6b44a3c6ac541111079f2b14e893,"{""distance"":5,""physical_error_rate"":5e-05}","{""detection_events"":1847,""detectors_checked"":8028160}"
    100352,         0,         0,    3.05,exact_mw,70a969f5042aec17ac076c6379f4170fb7c69b8e925756ef3b7334e28a33338b,"{""distance"":5,""physical_error_rate"":0.0001}","{""detection_events"":9776,""detectors_checked"":22478848}"
      4096,         0,         0,   0.169,exact_mw,bb90ec3459e353008cf9a5bb9142bf1e8515517a9e167021b225104594e48e8a,"{""distance"":5,""physical_error_rate"":0.001}","{""detection_events"":3985,""detectors_checked"":917504}"
        64,         2,         0,    2.51,exact_mw,7b4896c0e7f0a510554d89637fd747b157418067a95869d1f0661294d473d1dc,"{""distance"":5,""physical_error_rate"":0.02}","{""detection_events"":1066,""detectors_checked"":14336,""obs_mistake_mask=E"":2}"
        64,         2,         0,   0.916,exact_mw,7b4896c0e7f0a510554d89637fd747b157418067a95869d1f0661294d473d1dc,"{""distance"":5,""physical_error_rate"":0.02}","{""detection_events"":1119,""detectors_checked"":14336,""obs_mistake_mask=E"":2}"
    223232,         0,         0,    4.25,exact_mw,cb12ae119b9b2ba18d0216e7235b403229e92fd0743ede48fe7f1a2c6f45d594,"{""distance"":5,""physical_error_rate"":0.0005}","{""detection_events"":110341,""detectors_checked"":50003968}"
      1024,         0,         0,   0.253,exact_mw,3208f56225bbcac0e2804eb6f92d0a8b681652a702ca1ec920ccd7367f0e0899,"{""distance"":5,""physical_error_rate"":0.002}","{""detection_events"":1988,""detectors_checked"":229376}"
        64,         1,         0,    1.79,exact_mw,72230d8c06b5a71069df48ede6f7f3e6128cd83e8239dd1b2e5fe023578b6eb1,"{""distance"":5,""physical_error_rate"":0.01}","{""detection_events"":618,""detectors_checked"":14336,""obs_mistake_mask=E"":1}"
        16,         0,         0,   0.149,exact_mw,72230d8c06b5a71069df48ede6f7f3e6128cd83e8239dd1b2e5fe023578b6eb1,"{""distance"":5,""physical_error_rate"":0.01}","{""detection_events"":178,""detectors_checked"":3584}"
       128,         0,         0,   0.300,exact_mw,38b7ae1c4e8407fc325e0d9e43e9f92ff26dcb3f5cf7b98d24ea74c9e5188d39,"{""distance"":5,""physical_error_rate"":0.005}","{""detection_events"":624,""detectors_checked"":28672}"
      6144,         1,         0,    3.31,exact_mw,3208f56225bbcac0e2804eb6f92d0a8b681652a702ca1ec920ccd7367f0e0899,"{""distance"":5,""physical_error_rate"":0.002}","{""detection_events"":12271,""detectors_checked"":1376256,""obs_mistake_mask=E"":1}"
       128,         4,         0,    1.73,exact_mw,7b4896c0e7f0a510554d89637fd747b157418067a95869d1f0661294d473d1dc,"{""distance"":5,""physical_error_rate"":0.02}","{""detection_events"":2370,""detectors_checked"":28672,""obs_mistake_mask=E"":4}"
        17,         0,         0,   0.036,exact_mw,72230d8c06b5a71069df48ede6f7f3e6128cd83e8239dd1b2e5fe023578b6eb1,"{""distance"":5,""physical_error_rate"":0.01}","{""detection_events"":157,""detectors_checked"":3808}"
       128,         1,         0,   0.421,exact_mw,38b7ae1c4e8407fc325e0d9e43e9f92ff26dcb3f5cf7b98d24ea74c9e5188d39,"{""distance"":5,""physical_error_rate"":0.005}","{""detection_events"":596,""detectors_checked"":28672,""obs_mistake_mask=E"":1}"
    314368,         0,         0,    4.19,exact_mw,f32ebecd8e105e50ec838d33c5ed9b45444b6b44a3c6ac541111079f2b14e893,"{""distance"":5,""physical_error_rate"":5e-05}","{""detection_events"":15314,""detectors_checked"":70418432}"
     88064,         1,         0,    3.00,exact_mw,bb90ec3459e353008cf9a5bb9142bf1e8515517a9e167021b225104594e48e8a,"{""distance"":5,""physical_error_rate"":0.001}","{""detection_events"":86054,""detectors_checked"":19726336,""obs_mistake_mask=E"":1}"
       128,         0,         0,   0.823,exact_mw,72230d8c06b5a71069df48ede6f7f3e6128cd83e8239dd1b2e5fe023578b6eb1,"{""distance"":5,""physical_error_rate"":0.01}","{""detection_events"":1169,""detectors_checked"":28672}"
         1,         0,         0,   0.000,exact_mw,cb12ae119b9b2ba18d0216e7235b403229e92fd0743ede48fe7f1a2c6f45d594,"{""distance"":5,""physical_error_rate"":0.0005}","{""detectors_checked"":224}"
     18432,         0,         0,   0.807,exact_mw,70a969f5042aec17ac076c6379f4170fb7c69b8e925756ef3b7334e28a33338b,"{""distance"":5,""physical_error_rate"":0.0001}","{""detection_events"":1670,""detectors_checked"":4128768}"
      1296,         0,         0,   0.026,exact_mw,cb12ae119b9b2ba18d0216e7235b403229e92fd0743ede48fe7f1a2c6f45d594,"{""distance"":5,""physical_error_rate"":0.0005}","{""detection_events"":675,""detectors_checked"":290304}"
     12288,         1,         0,    3.07,exact_mw,3208f56225bbcac0e2804eb6f92d0a8b681652a702ca1ec920ccd7367f0e0899,"{""distance"":5,""physical_error_rate"":0.002}","{""detection_events"":24596,""detectors_checked"":2752512,""obs_mistake_mask=E"":1}"
      7168,         0,         0,   0.255,exact_mw,bb90ec3459e353008cf9a5bb9142bf1e8515517a9e167021b225104594e48e8a,"{""distance"":5,""physical_error_rate"":0.001}","{""detection_events"":7188,""detectors_checked"":1605632}"
    131072,         0,         0,    1.57,exact_mw,cb12ae119b9b2ba18d0216e7235b403229e92fd0743ede48fe7f1a2c6f45d594,"{""distance"":5,""physical_error_rate"":0.0005}","{""detection_events"":63785,""detectors_checked"":29360128}"
      2048,         0,         0,   0.032,exact_mw,cb12ae119b9b2ba18d0216e7235b403229e92fd0743ede48fe7f1a2c6f45d594,"{""distance"":5,""physical_error_rate"":0.0005}","{""detection_events"":939,""detectors_checked"":458752}"
       384,         3,         0,    2.20,exact_mw,72230d8c06b5a71069df48ede6f7f3e6128cd83e8239dd1b2e5fe023578b6eb1,"{""distance"":5,""physical_error_rate"":0.01}","{""detection_events"":3641,""detectors_checked"":86016,""obs_mistake_mask=E"":3}"
      2048,         0,         0,   0.027,exact_mw,cb12ae119b9b2ba18d0216e7235b403229e92fd0743ede48fe7f1a2c6f45d594,"{""distance"":5,""physical_error_rate"":0.0005}","{""detection_events"":918,""detectors_checked"":458752}"
        64,         2,         0,   0.671,exact_mw,7b4896c0e7f0a510554d89637fd747b157418067a95869d1f0661294d473d1dc,"{""distance"":5,""physical_error_rate"":0.02}","{""detection_events"":1208,""detectors_checked"":14336,""obs_mistake_mask=E"":2}"
       192,         3,         0,    2.50,exact_mw,7b4896c0e7f0a510554d89637fd747b157418067a95869d1f0661294d473d1dc,"{""distance"":5,""physical_error_rate"":0.02}","{""detection_events"":3379,""detectors_checked"":43008,""obs_mistake_mask=E"":3}"
       256,         0,         0,   0.575,exact_mw,38b7ae1c4e8407fc325e0d9e43e9f92ff26dcb3f5cf7b98d24ea74c9e5188d39,"{""distance"":5,""physical_error_rate"":0.005}","{""detection_events"":1227,""detectors_checked"":57344}"
     50176,         0,         0,   0.405,exact_mw,f32ebecd8e105e50ec838d33c5ed9b45444b6b44a3c6ac541111079f2b14e893,"{""distance"":5,""physical_error_rate"":5e-05}","{""detection_events"":2675,""detectors_checked"":11239424}"
    392192,         0,         0,    4.23,exact_mw,70a969f5042aec17ac076c6379f4170fb7c69b8e925756ef3b7334e28a33338b,"{""distance"":5,""physical_error_rate"":0.0001}","{""detection_events"":38943,""detectors_checked"":87851008}"
      2048,         0,         0,   0.049,exact_mw,cb12ae119b9b2ba18d0216e7235b403229e92fd0743ede48fe7f1a2c6f45d594,"{""distance"":5,""physical_error_rate"":0.0005}","{""detection_events"":1147,""detectors_checked"":458752}"
     53248,         0,         0,    1.76,exact_mw,bb90ec3459e353008cf9a5bb9142bf1e8515517a9e167021b225104594e48e8a,"{""distance"":5,""physical_error_rate"":0.001}","{""detection_events"":52063,""detectors_checked"":11927552}"
      1024,         0,         0,   0.326,exact_mw,3208f56225bbcac0e2804eb6f92d0a8b681652a702ca1ec920ccd7367f0e0899,"{""distance"":5,""physical_error_rate"":0.002}","{""detection_events"":2160,""detectors_checked"":229376}"
    117760,         0,         0,    1.49,exact_mw,f32ebecd8e105e50ec838d33c5ed9b45444b6b44a3c6ac541111079f2b14e893,"{""distance"":5,""physical_error_rate"":5e-05}","{""detection_events"":5656,""detectors_checked"":26378240}"
       128,         3,         0,    1.64,exact_mw,7b4896c0e7f0a510554d89637fd747b157418067a95869d1f0661294d473d1dc,"{""distance"":5,""physical_error_rate"":0.02}","{""detection_events"":2362,""detectors_checked"":28672,""obs_mistake_mask=E"":3}"
        64,         0,         0,   0.877,exact_mw,72230d8c06b5a71069df48ede6f7f3e6128cd83e8239dd1b2e5fe023578b6eb1,"{""distance"":5,""physical_error_rate"":0.01}","{""detection_events"":572,""detectors_checked"":14336}"
      4096,         0,         0,    1.01,exact_mw,3208f56225bbcac0e2804eb6f92d0a8b681652a702ca1ec920ccd7367f0e0899,"{""distance"":5,""physical_error_rate"":0.002}","{""detection_events"":8077,""detectors_checked"":917504}"
     25600,         0,         0,   0.845,exact_mw,f32ebecd8e105e50ec838d33c5ed9b45444b6b44a3c6ac541111079f2b14e893,"{""distance"":5,""physical_error_rate"":5e-05}","{""detection_events"":1276,""detectors_checked"":5734400}"
    143360,         0,         0,    1.56,exact_mw,f32ebecd8e105e50ec838d33c5ed9b45444b6b44a3c6ac541111079f2b14e893,"{""distance"":5,""physical_error_rate"":5e-05}","{""detection_events"":6966,""detectors_checked"":32112640}"
        64,         0,         0,   0.569,exact_mw,72230d8c06b5a71069df48ede6f7f3e6128cd83e8239dd1b2e5fe023578b6eb1,"{""distance"":5,""physical_error_rate"":0.01}","{""detection_events"":606,""detectors_checked"":14336}"
     25600,         0,         0,    1.57,exact_mw,bb90ec3459e353008cf9a5bb9142bf1e8515517a9e167021b225104594e48e8a,"{""distance"":5,""physical_error_rate"":0.001}","{""detection_events"":25060,""detectors_checked"":5734400}"
      4096,         0,         0,   0.073,exact_mw,cb12ae119b9b2ba18d0216e7235b403229e92fd0743ede48fe7f1a2c6f45d594,"{""distance"":5,""physical_error_rate"":0.0005}","{""detection_events"":1929,""detectors_checked"":917504}"
        64,         1,         0,   0.872,exact_mw,7b4896c0e7f0a510554d89637fd747b157418067a95869d1f0661294d473d1dc,"{""distance"":5,""physical_error_rate"":0.02}","{""detection_events"":1092,""detectors_checked"":14336,""obs_mistake_mask=E"":1}"
       128,         1,         0,   0.811,exact_mw,72230d8c06b5a71069df48ede6f7f3e6128cd83e8239dd1b2e5fe023578b6eb1,"{""distance"":5,""physical_error_rate"":0.01}","{""detection_events"":1242,""detectors_checked"":28672,""obs_mistake_mask=E"":1}"
      3072,         0,         0,   0.773,exact_mw,3208f56225bbcac0e2804eb6f92d0a8b681652a702ca1ec920ccd7367f0e0899,"{""distance"":5,""physical_error_rate"":0.002}","{""detection_events"":6001,""detectors_checked"":688128}"
         1,         0,         0,   0.000,exact_mw,cb12ae119b9b2ba18d0216e7235b403229e92fd0743ede48fe7f1a2c6f45d594,"{""distance"":5,""physical_error_rate"":0.0005}","{""detectors_checked"":224}"
        17,         0,         0,   0.060,exact_mw,38b7ae1c4e8407fc325e0d9e43e9f92ff26dcb3f5cf7b98d24ea74c9e5188d39,"{""distance"":5,""physical_error_rate"":0.005}","{""detection_events"":118,""detectors_checked"":3808}"
      4096,         0,         0,   0.076,exact_mw,cb12ae119b9b2ba18d0216e7235b403229e92fd0743ede48fe7f1a2c6f45d594,"{""distance"":5,""physical_error_rate"":0.0005}","{""detection_events"":2000,""detectors_checked"":917504}"
       128,         0,         0,   0.355,exact_mw,38b7ae1c4e8407fc325e0d9e43e9f92ff26dcb3f5cf7b98d24ea74c9e5188d39,"{""distance"":5,""physical_error_rate"":0.005}","{""detection_events"":618,""detectors_checked"":28672}"
      1296,         0,         0,   0.026,exact_mw,cb12ae119b9b2ba18d0216e7235b403229e92fd0743ede48fe7f1a2c6f45d594,"{""distance"":5,""physical_error_rate"":0.0005}","{""detection_events"":748,""detectors_checked"":290304}"
     13312,         1,         0,    3.07,exact_mw,3208f56225bbcac0e2804eb6f92d0a8b681652a702ca1ec920ccd7367f0e0899,"{""distance"":5,""physical_error_rate"":0.002}","{""detection_events"":25512,""detectors_checked"":2981888,""obs_mistake_mask=E"":1}"
    388096,         0,         0,    4.24,exact_mw,70a969f5042aec17ac076c6379f4170fb7c69b8e925756ef3b7334e28a33338b,"{""distance"":5,""physical_error_rate"":0.0001}","{""detection_events"":37783,""detectors_checked"":86933504}"
        64,         0,         0,   0.472,exact_mw,72230d8c06b5a71069df48ede6f7f3e6128cd83e8239dd1b2e5fe023578b6eb1,"{""distance"":5,""physical_error_rate"":0.01}","{""detection_events"":623,""detectors_checked"":14336}"
      1024,         0,         0,   0.026,exact_mw,cb12ae119b9b2ba18d0216e7235b403229e92fd0743ede48fe7f1a2c6f45d594,"{""distance"":5,""physical_error_rate"":0.0005}","{""detection_events"":526,""detectors_checked"":229376}"
      7168,         1,         0,   0.309,exact_mw,bb90ec3459e353008cf9a5bb9142bf1e8515517a9e167021b225104594e48e8a,"{""distance"":5,""physical_error_rate"":0.001}","{""detection_events"":6734,""detectors_checked"":1605632,""obs_mistake_mask=E"":1}"
      2048,         0,         0,   0.047,exact_mw,cb12ae119b9b2ba18d0216e7235b403229e92fd0743ede48fe7f1a2c6f45d594,"{""distance"":5,""physical_error_rate"":0.0005}","{""detection_events"":967,""detectors_checked"":458752}"
      6144,         0,         0,   0.124,exact_mw,cb12ae119b9b2ba18d0216e7235b403229e92fd0743ede48fe7f1a2c6f45d594,"{""distance"":5,""physical_error_rate"":0.0005}","{""detection_events"":2989,""detectors_checked"":1376256}"
      3072,         0,         0,   0.050,exact_mw,cb12ae119b9b2ba18d0216e7235b403229e92fd0743ede48fe7f1a2c6f45d594,"{""distance"":5,""physical_error_rate"":0.0005}","{""detection_events"":1553,""detectors_checked"":688128}"
     24576,         0,         0,    1.12,exact_mw,cdc4a450a40af8e24899239080e4c40992fb5baf91c5a31ab3a165eacb3a1ab3,"{""distance"":5,""physical_error_rate"":0.0002}","{""detection_events"":4862,""detectors_checked"":5505024}"
       192,         7,         0,    2.66,exact_mw,7b4896c0e7f0a510554d89637fd747b157418067a95869d1f0661294d473d1dc,"{""distance"":5,""physical_error_rate"":0.02}","{""detection_events"":3405,""detectors_checked"":43008,""obs_mistake_mask=E"":7}"
       512,         0,         0,    1.36,exact_mw,38b7ae1c4e8407fc325e0d9e43e9f92ff26dcb3f5cf7b98d24ea74c9e5188d39,"{""distance"":5,""physical_error_rate"":0.005}","{""detection_events"":2570,""detectors_checked"":114688}"
        32,         1,         0,   0.621,exact_mw,72230d8c06b5a71069df48ede6f7f3e6128cd83e8239dd1b2e5fe023578b6eb1,"{""distance"":5,""physical_error_rate"":0.01}","{""detection_events"":345,""detectors_checked"":7168,""obs_mistake_mask=E"":1}"
       256,         0,         0,   0.627,exact_mw,38b7ae1c4e8407fc325e0d9e43e9f92ff26dcb3f5cf7b98d24ea74c9e5188d39,"{""distance"":5,""physical_error_rate"":0.005}","{""detection_events"":1405,""detectors_checked"":57344}"
      4096,         0,         0,   0.077,exact_mw,cb12ae119b9b2ba18d0216e7235b403229e92fd0743ede48fe7f1a2c6f45d594,"{""distance"":5,""physical_error_rate"":0.0005}","{""detection_events"":1972,""detectors_checked"":917504}"
       128,         0,         0,   0.211,exact_mw,38b7ae1c4e8407fc325e0d9e43e9f92ff26dcb3f5cf7b98d24ea74c9e5188d39,"{""distance"":5,""physical_error_rate"":0.005}","{""detection_events"":661,""detectors_checked"":28672}"
    436224,         0,         0,    4.09,exact_mw,cdc4a450a40af8e24899239080e4c40992fb5baf91c5a31ab3a165eacb3a1ab3,"{""distance"":5,""physical_error_rate"":0.0002}","{""detection_events"":86110,""detectors_checked"":97714176}"
    137216,         0,         0,    4.18,exact_mw,70a969f5042aec17ac076c6379f4170fb7c69b8e925756ef3b7334e28a33338b,"{""distance"":5,""physical_error_rate"":0.0001}","{""detection_events"":13154,""detectors_checked"":30736384}"
      7168,         1,         0,    1.29,exact_mw,3208f56225bbcac0e2804eb6f92d0a8b681652a702ca1ec920ccd7367f0e0899,"{""distance"":5,""physical_error_rate"":0.002}","{""detection_events"":13713,""detectors_checked"":1605632,""obs_mistake_mask=E"":1}"
      9216,         0,         0,   0.130,exact_mw,cb12ae119b9b2ba18d0216e7235b403229e92fd0743ede48fe7f1a2c6f45d594,"{""distance"":5,""physical_error_rate"":0.0005}","{""detection_events"":4359,""detectors_checked"":2064384}"
       128,         0,         0,   0.278,exact_mw,38b7ae1c4e8407fc325e0d9e43e9f92ff26dcb3f5cf7b98d24ea74c9e5188d39,"{""distance"":5,""physical_error_rate"":0.005}","{""detection_events"":677,""detectors_checked"":28672}"
    313344,         0,         0,    4.20,exact_mw,70a969f5042aec17ac076c6379f4170fb7c69b8e925756ef3b7334e28a33338b,"{""distance"":5,""physical_error_rate"":0.0001}","{""detection_events"":30856,""detectors_checked"":70189056}"
      4096,         0,         0,   0.097,exact_mw,cb12ae119b9b2ba18d0216e7235b403229e92fd0743ede48fe7f1a2c6f45d594,"{""distance"":5,""physical_error_rate"":0.0005}","{""detection_events"":1999,""detectors_checked"":917504}"
      1297,         0,         0,   0.025,exact_mw,f32ebecd8e105e50ec838d33c5ed9b45444b6b44a3c6ac541111079f2b14e893,"{""distance"":5,""physical_error_rate"":5e-05}","{""detection_events"":86,""detectors_checked"":290528}"
      9216,         0,         0,    4.89,exact_mw,3208f56225bbcac0e2804eb6f92d0a8b681652a702ca1ec920ccd7367f0e0899,"{""distance"":5,""physical_error_rate"":0.002}","{""detection_events"":18196,""detectors_checked"":2064384}"
      3072,         0,         0,   0.030,exact_mw,f32ebecd8e105e50ec838d33c5ed9b45444b6b44a3c6ac541111079f2b14e893,"{""distance"":5,""physical_error_rate"":5e-05}","{""detection_events"":145,""detectors_checked"":688128}"
        64,         0,         0,   0.353,exact_mw,72230d8c06b5a71069df48ede6f7f3e6128cd83e8239dd1b2e5fe023578b6eb1,"{""distance"":5,""physical_error_rate"":0.01}","{""detection_events"":529,""detectors_checked"":14336}"
     38912,         0,         0,    1.51,exact_mw,bb90ec3459e353008cf9a5bb9142bf1e8515517a9e167021b225104594e48e8a,"{""distance"":5,""physical_error_rate"":0.001}","{""detection_events"":38751,""detectors_checked"":8716288}"
       256,         0,         0,   0.577,exact_mw,38b7ae1c4e8407fc325e0d9e43e9f92ff26dcb3f5cf7b98d24ea74c9e5188d39,"{""distance"":5,""physical_error_rate"":0.005}","{""detection_events"":1186,""detectors_checked"":57344}"
      2048,         0,         0,   0.027,exact_mw,f32ebecd8e105e50ec838d33c5ed9b45444b6b44a3c6ac541111079f2b14e893,"{""distance"":5,""physical_error_rate"":5e-05}","{""detection_events"":95,""detectors_checked"":458752}"
      2048,         0,         0,   0.546,exact_mw,3208f56225bbcac0e2804eb6f92d0a8b681652a702ca1ec920ccd7367f0e0899,"{""distance"":5,""physical_error_rate"":0.002}","{""detection_events"":4097,""detectors_checked"":458752}"
     69632,         0,         0,   0.565,exact_mw,f32ebecd8e105e50ec838d33c5ed9b45444b6b44a3c6ac541111079f2b14e893,"{""distance"":5,""physical_error_rate"":5e-05}","{""detection_events"":3504,""detectors_checked"":15597568}"
        64,         2,         0,   0.904,exact_mw,7b4896c0e7f0a510554d89637fd747b157418067a95869d1f0661294d473d1dc,"{""distance"":5,""physical_error_rate"":0.02}","{""detection_events"":1094,""detectors_checked"":14336,""obs_mistake_mask=E"":2}"
        64,         1,         0,   0.624,exact_mw,7b4896c0e7f0a510554d89637fd747b157418067a95869d1f0661294d473d1dc,"{""distance"":5,""physical_error_rate"":0.02}","{""detection_events"":1091,""detectors_checked"":14336,""obs_mistake_mask=E"":1}"
      7168,         0,         0,   0.124,exact_mw,cb12ae119b9b2ba18d0216e7235b403229e92fd0743ede48fe7f1a2c6f45d594,"{""distance"":5,""physical_error_rate"":0.0005}","{""detection_events"":3579,""detectors_checked"":1605632}"
      3072,         0,         0,   0.030,exact_mw,f32ebecd8e105e50ec838d33c5ed9b45444b6b44a3c6ac541111079f2b14e893,"{""distance"":5,""physical_error_rate"":5e-05}","{""detection_events"":147,""detectors_checked"":688128}"
     37888,         0,         0,    1.60,exact_mw,70a969f5042aec17ac076c6379f4170fb7c69b8e925756ef3b7334e28a33338b,"{""distance"":5,""physical_error_rate"":0.0001}","{""detection_events"":3608,""detectors_checked"":8486912}"
       384,         4,         0,    2.45,exact_mw,72230d8c06b5a71069df48ede6f7f3e6128cd83e8239dd1b2e5fe023578b6eb1,"{""distance"":5,""physical_error_rate"":0.01}","{""detection_events"":3636,""detectors_checked"":86016,""obs_mistake_mask=E"":4}"
      9216,         0,         0,   0.418,exact_mw,bb90ec3459e353008cf9a5bb9142bf1e8515517a9e167021b225104594e48e8a,"{""distance"":5,""physical_error_rate"":0.001}","{""detection_events"":9155,""detectors_checked"":2064384}"
      4096,         0,         0,   0.053,exact_mw,f32ebecd8e105e50ec838d33c5ed9b45444b6b44a3c6ac541111079f2b14e893,"{""distance"":5,""physical_error_rate"":5e-05}","{""detection_events"":166,""detectors_checked"":917504}"
     66560,         0,         0,    1.45,exact_mw,f32ebecd8e105e50ec838d33c5ed9b45444b6b44a3c6ac541111079f2b14e893,"{""distance"":5,""physical_error_rate"":5e-05}","{""detection_events"":3227,""detectors_checked"":14909440}"
      9216,         0,         0,   0.222,exact_mw,cb12ae119b9b2ba18d0216e7235b403229e92fd0743ede48fe7f1a2c6f45d594,"{""distance"":5,""physical_error_rate"":0.0005}","{""detection_events"":4720,""detectors_checked"":2064384}"
      5120,         0,         0,   0.056,exact_mw,f32ebecd8e105e50ec838d33c5ed9b45444b6b44a3c6ac541111079f2b14e893,"{""distance"":5,""physical_error_rate"":5e-05}","{""detection_events"":305,""detectors_checked"":1146880}"
     87040,         0,         0,    4.27,exact_mw,bb90ec3459e353008cf9a5bb9142bf1e8515517a9e167021b225104594e48e8a,"{""distance"":5,""physical_error_rate"":0.001}","{""detection_events"":85607,""detectors_checked"":19496960}"
      8192,         0,         0,   0.130,exact_mw,cb12ae119b9b2ba18d0216e7235b403229e92fd0743ede48fe7f1a2c6f45d594,"{""distance"":5,""physical_error_rate"":0.0005}","{""detection_events"":3936,""detectors_checked"":1835008}"
       256,         0,         0,   0.392,exact_mw,38b7ae1c4e8407fc325e0d9e43e9f92ff26dcb3f5cf7b98d24ea74c9e5188d39,"{""distance"":5,""physical_error_rate"":0.005}","{""detection_events"":1197,""detectors_checked"":57344}"
      7168,         0,         0,   0.083,exact_mw,f32ebecd8e105e50ec838d33c5ed9b45444b6b44a3c6ac541111079f2b14e893,"{""distance"":5,""physical_error_rate"":5e-05}","{""detection_events"":329,""detectors_checked"":1605632}"
     81920,         0,         0,    1.56,exact_mw,70a969f5042aec17ac076c6379f4170fb7c69b8e925756ef3b7334e28a33338b,"{""distance"":5,""physical_error_rate"":0.0001}","{""detection_events"":7896,""detectors_checked"":18350080}"
       256,         0,         0,   0.473,exact_mw,38b7ae1c4e8407fc325e0d9e43e9f92ff26dcb3f5cf7b98d24ea74c9e5188d39,"{""distance"":5,""physical_error_rate"":0.005}","{""detection_events"":1196,""detectors_checked"":57344}"
    299008,         0,         0,    4.17,exact_mw,f32ebecd8e105e50ec838d33c5ed9b45444b6b44a3c6ac541111079f2b14e893,"{""distance"":5,""physical_error_rate"":5e-05}","{""detection_events"":14443,""detectors_checked"":66977792}"
    556032,         0,         0,    1.54,exact_mw,cdc4a450a40af8e24899239080e4c40992fb5baf91c5a31ab3a165eacb3a1ab3,"{""distance"":5,""physical_error_rate"":0.0002}","{""detection_events"":110708,""detectors_checked"":124551168}"
      9216,         0,         0,   0.089,exact_mw,f32ebecd8e105e50ec838d33c5ed9b45444b6b44a3c6ac541111079f2b14e893,"{""distance"":5,""physical_error_rate"":5e-05}","{""detection_events"":417,""detectors_checked"":2064384}"
       128,         2,         0,   0.776,exact_mw,72230d8c06b5a71069df48ede6f7f3e6128cd83e8239dd1b2e5fe023578b6eb1,"{""distance"":5,""physical_error_rate"":0.01}","{""detection_events"":1269,""detectors_checked"":28672,""obs_mistake_mask=E"":2}"
        32,         0,         0,   0.614,exact_mw,72230d8c06b5a71069df48ede6f7f3e6128cd83e8239dd1b2e5fe023578b6eb1,"{""distance"":5,""physical_error_rate"":0.01}","{""detection_events"":282,""detectors_checked"":7168}"
        64,         0,         0,   0.402,exact_mw,72230d8c06b5a71069df48ede6f7f3e6128cd83e8239dd1b2e5fe023578b6eb1,"{""distance"":5,""physical_error_rate"":0.01}","{""detection_events"":589,""detectors_checked"":14336}"
      3072,         0,         0,   0.809,exact_mw,3208f56225bbcac0e2804eb6f92d0a8b681652a702ca1ec920ccd7367f0e0899,"{""distance"":5,""physical_error_rate"":0.002}","{""detection_events"":6294,""detectors_checked"":688128}"
       256,         0,         0,   0.626,exact_mw,38b7ae1c4e8407fc325e0d9e43e9f92ff26dcb3f5cf7b98d24ea74c9e5188d39,"{""distance"":5,""physical_error_rate"":0.005}","{""detection_events"":1273,""detectors_checked"":57344}"
    136192,         0,         0,    4.23,exact_mw,70a969f5042aec17ac076c6379f4170fb7c69b8e925756ef3b7334e28a33338b,"{""distance"":5,""physical_error_rate"":0.0001}","{""detection_events"":13261,""detectors_checked"":30507008}"
     17408,         0,         0,   0.301,exact_mw,cb12ae119b9b2ba18d0216e7235b403229e92fd0743ede48fe7f1a2c6f45d594,"{""distance"":5,""physical_error_rate"":0.0005}","{""detection_events"":8266,""detectors_checked"":3899392}"
     12288,         0,         0,   0.224,exact_mw,cb12ae119b9b2ba18d0216e7235b403229e92fd0743ede48fe7f1a2c6f45d594,"{""distance"":5,""physical_error_rate"":0.0005}","{""detection_events"":6106,""detectors_checked"":2752512}"
        64,         1,         0,   0.872,exact_mw,7b4896c0e7f0a510554d89637fd747b157418067a95869d1f0661294d473d1dc,"{""distance"":5,""physical_error_rate"":0.02}","{""detection_events"":1124,""detectors_checked"":14336,""obs_mistake_mask=E"":1}"
      2048,         0,         0,   0.426,exact_mw,3208f56225bbcac0e2804eb6f92d0a8b681652a702ca1ec920ccd7367f0e0899,"{""distance"":5,""physical_error_rate"":0.002}","{""detection_events"":3876,""detectors_checked"":458752}"
       256,         0,         0,   0.556,exact_mw,38b7ae1c4e8407fc325e0d9e43e9f92ff26dcb3f5cf7b98d24ea74c9e5188d39,"{""distance"":5,""physical_error_rate"":0.005}","{""detection_events"":1233,""detectors_checked"":57344}"
     89088,         0,         0,    4.20,exact_mw,bb90ec3459e353008cf9a5bb9142bf1e8515517a9e167021b225104594e48e8a,"{""distance"":5,""physical_error_rate"":0.001}","{""detection_events"":87719,""detectors_checked"":19955712}"
     28672,         0,         0,    1.12,exact_mw,70a969f5042aec17ac076c6379f4170fb7c69b8e925756ef3b7334e28a33338b,"{""distance"":5,""physical_error_rate"":0.0001}","{""detection_events"":2983,""detectors_checked"":6422528}"
    219136,         0,         0,    2.96,exact_mw,f32ebecd8e105e50ec838d33c5ed9b45444b6b44a3c6ac541111079f2b14e893,"{""distance"":5,""physical_error_rate"":5e-05}","{""detection_events"":10858,""detectors_checked"":49086464}"
     15360,         0,         0,   0.148,exact_mw,f32ebecd8e105e50ec838d33c5ed9b45444b6b44a3c6ac541111079f2b14e893,"{""distance"":5,""physical_error_rate"":5e-05}","{""detection_events"":736,""detectors_checked"":3440640}"
       128,         2,         0,    1.02,exact_mw,72230d8c06b5a71069df48ede6f7f3e6128cd83e8239dd1b2e5fe023578b6eb1,"{""distance"":5,""physical_error_rate"":0.01}","{""detection_events"":1148,""detectors_checked"":28672,""obs_mistake_mask=E"":2}"
       256,         2,         0,    1.75,exact_mw,72230d8c06b5a71069df48ede6f7f3e6128cd83e8239dd1b2e5fe023578b6eb1,"{""distance"":5,""physical_error_rate"":0.01}","{""detection_events"":2439,""detectors_checked"":57344,""obs_mistake_mask=E"":2}"
     16384,         3,         0,    4.38,exact_mw,3208f56225bbcac0e2804eb6f92d0a8b681652a702ca1ec920ccd7367f0e0899,"{""distance"":5,""physical_error_rate"":0.002}","{""detection_events"":32086,""detectors_checked"":3670016,""obs_mistake_mask=E"":3}"
       192,         0,         0,    1.25,exact_mw,72230d8c06b5a71069df48ede6f7f3e6128cd83e8239dd1b2e5fe023578b6eb1,"{""distance"":5,""physical_error_rate"":0.01}","{""detection_events"":1695,""detectors_checked"":43008}"
    284672,         0,         0,    4.24,exact_mw,f32ebecd8e105e50ec838d33c5ed9b45444b6b44a3c6ac541111079f2b14e893,"{""distance"":5,""physical_error_rate"":5e-05}","{""detection_events"":14035,""detectors_checked"":63766528}"
       256,         0,         0,   0.607,exact_mw,38b7ae1c4e8407fc325e0d9e43e9f92ff26dcb3f5cf7b98d24ea74c9e5188d39,"{""distance"":5,""physical_error_rate"":0.005}","{""detection_events"":1193,""detectors_checked"":57344}"
        64,         1,         0,    2.10,exact_mw,7b4896c0e7f0a510554d89637fd747b157418067a95869d1f0661294d473d1dc,"{""distance"":5,""physical_error_rate"":0.02}","{""detection_events"":1069,""detectors_checked"":14336,""obs_mistake_mask=E"":1}"
        64,         0,         0,    1.15,exact_mw,72230d8c06b5a71069df48ede6f7f3e6128cd83e8239dd1b2e5fe023578b6eb1,"{""distance"":5,""physical_error_rate"":0.01}","{""detection_events"":596,""detectors_checked"":14336}"
    107520,         0,         0,    4.24,exact_mw,bb90ec3459e353008cf9a5bb9142bf1e8515517a9e167021b225104594e48e8a,"{""distance"":5,""physical_error_rate"":0.001}","{""detection_events"":106304,""detectors_checked"":24084480}"
     31744,         0,         0,    1.15,exact_mw,f32ebecd8e105e50ec838d33c5ed9b45444b6b44a3c6ac541111079f2b14e893,"{""distance"":5,""physical_error_rate"":5e-05}","{""detection_events"":1546,""detectors_checked"":7110656}"
        64,         3,         0,   0.642,exact_mw,7b4896c0e7f0a510554d89637fd747b157418067a95869d1f0661294d473d1dc,"{""distance"":5,""physical_error_rate"":0.02}","{""detection_events"":1073,""detectors_checked"":14336,""obs_mistake_mask=E"":3}"
     16384,         0,         0,   0.588,exact_mw,bb90ec3459e353008cf9a5bb9142bf1e8515517a9e167021b225104594e48e8a,"{""distance"":5,""physical_error_rate"":0.001}","{""detection_events"":16295,""detectors_checked"":3670016}"
    305152,         0,         0,    4.23,exact_mw,f32ebecd8e105e50ec838d33c5ed9b45444b6b44a3c6ac541111079f2b14e893,"{""distance"":5,""physical_error_rate"":5e-05}","{""detection_events"":14946,""detectors_checked"":68354048}"
      5120,         0,         0,    1.20,exact_mw,3208f56225bbcac0e2804eb6f92d0a8b681652a702ca1ec920ccd7367f0e0899,"{""distance"":5,""physical_error_rate"":0.002}","{""detection_events"":10118,""detectors_checked"":1146880}"
     15360,         0,         0,   0.300,exact_mw,cb12ae119b9b2ba18d0216e7235b403229e92fd0743ede48fe7f1a2c6f45d594,"{""distance"":5,""physical_error_rate"":0.0005}","{""detection_events"":7450,""detectors_checked"":3440640}"
     19456,         0,         0,   0.222,exact_mw,f32ebecd8e105e50ec838d33c5ed9b45444b6b44a3c6ac541111079f2b14e893,"{""distance"":5,""physical_error_rate"":5e-05}","{""detection_events"":995,""detectors_checked"":4358144}"
       256,         0,         0,   0.530,exact_mw,38b7ae1c4e8407fc325e0d9e43e9f92ff26dcb3f5cf7b98d24ea74c9e5188d39,"{""distance"":5,""physical_error_rate"":0.005}","{""detection_events"":1350,""detectors_checked"":57344}"
     47104,         0,         0,    2.18,exact_mw,cb12ae119b9b2ba18d0216e7235b403229e92fd0743ede48fe7f1a2c6f45d594,"{""distance"":5,""physical_error_rate"":0.0005}","{""detection_events"":23289,""detectors_checked"":10551296}"
    317440,         0,         0,    4.24,exact_mw,cdc4a450a40af8e24899239080e4c40992fb5baf91c5a31ab3a165eacb3a1ab3,"{""distance"":5,""physical_error_rate"":0.0002}","{""detection_events"":61817,""detectors_checked"":71106560}"
        17,         0,         0,   0.126,exact_mw,72230d8c06b5a71069df48ede6f7f3e6128cd83e8239dd1b2e5fe023578b6eb1,"{""distance"":5,""physical_error_rate"":0.01}","{""detection_events"":173,""detectors_checked"":3808}"
     98304,         0,         0,   0.781,exact_mw,f32ebecd8e105e50ec838d33c5ed9b45444b6b44a3c6ac541111079f2b14e893,"{""distance"":5,""physical_error_rate"":5e-05}","{""detection_events"":4633,""detectors_checked"":22020096}"
     20480,         0,         0,   0.402,exact_mw,cb12ae119b9b2ba18d0216e7235b403229e92fd0743ede48fe7f1a2c6f45d594,"{""distance"":5,""physical_error_rate"":0.0005}","{""detection_events"":10302,""detectors_checked"":4587520}"
       256,         8,         0,    1.94,exact_mw,7b4896c0e7f0a510554d89637fd747b157418067a95869d1f0661294d473d1dc,"{""distance"":5,""physical_error_rate"":0.02}","{""detection_events"":4596,""detectors_checked"":57344,""obs_mistake_mask=E"":8}"
       256,         0,         0,   0.569,exact_mw,38b7ae1c4e8407fc325e0d9e43e9f92ff26dcb3f5cf7b98d24ea74c9e5188d39,"{""distance"":5,""physical_error_rate"":0.005}","{""detection_events"":1216,""detectors_checked"":57344}"
       128,         3,         0,    1.90,exact_mw,7b4896c0e7f0a510554d89637fd747b157418067a95869d1f0661294d473d1dc,"{""distance"":5,""physical_error_rate"":0.02}","{""detection_events"":2230,""detectors_checked"":28672,""obs_mistake_mask=E"":3}"
    376832,         0,         0,    4.25,exact_mw,cdc4a450a40af8e24899239080e4c40992fb5baf91c5a31ab3a165eacb3a1ab3,"{""distance"":5,""physical_error_rate"":0.0002}","{""detection_events"":73953,""detectors_checked"":84410368}"
      1536,         1,         0,    3.24,exact_mw,38b7ae1c4e8407fc325e0d9e43e9f92ff26dcb3f5cf7b98d24ea74c9e5188d39,"{""distance"":5,""physical_error_rate"":0.005}","{""detection_events"":7217,""detectors_checked"":344064,""obs_mistake_mask=E"":1}"
       160,         0,         0,    2.66,exact_mw,72230d8c06b5a71069df48ede6f7f3e6128cd83e8239dd1b2e5fe023578b6eb1,"{""distance"":5,""physical_error_rate"":0.01}","{""detection_events"":1410,""detectors_checked"":35840}"
     96256,         1,         0,    4.25,exact_mw,bb90ec3459e353008cf9a5bb9142bf1e8515517a9e167021b225104594e48e8a,"{""distance"":5,""physical_error_rate"":0.001}","{""detection_events"":93933,""detectors_checked"":21561344,""obs_mistake_mask=E"":1}"
        64,         0,         0,   0.521,exact_mw,72230d8c06b5a71069df48ede6f7f3e6128cd83e8239dd1b2e5fe023578b6eb1,"{""distance"":5,""physical_error_rate"":0.01}","{""detection_events"":691,""detectors_checked"":14336}"
       256,         0,         0,   0.499,exact_mw,38b7ae1c4e8407fc325e0d9e43e9f92ff26dcb3f5cf7b98d24ea74c9e5188d39,"{""distance"":5,""physical_error_rate"":0.005}","{""detection_events"":1130,""detectors_checked"":57344}"
       128,         2,         0,   0.592,exact_mw,72230d8c06b5a71069df48ede6f7f3e6128cd83e8239dd1b2e5fe023578b6eb1,"{""distance"":5,""physical_error_rate"":0.01}","{""detection_events"":1177,""detectors_checked"":28672,""obs_mistake_mask=E"":2}"
     54272,         0,         0,    2.18,exact_mw,f32ebecd8e105e50ec838d33c5ed9b45444b6b44a3c6ac541111079f2b14e893,"{""distance"":5,""physical_error_rate"":5e-05}","{""detection_events"":2519,""detectors_checked"":12156928}"
    265216,         0,         0,    4.21,exact_mw,cdc4a450a40af8e24899239080e4c40992fb5baf91c5a31ab3a165eacb3a1ab3,"{""distance"":5,""physical_error_rate"":0.0002}","{""detection_events"":52021,""detectors_checked"":59408384}"
        64,         1,         0,   0.948,exact_mw,7b4896c0e7f0a510554d89637fd747b157418067a95869d1f0661294d473d1dc,"{""distance"":5,""physical_error_rate"":0.02}","{""detection_events"":1158,""detectors_checked"":14336,""obs_mistake_mask=E"":1}"
    221184,         0,         0,    4.20,exact_mw,cb12ae119b9b2ba18d0216e7235b403229e92fd0743ede48fe7f1a2c6f45d594,"{""distance"":5,""physical_error_rate"":0.0005}","{""detection_events"":109594,""detectors_checked"":49545216}"
       384,         1,         0,    2.70,exact_mw,72230d8c06b5a71069df48ede6f7f3e6128cd83e8239dd1b2e5fe023578b6eb1,"{""distance"":5,""physical_error_rate"":0.01}","{""detection_events"":3642,""detectors_checked"":86016,""obs_mistake_mask=E"":1}"
       256,         0,         0,   0.629,exact_mw,38b7ae1c4e8407fc325e0d9e43e9f92ff26dcb3f5cf7b98d24ea74c9e5188d39,"{""distance"":5,""physical_error_rate"":0.005}","{""detection_events"":1220,""detectors_checked"":57344}"
    291840,         0,         0,    4.20,exact_mw,cdc4a450a40af8e24899239080e4c40992fb5baf91c5a31ab3a165eacb3a1ab3,"{""distance"":5,""physical_error_rate"":0.0002}","{""detection_events"":57725,""detectors_checked"":65372160}"
       273,         0,         0,   0.026,exact_mw,70a969f5042aec17ac076c6379f4170fb7c69b8e925756ef3b7334e28a33338b,"{""distance"":5,""physical_error_rate"":0.0001}","{""detection_events"":44,""detectors_checked"":61152}"
     27648,         0,         0,   0.307,exact_mw,f32ebecd8e105e50ec838d33c5ed9b45444b6b44a3c6ac541111079f2b14e893,"{""distance"":5,""physical_error_rate"":5e-05}","{""detection_events"":1324,""detectors_checked"":6193152}"
    290816,         0,         0,    4.20,exact_mw,f32ebecd8e105e50ec838d33c5ed9b45444b6b44a3c6ac541111079f2b14e893,"{""distance"":5,""physical_error_rate"":5e-05}","{""detection_events"":14157,""detectors_checked"":65142784}"
        32,         1,         0,   0.671,exact_mw,72230d8c06b5a71069df48ede6f7f3e6128cd83e8239dd1b2e5fe023578b6eb1,"{""distance"":5,""physical_error_rate"":0.01}","{""detection_events"":303,""detectors_checked"":7168,""obs_mistake_mask=E"":1}"
      2048,         0,         0,   0.031,exact_mw,70a969f5042aec17ac076c6379f4170fb7c69b8e925756ef3b7334e28a33338b,"{""distance"":5,""physical_error_rate"":0.0001}","{""detection_events"":221,""detectors_checked"":458752}"
    123904,         0,         0,    2.17,exact_mw,cdc4a450a40af8e24899239080e4c40992fb5baf91c5a31ab3a165eacb3a1ab3,"{""distance"":5,""physical_error_rate"":0.0002}","{""detection_events"":24269,""detectors_checked"":27754496}"
       256,         2,         0,    1.83,exact_mw,72230d8c06b5a71069df48ede6f7f3e6128cd83e8239dd1b2e5fe023578b6eb1,"{""distance"":5,""physical_error_rate"":0.01}","{""detection_events"":2529,""detectors_checked"":57344,""obs_mistake_mask=E"":2}"
      2048,         0,         0,   0.031,exact_mw,70a969f5042aec17ac076c6379f4170fb7c69b8e925756ef3b7334e28a33338b,"{""distance"":5,""physical_error_rate"":0.0001}","{""detection_events"":237,""detectors_checked"":458752}"
    221184,         0,         0,    4.25,exact_mw,cb12ae119b9b2ba18d0216e7235b403229e92fd0743ede48fe7f1a2c6f45d594,"{""distance"":5,""physical_error_rate"":0.0005}","{""detection_events"":107669,""detectors_checked"":49545216}"
      3072,         0,         0,   0.674,exact_mw,3208f56225bbcac0e2804eb6f92d0a8b681652a702ca1ec920ccd7367f0e0899,"{""distance"":5,""physical_error_rate"":0.002}","{""detection_events"":5871,""detectors_checked"":688128}"
      2048,         0,         0,   0.031,exact_mw,70a969f5042aec17ac076c6379f4170fb7c69b8e925756ef3b7334e28a33338b,"{""distance"":5,""physical_error_rate"":0.0001}","{""detection_events"":220,""detectors_checked"":458752}"
     22528,         0,         0,   0.424,exact_mw,cb12ae119b9b2ba18d0216e7235b403229e92fd0743ede48fe7f1a2c6f45d594,"{""distance"":5,""physical_error_rate"":0.0005}","{""detection_events"":11324,""detectors_checked"":5046272}"
       256,         1,         0,   0.528,exact_mw,38b7ae1c4e8407fc325e0d9e43e9f92ff26dcb3f5cf7b98d24ea74c9e5188d39,"{""distance"":5,""physical_error_rate"":0.005}","{""detection_events"":1188,""detectors_checked"":57344,""obs_mistake_mask=E"":1}"
     87040,         0,         0,    4.28,exact_mw,bb90ec3459e353008cf9a5bb9142bf1e8515517a9e167021b225104594e48e8a,"{""distance"":5,""physical_error_rate"":0.001}","{""detection_events"":85489,""detectors_checked"":19496960}"
    295936,         0,         0,    4.14,exact_mw,cdc4a450a40af8e24899239080e4c40992fb5baf91c5a31ab3a165eacb3a1ab3,"{""distance"":5,""physical_error_rate"":0.0002}","{""detection_events"":58543,""detectors_checked"":66289664}"
       256,         0,         0,   0.326,exact_mw,38b7ae1c4e8407fc325e0d9e43e9f92ff26dcb3f5cf7b98d24ea74c9e5188d39,"{""distance"":5,""physical_error_rate"":0.005}","{""detection_events"":1148,""detectors_checked"":57344}"
      3072,         0,         0,   0.059,exact_mw,70a969f5042aec17ac076c6379f4170fb7c69b8e925756ef3b7334e28a33338b,"{""distance"":5,""physical_error_rate"":0.0001}","{""detection_events"":306,""detectors_checked"":688128}"
       256,         0,         0,   0.457,exact_mw,38b7ae1c4e8407fc325e0d9e43e9f92ff26dcb3f5cf7b98d24ea74c9e5188d39,"{""distance"":5,""physical_error_rate"":0.005}","{""detection_events"":1168,""detectors_checked"":57344}"
        64,         0,         0,   0.450,exact_mw,72230d8c06b5a71069df48ede6f7f3e6128cd83e8239dd1b2e5fe023578b6eb1,"{""distance"":5,""physical_error_rate"":0.01}","{""detection_events"":601,""detectors_checked"":14336}"
        17,         0,         0,   0.025,exact_mw,38b7ae1c4e8407fc325e0d9e43e9f92ff26dcb3f5cf7b98d24ea74c9e5188d39,"{""distance"":5,""physical_error_rate"":0.005}","{""detection_events"":87,""detectors_checked"":3808}"
       384,         0,         0,    2.34,exact_mw,38b7ae1c4e8407fc325e0d9e43e9f92ff26dcb3f5cf7b98d24ea74c9e5188d39,"{""distance"":5,""physical_error_rate"":0.005}","{""detection_events"":1796,""detectors_checked"":86016}"
        64,         1,         0,   0.827,exact_mw,7b4896c0e7f0a510554d89637fd747b157418067a95869d1f0661294d473d1dc,"{""distance"":5,""physical_error_rate"":0.02}","{""detection_events"":1169,""detectors_checked"":14336,""obs_mistake_mask=E"":1}"
      5120,         0,         0,   0.079,exact_mw,70a969f5042aec17ac076c6379f4170fb7c69b8e925756ef3b7334e28a33338b,"{""distance"":5,""physical_error_rate"":0.0001}","{""detection_events"":495,""detectors_checked"":1146880}"
       192,         1,         0,    3.49,exact_mw,72230d8c06b5a71069df48ede6f7f3e6128cd83e8239dd1b2e5fe023578b6eb1,"{""distance"":5,""physical_error_rate"":0.01}","{""detection_events"":1801,""detectors_checked"":43008,""obs_mistake_mask=E"":1}"
     12288,         1,         0,    4.34,exact_mw,3208f56225bbcac0e2804eb6f92d0a8b681652a702ca1ec920ccd7367f0e0899,"{""distance"":5,""physical_error_rate"":0.002}","{""detection_events"":23350,""detectors_checked"":2752512,""obs_mistake_mask=E"":1}"
      1536,         0,         0,    3.24,exact_mw,38b7ae1c4e8407fc325e0d9e43e9f92ff26dcb3f5cf7b98d24ea74c9e5188d39,"{""distance"":5,""physical_error_rate"":0.005}","{""detection_events"":7201,""detectors_checked"":344064}"
     41984,         0,         0,    1.56,exact_mw,cdc4a450a40af8e24899239080e4c40992fb5baf91c5a31ab3a165eacb3a1ab3,"{""distance"":5,""physical_error_rate"":0.0002}","{""detection_events"":8397,""detectors_checked"":9404416}"
       256,        13,         0,    3.40,exact_mw,7b4896c0e7f0a510554d89637fd747b157418067a95869d1f0661294d473d1dc,"{""distance"":5,""physical_error_rate"":0.02}","{""detection_events"":4630,""detectors_checked"":57344,""obs_mistake_mask=E"":13}"
      1297,         0,         0,   0.029,exact_mw,cdc4a450a40af8e24899239080e4c40992fb5baf91c5a31ab3a165eacb3a1ab3,"{""distance"":5,""physical_error_rate"":0.0002}","{""detection_events"":262,""detectors_checked"":290528}"
      5120,         0,         0,   0.099,exact_mw,70a969f5042aec17ac076c6379f4170fb7c69b8e925756ef3b7334e28a33338b,"{""distance"":5,""physical_error_rate"":0.0001}","{""detection_events"":427,""detectors_checked"":1146880}"
      2048,         0,         0,   0.032,exact_mw,cdc4a450a40af8e24899239080e4c40992fb5baf91c5a31ab3a165eacb3a1ab3,"{""distance"":5,""physical_error_rate"":0.0002}","{""detection_events"":377,""detectors_checked"":458752}"
     27648,         0,         0,   0.572,exact_mw,cb12ae119b9b2ba18d0216e7235b403229e92fd0743ede48fe7f1a2c6f45d594,"{""distance"":5,""physical_error_rate"":0.0005}","{""detection_events"":13831,""detectors_checked"":6193152}"
       256,         0,         0,   0.470,exact_mw,38b7ae1c4e8407fc325e0d9e43e9f92ff26dcb3f5cf7b98d24ea74c9e5188d39,"{""distance"":5,""physical_error_rate"":0.005}","{""detection_events"":1130,""detectors_checked"":57344}"
        64,         0,         0,   0.505,exact_mw,72230d8c06b5a71069df48ede6f7f3e6128cd83e8239dd1b2e5fe023578b6eb1,"{""distance"":5,""physical_error_rate"":0.01}","{""detection_events"":626,""detectors_checked"":14336}"
      1024,         0,         0,   0.028,exact_mw,cdc4a450a40af8e24899239080e4c40992fb5baf91c5a31ab3a165eacb3a1ab3,"{""distance"":5,""physical_error_rate"":0.0002}","{""detection_events"":207,""detectors_checked"":229376}"
      2048,         3,         0,    3.31,exact_mw,38b7ae1c4e8407fc325e0d9e43e9f92ff26dcb3f5cf7b98d24ea74c9e5188d39,"{""distance"":5,""physical_error_rate"":0.005}","{""detection_events"":9613,""detectors_checked"":458752,""obs_mistake_mask=E"":3}"
     35840,         0,         0,   0.405,exact_mw,f32ebecd8e105e50ec838d33c5ed9b45444b6b44a3c6ac541111079f2b14e893,"{""distance"":5,""physical_error_rate"":5e-05}","{""detection_events"":1751,""detectors_checked"":8028160}"
      2048,         0,         0,   0.031,exact_mw,cdc4a450a40af8e24899239080e4c40992fb5baf91c5a31ab3a165eacb3a1ab3,"{""distance"":5,""physical_error_rate"":0.0002}","{""detection_events"":376,""detectors_checked"":458752}"
      2816,         3,         0,    3.41,exact_mw,38b7ae1c4e8407fc325e0d9e43e9f92ff26dcb3f5cf7b98d24ea74c9e5188d39,"{""distance"":5,""physical_error_rate"":0.005}","{""detection_events"":13557,""detectors_checked"":630784,""obs_mistake_mask=E"":3}"
    250880,         0,         0,    4.22,exact_mw,cb12ae119b9b2ba18d0216e7235b403229e92fd0743ede48fe7f1a2c6f45d594,"{""distance"":5,""physical_error_rate"":0.0005}","{""detection_events"":122791,""detectors_checked"":56197120}"
      7168,         0,         0,   0.120,exact_mw,70a969f5042aec17ac076c6379f4170fb7c69b8e925756ef3b7334e28a33338b,"{""distance"":5,""physical_error_rate"":0.0001}","{""detection_events"":604,""detectors_checked"":1605632}"
      3072,         0,         0,   0.059,exact_mw,cdc4a450a40af8e24899239080e4c40992fb5baf91c5a31ab3a165eacb3a1ab3,"{""distance"":5,""physical_error_rate"":0.0002}","{""detection_events"":629,""detectors_checked"":688128}"
     23552,         0,         0,   0.838,exact_mw,bb90ec3459e353008cf9a5bb9142bf1e8515517a9e167021b225104594e48e8a,"{""distance"":5,""physical_error_rate"":0.001}","{""detection_events"":22797,""detectors_checked"":5275648}"
      4096,         0,         0,    1.13,exact_mw,3208f56225bbcac0e2804eb6f92d0a8b681652a702ca1ec920ccd7367f0e0899,"{""distance"":5,""physical_error_rate"":0.002}","{""detection_events"":7877,""detectors_checked"":917504}"
    112640,         0,         0,    2.19,exact_mw,cb12ae119b9b2ba18d0216e7235b403229e92fd0743ede48fe7f1a2c6f45d594,"{""distance"":5,""physical_error_rate"":0.0005}","{""detection_events"":55224,""detectors_checked"":25231360}"
      3072,         0,         0,   0.059,exact_mw,cdc4a450a40af8e24899239080e4c40992fb5baf91c5a31ab3a165eacb3a1ab3,"{""distance"":5,""physical_error_rate"":0.0002}","{""detection_events"":702,""detectors_checked"":688128}"
      9216,         2,         0,    3.37,exact_mw,3208f56225bbcac0e2804eb6f92d0a8b681652a702ca1ec920ccd7367f0e0899,"{""distance"":5,""physical_error_rate"":0.002}","{""detection_events"":17950,""detectors_checked"":2064384,""obs_mistake_mask=E"":2}"
       640,         2,         0,    3.55,exact_mw,72230d8c06b5a71069df48ede6f7f3e6128cd83e8239dd1b2e5fe023578b6eb1,"{""distance"":5,""physical_error_rate"":0.01}","{""detection_events"":5699,""detectors_checked"":143360,""obs_mistake_mask=E"":2}"
      9216,         0,         0,    1.74,exact_mw,3208f56225bbcac0e2804eb6f92d0a8b681652a702ca1ec920ccd7367f0e0899,"{""distance"":5,""physical_error_rate"":0.002}","{""detection_events"":18017,""detectors_checked"":2064384}"
       256,         0,         0,   0.448,exact_mw,38b7ae1c4e8407fc325e0d9e43e9f92ff26dcb3f5cf7b98d24ea74c9e5188d39,"{""distance"":5,""physical_error_rate"":0.005}","{""detection_events"":1211,""detectors_checked"":57344}"
      9216,         0,         0,   0.150,exact_mw,70a969f5042aec17ac076c6379f4170fb7c69b8e925756ef3b7334e28a33338b,"{""distance"":5,""physical_error_rate"":0.0001}","{""detection_events"":899,""detectors_checked"":2064384}"
       192,         8,         0,    2.42,exact_mw,7b4896c0e7f0a510554d89637fd747b157418067a95869d1f0661294d473d1dc,"{""distance"":5,""physical_error_rate"":0.02}","{""detection_events"":3318,""detectors_checked"":43008,""obs_mistake_mask=E"":8}"
      1536,         1,         0,    3.37,exact_mw,38b7ae1c4e8407fc325e0d9e43e9f92ff26dcb3f5cf7b98d24ea74c9e5188d39,"{""distance"":5,""physical_error_rate"":0.005}","{""detection_events"":7257,""detectors_checked"":344064,""obs_mistake_mask=E"":1}"
       256,         0,         0,   0.449,exact_mw,38b7ae1c4e8407fc325e0d9e43e9f92ff26dcb3f5cf7b98d24ea74c9e5188d39,"{""distance"":5,""physical_error_rate"":0.005}","{""detection_events"":1265,""detectors_checked"":57344}"
      5120,         0,         0,   0.090,exact_mw,cdc4a450a40af8e24899239080e4c40992fb5baf91c5a31ab3a165eacb3a1ab3,"{""distance"":5,""physical_error_rate"":0.0002}","{""detection_events"":963,""detectors_checked"":1146880}"
     47104,         0,         0,    2.20,exact_mw,bb90ec3459e353008cf9a5bb9142bf1e8515517a9e167021b225104594e48e8a,"{""distance"":5,""physical_error_rate"":0.001}","{""detection_events"":46930,""detectors_checked"":10551296}"
       128,         1,         0,   0.719,exact_mw,72230d8c06b5a71069df48ede6f7f3e6128cd83e8239dd1b2e5fe023578b6eb1,"{""distance"":5,""physical_error_rate"":0.01}","{""detection_events"":1175,""detectors_checked"":28672,""obs_mistake_mask=E"":1}"
    159744,         0,         0,    2.19,exact_mw,f32ebecd8e105e50ec838d33c5ed9b45444b6b44a3c6ac541111079f2b14e893,"{""distance"":5,""physical_error_rate"":5e-05}","{""detection_events"":7986,""detectors_checked"":35782656}"
        64,         0,         0,   0.474,exact_mw,72230d8c06b5a71069df48ede6f7f3e6128cd83e8239dd1b2e5fe023578b6eb1,"{""distance"":5,""physical_error_rate"":0.01}","{""detection_events"":525,""detectors_checked"":14336}"
       256,         1,         0,   0.547,exact_mw,38b7ae1c4e8407fc325e0d9e43e9f92ff26dcb3f5cf7b98d24ea74c9e5188d39,"{""distance"":5,""physical_error_rate"":0.005}","{""detection_events"":1303,""detectors_checked"":57344,""obs_mistake_mask=E"":1}"
    200704,         0,         0,    2.15,exact_mw,f32ebecd8e105e50ec838d33c5ed9b45444b6b44a3c6ac541111079f2b14e893,"{""distance"":5,""physical_error_rate"":5e-05}","{""detection_events"":9385,""detectors_checked"":44957696}"
     30720,         0,         0,   0.573,exact_mw,cb12ae119b9b2ba18d0216e7235b403229e92fd0743ede48fe7f1a2c6f45d594,"{""distance"":5,""physical_error_rate"":0.0005}","{""detection_events"":15090,""detectors_checked"":6881280}"
     35840,         1,         0,    2.17,exact_mw,bb90ec3459e353008cf9a5bb9142bf1e8515517a9e167021b225104594e48e8a,"{""distance"":5,""physical_error_rate"":0.001}","{""detection_events"":34575,""detectors_checked"":8028160,""obs_mistake_mask=E"":1}"
       256,         0,         0,   0.526,exact_mw,38b7ae1c4e8407fc325e0d9e43e9f92ff26dcb3f5cf7b98d24ea74c9e5188d39,"{""distance"":5,""physical_error_rate"":0.005}","{""detection_events"":1123,""detectors_checked"":57344}"
      7168,         0,         0,   0.120,exact_mw,cdc4a450a40af8e24899239080e4c40992fb5baf91c5a31ab3a165eacb3a1ab3,"{""distance"":5,""physical_error_rate"":0.0002}","{""detection_events"":1408,""detectors_checked"":1605632}"
        64,         0,         0,    1.15,exact_mw,72230d8c06b5a71069df48ede6f7f3e6128cd83e8239dd1b2e5fe023578b6eb1,"{""distance"":5,""physical_error_rate"":0.01}","{""detection_events"":573,""detectors_checked"":14336}"
        64,         0,         0,   0.401,exact_mw,72230d8c06b5a71069df48ede6f7f3e6128cd83e8239dd1b2e5fe023578b6eb1,"{""distance"":5,""physical_error_rate"":0.01}","{""detection_events"":551,""detectors_checked"":14336}"
     13312,         0,         0,   0.211,exact_mw,70a969f5042aec17ac076c6379f4170fb7c69b8e925756ef3b7334e28a33338b,"{""distance"":5,""physical_error_rate"":0.0001}","{""detection_events"":1353,""detectors_checked"":2981888}"
      1297,         0,         0,   0.024,exact_mw,70a969f5042aec17ac076c6379f4170fb7c69b8e925756ef3b7334e28a33338b,"{""distance"":5,""physical_error_rate"":0.0001}","{""detection_events"":136,""detectors_checked"":290528}"
       256,         0,         0,   0.449,exact_mw,38b7ae1c4e8407fc325e0d9e43e9f92ff26dcb3f5cf7b98d24ea74c9e5188d39,"{""distance"":5,""physical_error_rate"":0.005}","{""detection_events"":1170,""detectors_checked"":57344}"
      2048,         0,         0,   0.026,exact_mw,70a969f5042aec17ac076c6379f4170fb7c69b8e925756ef3b7334e28a33338b,"{""distance"":5,""physical_error_rate"":0.0001}","{""detection_events"":211,""detectors_checked"":458752}"
        32,         0,         0,   0.841,exact_mw,72230d8c06b5a71069df48ede6f7f3e6128cd83e8239dd1b2e5fe023578b6eb1,"{""distance"":5,""physical_error_rate"":0.01}","{""detection_events"":325,""detectors_checked"":7168}"
      2048,         0,         0,   0.026,exact_mw,70a969f5042aec17ac076c6379f4170fb7c69b8e925756ef3b7334e28a33338b,"{""distance"":5,""physical_error_rate"":0.0001}","{""detection_events"":206,""detectors_checked"":458752}"
        64,         3,         0,   0.925,exact_mw,7b4896c0e7f0a510554d89637fd747b157418067a95869d1f0661294d473d1dc,"{""distance"":5,""physical_error_rate"":0.02}","{""detection_events"":1147,""detectors_checked"":14336,""obs_mistake_mask=E"":3}"
       128,         1,         0,   0.851,exact_mw,72230d8c06b5a71069df48ede6f7f3e6128cd83e8239dd1b2e5fe023578b6eb1,"{""distance"":5,""physical_error_rate"":0.01}","{""detection_events"":1222,""detectors_checked"":28672,""obs_mistake_mask=E"":1}"
      9216,         0,         0,   0.151,exact_mw,cdc4a450a40af8e24899239080e4c40992fb5baf91c5a31ab3a165eacb3a1ab3,"{""distance"":5,""physical_error_rate"":0.0002}","{""detection_events"":1818,""detectors_checked"":2064384}"
    137216,         0,         0,    1.12,exact_mw,f32ebecd8e105e50ec838d33c5ed9b45444b6b44a3c6ac541111079f2b14e893,"{""distance"":5,""physical_error_rate"":5e-05}","{""detection_events"":6526,""detectors_checked"":30736384}"
      3072,         0,         0,   0.049,exact_mw,70a969f5042aec17ac076c6379f4170fb7c69b8e925756ef3b7334e28a33338b,"{""distance"":5,""physical_error_rate"":0.0001}","{""detection_events"":301,""detectors_checked"":688128}"
    122880,         0,         0,    5.94,exact_mw,cb12ae119b9b2ba18d0216e7235b403229e92fd0743ede48fe7f1a2c6f45d594,"{""distance"":5,""physical_error_rate"":0.0005}","{""detection_events"":60581,""detectors_checked"":27525120}"
       192,         1,         0,    2.47,exact_mw,7b4896c0e7f0a510554d89637fd747b157418067a95869d1f0661294d473d1dc,"{""distance"":5,""physical_error_rate"":0.02}","{""detection_events"":3347,""detectors_checked"":43008,""obs_mistake_mask=E"":1}"
       128,         3,         0,    1.30,exact_mw,7b4896c0e7f0a510554d89637fd747b157418067a95869d1f0661294d473d1dc,"{""distance"":5,""physical_error_rate"":0.02}","{""detection_events"":2382,""detectors_checked"":28672,""obs_mistake_mask=E"":3}"
       112,         6,         0,    2.89,exact_mw,7b4896c0e7f0a510554d89637fd747b157418067a95869d1f0661294d473d1dc,"{""distance"":5,""physical_error_rate"":0.02}","{""detection_events"":2049,""detectors_checked"":25088,""obs_mistake_mask=E"":6}"
      4096,         0,         0,   0.051,exact_mw,70a969f5042aec17ac076c6379f4170fb7c69b8e925756ef3b7334e28a33338b,"{""distance"":5,""physical_error_rate"":0.0001}","{""detection_events"":410,""detectors_checked"":917504}"
    114688,         3,         0,    5.91,exact_mw,bb90ec3459e353008cf9a5bb9142bf1e8515517a9e167021b225104594e48e8a,"{""distance"":5,""physical_error_rate"":0.001}","{""detection_events"":112665,""detectors_checked"":25690112,""obs_mistake_mask=E"":3}"
     39936,         0,         0,    1.56,exact_mw,70a969f5042aec17ac076c6379f4170fb7c69b8e925756ef3b7334e28a33338b,"{""distance"":5,""physical_error_rate"":0.0001}","{""detection_events"":3931,""detectors_checked"":8945664}"
     52224,         0,         0,   0.565,exact_mw,f32ebecd8e105e50ec838d33c5ed9b45444b6b44a3c6ac541111079f2b14e893,"{""distance"":5,""physical_error_rate"":5e-05}","{""detection_events"":2678,""detectors_checked"":11698176}"
      4096,         0,         0,   0.051,exact_mw,70a969f5042aec17ac076c6379f4170fb7c69b8e925756ef3b7334e28a33338b,"{""distance"":5,""physical_error_rate"":0.0001}","{""detection_events"":371,""detectors_checked"":917504}"
       192,         1,         0,    1.53,exact_mw,72230d8c06b5a71069df48ede6f7f3e6128cd83e8239dd1b2e5fe023578b6eb1,"{""distance"":5,""physical_error_rate"":0.01}","{""detection_events"":1612,""detectors_checked"":43008,""obs_mistake_mask=E"":1}"
       256,         0,         0,   0.450,exact_mw,38b7ae1c4e8407fc325e0d9e43e9f92ff26dcb3f5cf7b98d24ea74c9e5188d39,"{""distance"":5,""physical_error_rate"":0.005}","{""detection_events"":1208,""detectors_checked"":57344}"
        64,         1,         0,   0.826,exact_mw,7b4896c0e7f0a510554d89637fd747b157418067a95869d1f0661294d473d1dc,"{""distance"":5,""physical_error_rate"":0.02}","{""detection_events"":1123,""detectors_checked"":14336,""obs_mistake_mask=E"":1}"
      4096,         1,         0,   0.976,exact_mw,3208f56225bbcac0e2804eb6f92d0a8b681652a702ca1ec920ccd7367f0e0899,"{""distance"":5,""physical_error_rate"":0.002}","{""detection_events"":8085,""detectors_checked"":917504,""obs_mistake_mask=E"":1}"
       256,         0,         0,   0.458,exact_mw,38b7ae1c4e8407fc325e0d9e43e9f92ff26dcb3f5cf7b98d24ea74c9e5188d39,"{""distance"":5,""physical_error_rate"":0.005}","{""detection_events"":1241,""detectors_checked"":57344}"
        64,         0,         0,   0.427,exact_mw,72230d8c06b5a71069df48ede6f7f3e6128cd83e8239dd1b2e5fe023578b6eb1,"{""distance"":5,""physical_error_rate"":0.01}","{""detection_events"":558,""detectors_checked"":14336}"
     12288,         0,         0,   0.209,exact_mw,cdc4a450a40af8e24899239080e4c40992fb5baf91c5a31ab3a165eacb3a1ab3,"{""distance"":5,""physical_error_rate"":0.0002}","{""detection_events"":2429,""detectors_checked"":2752512}"
     17408,         0,         0,   0.295,exact_mw,70a969f5042aec17ac076c6379f4170fb7c69b8e925756ef3b7334e28a33338b,"{""distance"":5,""physical_error_rate"":0.0001}","{""detection_events"":1639,""detectors_checked"":3899392}"
      6144,         0,         0,   0.077,exact_mw,70a969f5042aec17ac076c6379f4170fb7c69b8e925756ef3b7334e28a33338b,"{""distance"":5,""physical_error_rate"":0.0001}","{""detection_events"":587,""detectors_checked"":1376256}"
      1536,         2,         0,    3.37,exact_mw,38b7ae1c4e8407fc325e0d9e43e9f92ff26dcb3f5cf7b98d24ea74c9e5188d39,"{""distance"":5,""physical_error_rate"":0.005}","{""detection_events"":7340,""detectors_checked"":344064,""obs_mistake_mask=E"":2}"
    391168,         0,         0,    5.96,exact_mw,cb12ae119b9b2ba18d0216e7235b403229e92fd0743ede48fe7f1a2c6f45d594,"{""distance"":5,""physical_error_rate"":0.0005}","{""detection_events"":192044,""detectors_checked"":87621632}"
       256,         0,         0,   0.509,exact_mw,38b7ae1c4e8407fc325e0d9e43e9f92ff26dcb3f5cf7b98d24ea74c9e5188d39,"{""distance"":5,""physical_error_rate"":0.005}","{""detection_events"":1292,""detectors_checked"":57344}"
     36864,         0,         0,    4.37,exact_mw,bb90ec3459e353008cf9a5bb9142bf1e8515517a9e167021b225104594e48e8a,"{""distance"":5,""physical_error_rate"":0.001}","{""detection_events"":36334,""detectors_checked"":8257536}"
     54272,         0,         0,    2.20,exact_mw,bb90ec3459e353008cf9a5bb9142bf1e8515517a9e167021b225104594e48e8a,"{""distance"":5,""physical_error_rate"":0.001}","{""detection_events"":53606,""detectors_checked"":12156928}"
     38912,         0,         0,   0.824,exact_mw,cb12ae119b9b2ba18d0216e7235b403229e92fd0743ede48fe7f1a2c6f45d594,"{""distance"":5,""physical_error_rate"":0.0005}","{""detection_events"":18980,""detectors_checked"":8716288}"
     43008,         0,         0,    1.52,exact_mw,f32ebecd8e105e50ec838d33c5ed9b45444b6b44a3c6ac541111079f2b14e893,"{""distance"":5,""physical_error_rate"":5e-05}","{""detection_events"":2206,""detectors_checked"":9633792}"
     55296,         0,         0,    2.18,exact_mw,70a969f5042aec17ac076c6379f4170fb7c69b8e925756ef3b7334e28a33338b,"{""distance"":5,""physical_error_rate"":0.0001}","{""detection_events"":5463,""detectors_checked"":12386304}"
       512,         1,         0,    1.24,exact_mw,38b7ae1c4e8407fc325e0d9e43e9f92ff26dcb3f5cf7b98d24ea74c9e5188d39,"{""distance"":5,""physical_error_rate"":0.005}","{""detection_events"":2405,""detectors_checked"":114688,""obs_mistake_mask=E"":1}"
      8192,         0,         0,   0.082,exact_mw,70a969f5042aec17ac076c6379f4170fb7c69b8e925756ef3b7334e28a33338b,"{""distance"":5,""physical_error_rate"":0.0001}","{""detection_events"":784,""detectors_checked"":1835008}"
        64,         0,         0,   0.450,exact_mw,72230d8c06b5a71069df48ede6f7f3e6128cd83e8239dd1b2e5fe023578b6eb1,"{""distance"":5,""physical_error_rate"":0.01}","{""detection_events"":650,""detectors_checked"":14336}"
     60416,         0,         0,    2.15,exact_mw,f32ebecd8e105e50ec838d33c5ed9b45444b6b44a3c6ac541111079f2b14e893,"{""distance"":5,""physical_error_rate"":5e-05}","{""detection_events"":3012,""detectors_checked"":13533184}"
      7168,         2,         0,    1.62,exact_mw,3208f56225bbcac0e2804eb6f92d0a8b681652a702ca1ec920ccd7367f0e0899,"{""distance"":5,""physical_error_rate"":0.002}","{""detection_events"":13898,""detectors_checked"":1605632,""obs_mistake_mask=E"":2}"
       256,         1,         0,    1.77,exact_mw,72230d8c06b5a71069df48ede6f7f3e6128cd83e8239dd1b2e5fe023578b6eb1,"{""distance"":5,""physical_error_rate"":0.01}","{""detection_events"":2421,""detectors_checked"":57344,""obs_mistake_mask=E"":1}"
     10240,         0,         0,   0.148,exact_mw,70a969f5042aec17ac076c6379f4170fb7c69b8e925756ef3b7334e28a33338b,"{""distance"":5,""physical_error_rate"":0.0001}","{""detection_events"":996,""detectors_checked"":2293760}"
       256,         0,         0,   0.310,exact_mw,38b7ae1c4e8407fc325e0d9e43e9f92ff26dcb3f5cf7b98d24ea74c9e5188d39,"{""distance"":5,""physical_error_rate"":0.005}","{""detection_events"":1216,""detectors_checked"":57344}"
       256,         0,         0,    1.89,exact_mw,72230d8c06b5a71069df48ede6f7f3e6128cd83e8239dd1b2e5fe023578b6eb1,"{""distance"":5,""physical_error_rate"":0.01}","{""detection_events"":2317,""detectors_checked"":57344}"
    201728,         0,         0,    2.16,exact_mw,70a969f5042aec17ac076c6379f4170fb7c69b8e925756ef3b7334e28a33338b,"{""distance"":5,""physical_error_rate"":0.0001}","{""detection_events"":20470,""detectors_checked"":45187072}"
      2048,         4,         0,    5.43,exact_mw,38b7ae1c4e8407fc325e0d9e43e9f92ff26dcb3f5cf7b98d24ea74c9e5188d39,"{""distance"":5,""physical_error_rate"":0.005}","{""detection_events"":9935,""detectors_checked"":458752,""obs_mistake_mask=E"":4}"
     17408,         0,         0,   0.305,exact_mw,cdc4a450a40af8e24899239080e4c40992fb5baf91c5a31ab3a165eacb3a1ab3,"{""distance"":5,""physical_error_rate"":0.0002}","{""detection_events"":3370,""detectors_checked"":3899392}"
        17,         1,         0,   0.132,exact_mw,7b4896c0e7f0a510554d89637fd747b157418067a95869d1f0661294d473d1dc,"{""distance"":5,""physical_error_rate"":0.02}","{""detection_events"":254,""detectors_checked"":3808,""obs_mistake_mask=E"":1}"
        64,         0,         0,   0.388,exact_mw,72230d8c06b5a71069df48ede6f7f3e6128cd83e8239dd1b2e5fe023578b6eb1,"{""distance"":5,""physical_error_rate"":0.01}","{""detection_events"":555,""detectors_checked"":14336}"
     38912,         0,         0,   0.800,exact_mw,cb12ae119b9b2ba18d0216e7235b403229e92fd0743ede48fe7f1a2c6f45d594,"{""distance"":5,""physical_error_rate"":0.0005}","{""detection_events"":19444,""detectors_checked"":8716288}"
    779264,         0,         0,    2.16,exact_mw,cdc4a450a40af8e24899239080e4c40992fb5baf91c5a31ab3a165eacb3a1ab3,"{""distance"":5,""physical_error_rate"":0.0002}","{""detection_events"":153428,""detectors_checked"":174555136}"
       896,         0,         0,    4.97,exact_mw,38b7ae1c4e8407fc325e0d9e43e9f92ff26dcb3f5cf7b98d24ea74c9e5188d39,"{""distance"":5,""physical_error_rate"":0.005}","{""detection_events"":4252,""detectors_checked"":200704}"
     17408,         0,         0,    4.36,exact_mw,3208f56225bbcac0e2804eb6f92d0a8b681652a702ca1ec920ccd7367f0e0899,"{""distance"":5,""physical_error_rate"":0.002}","{""detection_events"":33960,""detectors_checked"":3899392}"
       256,         0,         0,   0.789,exact_mw,38b7ae1c4e8407fc325e0d9e43e9f92ff26dcb3f5cf7b98d24ea74c9e5188d39,"{""distance"":5,""physical_error_rate"":0.005}","{""detection_events"":1409,""detectors_checked"":57344}"
    397312,         0,         0,    4.22,exact_mw,70a969f5042aec17ac076c6379f4170fb7c69b8e925756ef3b7334e28a33338b,"{""distance"":5,""physical_error_rate"":0.0001}","{""detection_events"":39259,""detectors_checked"":88997888}"
     25600,         0,         0,   0.411,exact_mw,70a969f5042aec17ac076c6379f4170fb7c69b8e925756ef3b7334e28a33338b,"{""distance"":5,""physical_error_rate"":0.0001}","{""detection_events"":2621,""detectors_checked"":5734400}"
        32,         0,         0,   0.678,exact_mw,72230d8c06b5a71069df48ede6f7f3e6128cd83e8239dd1b2e5fe023578b6eb1,"{""distance"":5,""physical_error_rate"":0.01}","{""detection_events"":321,""detectors_checked"":7168}"
       256,         0,         0,   0.535,exact_mw,38b7ae1c4e8407fc325e0d9e43e9f92ff26dcb3f5cf7b98d24ea74c9e5188d39,"{""distance"":5,""physical_error_rate"":0.005}","{""detection_events"":1279,""detectors_checked"":57344}"
     15360,         0,         0,   0.202,exact_mw,70a969f5042aec17ac076c6379f4170fb7c69b8e925756ef3b7334e28a33338b,"{""distance"":5,""physical_error_rate"":0.0001}","{""detection_events"":1573,""detectors_checked"":3440640}"
     28672,         0,         0,    1.12,exact_mw,bb90ec3459e353008cf9a5bb9142bf1e8515517a9e167021b225104594e48e8a,"{""distance"":5,""physical_error_rate"":0.001}","{""detection_events"":28217,""detectors_checked"":6422528}"
    210944,         0,         0,    4.14,exact_mw,cb12ae119b9b2ba18d0216e7235b403229e92fd0743ede48fe7f1a2c6f45d594,"{""distance"":5,""physical_error_rate"":0.0005}","{""detection_events"":103305,""detectors_checked"":47251456}"
    504832,         0,         0,    5.89,exact_mw,70a969f5042aec17ac076c6379f4170fb7c69b8e925756ef3b7334e28a33338b,"{""distance"":5,""physical_error_rate"":0.0001}","{""detection_events"":49452,""detectors_checked"":113082368}"
       256,         0,         0,   0.288,exact_mw,38b7ae1c4e8407fc325e0d9e43e9f92ff26dcb3f5cf7b98d24ea74c9e5188d39,"{""distance"":5,""physical_error_rate"":0.005}","{""detection_events"":1229,""detectors_checked"":57344}"
    218112,         1,         0,    4.23,exact_mw,cb12ae119b9b2ba18d0216e7235b403229e92fd0743ede48fe7f1a2c6f45d594,"{""distance"":5,""physical_error_rate"":0.0005}","{""detection_events"":107629,""detectors_checked"":48857088,""obs_mistake_mask=E"":1}"
        64,         0,         0,   0.498,exact_mw,72230d8c06b5a71069df48ede6f7f3e6128cd83e8239dd1b2e5fe023578b6eb1,"{""distance"":5,""physical_error_rate"":0.01}","{""detection_events"":680,""detectors_checked"":14336}"
       640,         6,         0,    3.37,exact_mw,72230d8c06b5a71069df48ede6f7f3e6128cd83e8239dd1b2e5fe023578b6eb1,"{""distance"":5,""physical_error_rate"":0.01}","{""detection_events"":5800,""detectors_checked"":143360,""obs_mistake_mask=E"":6}"
       256,         9,         0,    3.37,exact_mw,7b4896c0e7f0a510554d89637fd747b157418067a95869d1f0661294d473d1dc,"{""distance"":5,""physical_error_rate"":0.02}","{""detection_events"":4601,""detectors_checked"":57344,""obs_mistake_mask=E"":9}"
       512,         0,         0,   0.969,exact_mw,38b7ae1c4e8407fc325e0d9e43e9f92ff26dcb3f5cf7b98d24ea74c9e5188d39,"{""distance"":5,""physical_error_rate"":0.005}","{""detection_events"":2293,""detectors_checked"":114688}"
    133120,         0,         0,   0.748,exact_mw,f32ebecd8e105e50ec838d33c5ed9b45444b6b44a3c6ac541111079f2b14e893,"{""distance"":5,""physical_error_rate"":5e-05}","{""detection_events"":6584,""detectors_checked"":29818880}"
    118784,         0,         0,    6.00,exact_mw,bb90ec3459e353008cf9a5bb9142bf1e8515517a9e167021b225104594e48e8a,"{""distance"":5,""physical_error_rate"":0.001}","{""detection_events"":116971,""detectors_checked"":26607616}"
     16384,         1,         0,    4.45,exact_mw,3208f56225bbcac0e2804eb6f92d0a8b681652a702ca1ec920ccd7367f0e0899,"{""distance"":5,""physical_error_rate"":0.002}","{""detection_events"":32382,""detectors_checked"":3670016,""obs_mistake_mask=E"":1}"
     25600,         0,         0,   0.421,exact_mw,cdc4a450a40af8e24899239080e4c40992fb5baf91c5a31ab3a165eacb3a1ab3,"{""distance"":5,""physical_error_rate"":0.0002}","{""detection_events"":5060,""detectors_checked"":5734400}"
       256,         0,         0,   0.681,exact_mw,38b7ae1c4e8407fc325e0d9e43e9f92ff26dcb3f5cf7b98d24ea74c9e5188d39,"{""distance"":5,""physical_error_rate"":0.005}","{""detection_events"":1327,""detectors_checked"":57344}"
       128,         1,         0,   0.974,exact_mw,72230d8c06b5a71069df48ede6f7f3e6128cd83e8239dd1b2e5fe023578b6eb1,"{""distance"":5,""physical_error_rate"":0.01}","{""detection_events"":1264,""detectors_checked"":28672,""obs_mistake_mask=E"":1}"
       128,         0,         0,    1.23,exact_mw,72230d8c06b5a71069df48ede6f7f3e6128cd83e8239dd1b2e5fe023578b6eb1,"{""distance"":5,""physical_error_rate"":0.01}","{""detection_events"":1133,""detectors_checked"":28672}"
     22528,         0,         0,   0.301,exact_mw,70a969f5042aec17ac076c6379f4170fb7c69b8e925756ef3b7334e28a33338b,"{""distance"":5,""physical_error_rate"":0.0001}","{""detection_events"":2263,""detectors_checked"":5046272}"
        64,         3,         0,    2.30,exact_mw,7b4896c0e7f0a510554d89637fd747b157418067a95869d1f0661294d473d1dc,"{""distance"":5,""physical_error_rate"":0.02}","{""detection_events"":1116,""detectors_checked"":14336,""obs_mistake_mask=E"":3}"
        64,         3,         0,   0.856,exact_mw,7b4896c0e7f0a510554d89637fd747b157418067a95869d1f0661294d473d1dc,"{""distance"":5,""physical_error_rate"":0.02}","{""detection_events"":1115,""detectors_checked"":14336,""obs_mistake_mask=E"":3}"
    290816,         0,         0,    4.17,exact_mw,cdc4a450a40af8e24899239080e4c40992fb5baf91c5a31ab3a165eacb3a1ab3,"{""distance"":5,""physical_error_rate"":0.0002}","{""detection_events"":56738,""detectors_checked"":65142784}"
        64,         2,         0,   0.521,exact_mw,72230d8c06b5a71069df48ede6f7f3e6128cd83e8239dd1b2e5fe023578b6eb1,"{""distance"":5,""physical_error_rate"":0.01}","{""detection_events"":630,""detectors_checked"":14336,""obs_mistake_mask=E"":2}"
       256,         1,         0,   0.505,exact_mw,38b7ae1c4e8407fc325e0d9e43e9f92ff26dcb3f5cf7b98d24ea74c9e5188d39,"{""distance"":5,""physical_error_rate"":0.005}","{""detection_events"":1349,""detectors_checked"":57344,""obs_mistake_mask=E"":1}"
    378880,         0,         0,    4.21,exact_mw,cdc4a450a40af8e24899239080e4c40992fb5baf91c5a31ab3a165eacb3a1ab3,"{""distance"":5,""physical_error_rate"":0.0002}","{""detection_events"":74477,""detectors_checked"":84869120}"
       256,         0,         0,   0.454,exact_mw,38b7ae1c4e8407fc325e0d9e43e9f92ff26dcb3f5cf7b98d24ea74c9e5188d39,"{""distance"":5,""physical_error_rate"":0.005}","{""detection_events"":1279,""detectors_checked"":57344}"
    308224,         0,         0,    4.19,exact_mw,cb12ae119b9b2ba18d0216e7235b403229e92fd0743ede48fe7f1a2c6f45d594,"{""distance"":5,""physical_error_rate"":0.0005}","{""detection_events"":152104,""detectors_checked"":69042176}"
       256,         7,         0,    3.38,exact_mw,7b4896c0e7f0a510554d89637fd747b157418067a95869d1f0661294d473d1dc,"{""distance"":5,""physical_error_rate"":0.02}","{""detection_events"":4504,""detectors_checked"":57344,""obs_mistake_mask=E"":7}"
     33792,         0,         0,   0.567,exact_mw,70a969f5042aec17ac076c6379f4170fb7c69b8e925756ef3b7334e28a33338b,"{""distance"":5,""physical_error_rate"":0.0001}","{""detection_events"":3416,""detectors_checked"":7569408}"
      6144,         0,         0,    1.62,exact_mw,3208f56225bbcac0e2804eb6f92d0a8b681652a702ca1ec920ccd7367f0e0899,"{""distance"":5,""physical_error_rate"":0.002}","{""detection_events"":12242,""detectors_checked"":1376256}"
        64,         1,         0,    1.38,exact_mw,72230d8c06b5a71069df48ede6f7f3e6128cd83e8239dd1b2e5fe023578b6eb1,"{""distance"":5,""physical_error_rate"":0.01}","{""detection_events"":658,""detectors_checked"":14336,""obs_mistake_mask=E"":1}"
        64,         0,         0,   0.404,exact_mw,72230d8c06b5a71069df48ede6f7f3e6128cd83e8239dd1b2e5fe023578b6eb1,"{""distance"":5,""physical_error_rate"":0.01}","{""detection_events"":543,""detectors_checked"":14336}"
       128,         4,         0,    1.26,exact_mw,7b4896c0e7f0a510554d89637fd747b157418067a95869d1f0661294d473d1dc,"{""distance"":5,""physical_error_rate"":0.02}","{""detection_events"":2225,""detectors_checked"":28672,""obs_mistake_mask=E"":4}"
       192,         6,         0,    2.40,exact_mw,7b4896c0e7f0a510554d89637fd747b157418067a95869d1f0661294d473d1dc,"{""distance"":5,""physical_error_rate"":0.02}","{""detection_events"":3173,""detectors_checked"":43008,""obs_mistake_mask=E"":6}"
        64,         1,         0,   0.805,exact_mw,7b4896c0e7f0a510554d89637fd747b157418067a95869d1f0661294d473d1dc,"{""distance"":5,""physical_error_rate"":0.02}","{""detection_events"":1142,""detectors_checked"":14336,""obs_mistake_mask=E"":1}"
    111616,         0,         0,    4.25,exact_mw,70a969f5042aec17ac076c6379f4170fb7c69b8e925756ef3b7334e28a33338b,"{""distance"":5,""physical_error_rate"":0.0001}","{""detection_events"":10737,""detectors_checked"":25001984}"
      5120,         2,         0,    1.22,exact_mw,3208f56225bbcac0e2804eb6f92d0a8b681652a702ca1ec920ccd7367f0e0899,"{""distance"":5,""physical_error_rate"":0.002}","{""detection_events"":9658,""detectors_checked"":1146880,""obs_mistake_mask=E"":2}"
     57344,         0,         0,    1.12,exact_mw,cb12ae119b9b2ba18d0216e7235b403229e92fd0743ede48fe7f1a2c6f45d594,"{""distance"":5,""physical_error_rate"":0.0005}","{""detection_events"":28262,""detectors_checked"":12845056}"
       512,         0,         0,   0.633,exact_mw,38b7ae1c4e8407fc325e0d9e43e9f92ff26dcb3f5cf7b98d24ea74c9e5188d39,"{""distance"":5,""physical_error_rate"":0.005}","{""detection_events"":2442,""detectors_checked"":114688}"
     30720,         0,         0,   0.418,exact_mw,70a969f5042aec17ac076c6379f4170fb7c69b8e925756ef3b7334e28a33338b,"{""distance"":5,""physical_error_rate"":0.0001}","{""detection_events"":3287,""detectors_checked"":6881280}"
    429056,         0,         0,    5.92,exact_mw,cdc4a450a40af8e24899239080e4c40992fb5baf91c5a31ab3a165eacb3a1ab3,"{""distance"":5,""physical_error_rate"":0.0002}","{""detection_events"":84565,""detectors_checked"":96108544}"
       256,         0,         0,   0.546,exact_mw,38b7ae1c4e8407fc325e0d9e43e9f92ff26dcb3f5cf7b98d24ea74c9e5188d39,"{""distance"":5,""physical_error_rate"":0.005}","{""detection_events"":1152,""detectors_checked"":57344}"
     33792,         0,         0,   0.568,exact_mw,cdc4a450a40af8e24899239080e4c40992fb5baf91c5a31ab3a165eacb3a1ab3,"{""distance"":5,""physical_error_rate"":0.0002}","{""detection_events"":6502,""detectors_checked"":7569408}"
       512,         1,         0,    1.17,exact_mw,38b7ae1c4e8407fc325e0d9e43e9f92ff26dcb3f5cf7b98d24ea74c9e5188d39,"{""distance"":5,""physical_error_rate"":0.005}","{""detection_events"":2252,""detectors_checked"":114688,""obs_mistake_mask=E"":1}"
        64,         0,         0,   0.426,exact_mw,72230d8c06b5a71069df48ede6f7f3e6128cd83e8239dd1b2e5fe023578b6eb1,"{""distance"":5,""physical_error_rate"":0.01}","{""detection_events"":606,""detectors_checked"":14336}"
       256,         8,         0,    2.64,exact_mw,7b4896c0e7f0a510554d89637fd747b157418067a95869d1f0661294d473d1dc,"{""distance"":5,""physical_error_rate"":0.02}","{""detection_events"":4512,""detectors_checked"":57344,""obs_mistake_mask=E"":8}"
    191488,         0,         0,    1.53,exact_mw,f32ebecd8e105e50ec838d33c5ed9b45444b6b44a3c6ac541111079f2b14e893,"{""distance"":5,""physical_error_rate"":5e-05}","{""detection_events"":9620,""detectors_checked"":42893312}"
       256,         0,         0,   0.416,exact_mw,38b7ae1c4e8407fc325e0d9e43e9f92ff26dcb3f5cf7b98d24ea74c9e5188d39,"{""distance"":5,""physical_error_rate"":0.005}","{""detection_events"":1256,""detectors_checked"":57344}"
     58368,         0,         0,    2.18,exact_mw,cdc4a450a40af8e24899239080e4c40992fb5baf91c5a31ab3a165eacb3a1ab3,"{""distance"":5,""physical_error_rate"":0.0002}","{""detection_events"":10953,""detectors_checked"":13074432}"
     86016,         1,         0,    4.28,exact_mw,bb90ec3459e353008cf9a5bb9142bf1e8515517a9e167021b225104594e48e8a,"{""distance"":5,""physical_error_rate"":0.001}","{""detection_events"":83975,""detectors_checked"":19267584,""obs_mistake_mask=E"":1}"
     46080,         0,         0,    1.11,exact_mw,cb12ae119b9b2ba18d0216e7235b403229e92fd0743ede48fe7f1a2c6f45d594,"{""distance"":5,""physical_error_rate"":0.0005}","{""detection_events"":22306,""detectors_checked"":10321920}"
     19456,         0,         0,    4.30,exact_mw,3208f56225bbcac0e2804eb6f92d0a8b681652a702ca1ec920ccd7367f0e0899,"{""distance"":5,""physical_error_rate"":0.002}","{""detection_events"":37514,""detectors_checked"":4358144}"
       256,         0,         0,   0.618,exact_mw,38b7ae1c4e8407fc325e0d9e43e9f92ff26dcb3f5cf7b98d24ea74c9e5188d39,"{""distance"":5,""physical_error_rate"":0.005}","{""detection_events"":1225,""detectors_checked"":57344}"
        64,         0,         0,    1.15,exact_mw,72230d8c06b5a71069df48ede6f7f3e6128cd83e8239dd1b2e5fe023578b6eb1,"{""distance"":5,""physical_error_rate"":0.01}","{""detection_events"":640,""detectors_checked"":14336}"
     24576,         2,         0,    4.63,exact_mw,3208f56225bbcac0e2804eb6f92d0a8b681652a702ca1ec920ccd7367f0e0899,"{""distance"":5,""physical_error_rate"":0.002}","{""detection_events"":48134,""detectors_checked"":5505024,""obs_mistake_mask=E"":2}"
     60416,         0,         0,    2.98,exact_mw,cb12ae119b9b2ba18d0216e7235b403229e92fd0743ede48fe7f1a2c6f45d594,"{""distance"":5,""physical_error_rate"":0.0005}","{""detection_events"":29867,""detectors_checked"":13533184}"
       128,         8,         0,    1.92,exact_mw,7b4896c0e7f0a510554d89637fd747b157418067a95869d1f0661294d473d1dc,"{""distance"":5,""physical_error_rate"":0.02}","{""detection_events"":2212,""detectors_checked"":28672,""obs_mistake_mask=E"":8}"
       640,         3,         0,    3.75,exact_mw,72230d8c06b5a71069df48ede6f7f3e6128cd83e8239dd1b2e5fe023578b6eb1,"{""distance"":5,""physical_error_rate"":0.01}","{""detection_events"":5965,""detectors_checked"":143360,""obs_mistake_mask=E"":3}"
       128,         1,         0,   0.927,exact_mw,72230d8c06b5a71069df48ede6f7f3e6128cd83e8239dd1b2e5fe023578b6eb1,"{""distance"":5,""physical_error_rate"":0.01}","{""detection_events"":1179,""detectors_checked"":28672,""obs_mistake_mask=E"":1}"
        64,         5,         0,   0.876,exact_mw,7b4896c0e7f0a510554d89637fd747b157418067a95869d1f0661294d473d1dc,"{""distance"":5,""physical_error_rate"":0.02}","{""detection_events"":1157,""detectors_checked"":14336,""obs_mistake_mask=E"":5}"
       128,         1,         0,   0.708,exact_mw,72230d8c06b5a71069df48ede6f7f3e6128cd83e8239dd1b2e5fe023578b6eb1,"{""distance"":5,""physical_error_rate"":0.01}","{""detection_events"":1149,""detectors_checked"":28672,""obs_mistake_mask=E"":1}"
        64,         0,         0,   0.451,exact_mw,72230d8c06b5a71069df48ede6f7f3e6128cd83e8239dd1b2e5fe023578b6eb1,"{""distance"":5,""physical_error_rate"":0.01}","{""detection_events"":599,""detectors_checked"":14336}"
     22528,         0,         0,    4.31,exact_mw,3208f56225bbcac0e2804eb6f92d0a8b681652a702ca1ec920ccd7367f0e0899,"{""distance"":5,""physical_error_rate"":0.002}","{""detection_events"":43937,""detectors_checked"":5046272}"
     41984,         0,         0,   0.573,exact_mw,70a969f5042aec17ac076c6379f4170fb7c69b8e925756ef3b7334e28a33338b,"{""distance"":5,""physical_error_rate"":0.0001}","{""detection_events"":4244,""detectors_checked"":9404416}"
     55296,         0,         0,   0.797,exact_mw,70a969f5042aec17ac076c6379f4170fb7c69b8e925756ef3b7334e28a33338b,"{""distance"":5,""physical_error_rate"":0.0001}","{""detection_events"":5589,""detectors_checked"":12386304}"
    125952,         0,         0,    1.09,exact_mw,f32ebecd8e105e50ec838d33c5ed9b45444b6b44a3c6ac541111079f2b14e893,"{""distance"":5,""physical_error_rate"":5e-05}","{""detection_events"":6488,""detectors_checked"":28213248}"
       256,         4,         0,    1.91,exact_mw,72230d8c06b5a71069df48ede6f7f3e6128cd83e8239dd1b2e5fe023578b6eb1,"{""distance"":5,""physical_error_rate"":0.01}","{""detection_events"":2306,""detectors_checked"":57344,""obs_mistake_mask=E"":4}"
     12288,         1,         0,    2.38,exact_mw,3208f56225bbcac0e2804eb6f92d0a8b681652a702ca1ec920ccd7367f0e0899,"{""distance"":5,""physical_error_rate"":0.002}","{""detection_events"":23650,""detectors_checked"":2752512,""obs_mistake_mask=E"":1}"
       512,         0,         0,    1.17,exact_mw,38b7ae1c4e8407fc325e0d9e43e9f92ff26dcb3f5cf7b98d24ea74c9e5188d39,"{""distance"":5,""physical_error_rate"":0.005}","{""detection_events"":2571,""detectors_checked"":114688}"
     79872,         0,         0,    3.00,exact_mw,f32ebecd8e105e50ec838d33c5ed9b45444b6b44a3c6ac541111079f2b14e893,"{""distance"":5,""physical_error_rate"":5e-05}","{""detection_events"":3956,""detectors_checked"":17891328}"
         1,         0,         0,   0.020,exact_mw,cdc4a450a40af8e24899239080e4c40992fb5baf91c5a31ab3a165eacb3a1ab3,"{""distance"":5,""physical_error_rate"":0.0002}","{""detectors_checked"":224}"
       512,         0,         0,   0.681,exact_mw,38b7ae1c4e8407fc325e0d9e43e9f92ff26dcb3f5cf7b98d24ea74c9e5188d39,"{""distance"":5,""physical_error_rate"":0.005}","{""detection_events"":2341,""detectors_checked"":114688}"
       256,         0,         0,   0.630,exact_mw,38b7ae1c4e8407fc325e0d9e43e9f92ff26dcb3f5cf7b98d24ea74c9e5188d39,"{""distance"":5,""physical_error_rate"":0.005}","{""detection_events"":1238,""detectors_checked"":57344}"
      1296,         0,         0,   0.052,exact_mw,cdc4a450a40af8e24899239080e4c40992fb5baf91c5a31ab3a165eacb3a1ab3,"{""distance"":5,""physical_error_rate"":0.0002}","{""detection_events"":295,""detectors_checked"":290304}"
    177152,         0,         0,    3.01,exact_mw,cdc4a450a40af8e24899239080e4c40992fb5baf91c5a31ab3a165eacb3a1ab3,"{""distance"":5,""physical_error_rate"":0.0002}","{""detection_events"":34653,""detectors_checked"":39682048}"
      2048,         0,         0,   0.054,exact_mw,cdc4a450a40af8e24899239080e4c40992fb5baf91c5a31ab3a165eacb3a1ab3,"{""distance"":5,""physical_error_rate"":0.0002}","{""detection_events"":366,""detectors_checked"":458752}"
       192,         1,         0,    3.30,exact_mw,72230d8c06b5a71069df48ede6f7f3e6128cd83e8239dd1b2e5fe023578b6eb1,"{""distance"":5,""physical_error_rate"":0.01}","{""detection_events"":1653,""detectors_checked"":43008,""obs_mistake_mask=E"":1}"
      1024,         0,         0,   0.051,exact_mw,cdc4a450a40af8e24899239080e4c40992fb5baf91c5a31ab3a165eacb3a1ab3,"{""distance"":5,""physical_error_rate"":0.0002}","{""detection_events"":213,""detectors_checked"":229376}"
       256,         1,         0,   0.529,exact_mw,38b7ae1c4e8407fc325e0d9e43e9f92ff26dcb3f5cf7b98d24ea74c9e5188d39,"{""distance"":5,""physical_error_rate"":0.005}","{""detection_events"":1226,""detectors_checked"":57344,""obs_mistake_mask=E"":1}"
     62464,         0,         0,    2.10,exact_mw,70a969f5042aec17ac076c6379f4170fb7c69b8e925756ef3b7334e28a33338b,"{""distance"":5,""physical_error_rate"":0.0001}","{""detection_events"":6165,""detectors_checked"":13991936}"
     40960,         0,         0,    1.57,exact_mw,bb90ec3459e353008cf9a5bb9142bf1e8515517a9e167021b225104594e48e8a,"{""distance"":5,""physical_error_rate"":0.001}","{""detection_events"":39749,""detectors_checked"":9175040}"
      1024,         0,         0,   0.051,exact_mw,cdc4a450a40af8e24899239080e4c40992fb5baf91c5a31ab3a165eacb3a1ab3,"{""distance"":5,""physical_error_rate"":0.0002}","{""detection_events"":200,""detectors_checked"":229376}"
     56320,         0,         0,   0.775,exact_mw,cdc4a450a40af8e24899239080e4c40992fb5baf91c5a31ab3a165eacb3a1ab3,"{""distance"":5,""physical_error_rate"":0.0002}","{""detection_events"":11174,""detectors_checked"":12615680}"
      2048,         0,         0,   0.054,exact_mw,cdc4a450a40af8e24899239080e4c40992fb5baf91c5a31ab3a165eacb3a1ab3,"{""distance"":5,""physical_error_rate"":0.0002}","{""detection_events"":403,""detectors_checked"":458752}"
        64,         0,         0,   0.402,exact_mw,72230d8c06b5a71069df48ede6f7f3e6128cd83e8239dd1b2e5fe023578b6eb1,"{""distance"":5,""physical_error_rate"":0.01}","{""detection_events"":582,""detectors_checked"":14336}"
    723968,         0,         0,    5.88,exact_mw,f32ebecd8e105e50ec838d33c5ed9b45444b6b44a3c6ac541111079f2b14e893,"{""distance"":5,""physical_error_rate"":5e-05}","{""detection_events"":35880,""detectors_checked"":162168832}"
       192,         2,         0,    3.12,exact_mw,72230d8c06b5a71069df48ede6f7f3e6128cd83e8239dd1b2e5fe023578b6eb1,"{""distance"":5,""physical_error_rate"":0.01}","{""detection_events"":1730,""detectors_checked"":43008,""obs_mistake_mask=E"":2}"
      2048,         0,         0,   0.105,exact_mw,cdc4a450a40af8e24899239080e4c40992fb5baf91c5a31ab3a165eacb3a1ab3,"{""distance"":5,""physical_error_rate"":0.0002}","{""detection_events"":407,""detectors_checked"":458752}"
     58368,         0,         0,    2.19,exact_mw,f32ebecd8e105e50ec838d33c5ed9b45444b6b44a3c6ac541111079f2b14e893,"{""distance"":5,""physical_error_rate"":5e-05}","{""detection_events"":2790,""detectors_checked"":13074432}"
       512,         0,         0,   0.918,exact_mw,38b7ae1c4e8407fc325e0d9e43e9f92ff26dcb3f5cf7b98d24ea74c9e5188d39,"{""distance"":5,""physical_error_rate"":0.005}","{""detection_events"":2355,""detectors_checked"":114688}"
      3072,         0,         0,   0.105,exact_mw,cdc4a450a40af8e24899239080e4c40992fb5baf91c5a31ab3a165eacb3a1ab3,"{""distance"":5,""physical_error_rate"":0.0002}","{""detection_events"":578,""detectors_checked"":688128}"
    165888,         0,         0,    5.98,exact_mw,70a969f5042aec17ac076c6379f4170fb7c69b8e925756ef3b7334e28a33338b,"{""distance"":5,""physical_error_rate"":0.0001}","{""detection_events"":16722,""detectors_checked"":37158912}"
        64,         0,         0,    1.30,exact_mw,72230d8c06b5a71069df48ede6f7f3e6128cd83e8239dd1b2e5fe023578b6eb1,"{""distance"":5,""physical_error_rate"":0.01}","{""detection_events"":655,""detectors_checked"":14336}"
       512,         6,         0,    3.54,exact_mw,72230d8c06b5a71069df48ede6f7f3e6128cd83e8239dd1b2e5fe023578b6eb1,"{""distance"":5,""physical_error_rate"":0.01}","{""detection_events"":4732,""detectors_checked"":114688,""obs_mistake_mask=E"":6}"
       640,         0,         0,    3.32,exact_mw,38b7ae1c4e8407fc325e0d9e43e9f92ff26dcb3f5cf7b98d24ea74c9e5188d39,"{""distance"":5,""physical_error_rate"":0.005}","{""detection_events"":2976,""detectors_checked"":143360}"
       320,         0,         0,    2.25,exact_mw,72230d8c06b5a71069df48ede6f7f3e6128cd83e8239dd1b2e5fe023578b6eb1,"{""distance"":5,""physical_error_rate"":0.01}","{""detection_events"":3012,""detectors_checked"":71680}"
        64,         2,         0,    1.29,exact_mw,7b4896c0e7f0a510554d89637fd747b157418067a95869d1f0661294d473d1dc,"{""distance"":5,""physical_error_rate"":0.02}","{""detection_events"":1046,""detectors_checked"":14336,""obs_mistake_mask=E"":2}"
    156672,         0,         0,    3.03,exact_mw,cb12ae119b9b2ba18d0216e7235b403229e92fd0743ede48fe7f1a2c6f45d594,"{""distance"":5,""physical_error_rate"":0.0005}","{""detection_events"":77425,""detectors_checked"":35094528}"
       128,         2,         0,   0.730,exact_mw,72230d8c06b5a71069df48ede6f7f3e6128cd83e8239dd1b2e5fe023578b6eb1,"{""distance"":5,""physical_error_rate"":0.01}","{""detection_events"":1240,""detectors_checked"":28672,""obs_mistake_mask=E"":2}"
      4096,         0,         0,   0.155,exact_mw,cdc4a450a40af8e24899239080e4c40992fb5baf91c5a31ab3a165eacb3a1ab3,"{""distance"":5,""physical_error_rate"":0.0002}","{""detection_events"":743,""detectors_checked"":917504}"
    388096,         0,         0,    5.88,exact_mw,cb12ae119b9b2ba18d0216e7235b403229e92fd0743ede48fe7f1a2c6f45d594,"{""distance"":5,""physical_error_rate"":0.0005}","{""detection_events"":190457,""detectors_checked"":86933504}"
       128,         3,         0,   0.873,exact_mw,72230d8c06b5a71069df48ede6f7f3e6128cd83e8239dd1b2e5fe023578b6eb1,"{""distance"":5,""physical_error_rate"":0.01}","{""detection_events"":1171,""detectors_checked"":28672,""obs_mistake_mask=E"":3}"
    222208,         0,         0,    3.02,exact_mw,f32ebecd8e105e50ec838d33c5ed9b45444b6b44a3c6ac541111079f2b14e893,"{""distance"":5,""physical_error_rate"":5e-05}","{""detection_events"":10926,""detectors_checked"":49774592}"
     57344,         0,         0,   0.777,exact_mw,70a969f5042aec17ac076c6379f4170fb7c69b8e925756ef3b7334e28a33338b,"{""distance"":5,""physical_error_rate"":0.0001}","{""detection_events"":5646,""detectors_checked"":12845056}"
     59392,         0,         0,    3.07,exact_mw,bb90ec3459e353008cf9a5bb9142bf1e8515517a9e167021b225104594e48e8a,"{""distance"":5,""physical_error_rate"":0.001}","{""detection_events"":58954,""detectors_checked"":13303808}"
    281600,         0,         0,    3.04,exact_mw,f32ebecd8e105e50ec838d33c5ed9b45444b6b44a3c6ac541111079f2b14e893,"{""distance"":5,""physical_error_rate"":5e-05}","{""detection_events"":13555,""detectors_checked"":63078400}"
     10240,         1,         0,    2.43,exact_mw,3208f56225bbcac0e2804eb6f92d0a8b681652a702ca1ec920ccd7367f0e0899,"{""distance"":5,""physical_error_rate"":0.002}","{""detection_events"":19797,""detectors_checked"":2293760,""obs_mistake_mask=E"":1}"
    307200,         0,         0,    4.26,exact_mw,f32ebecd8e105e50ec838d33c5ed9b45444b6b44a3c6ac541111079f2b14e893,"{""distance"":5,""physical_error_rate"":5e-05}","{""detection_events"":15224,""detectors_checked"":68812800}"
     49152,         0,         0,    3.01,exact_mw,bb90ec3459e353008cf9a5bb9142bf1e8515517a9e167021b225104594e48e8a,"{""distance"":5,""physical_error_rate"":0.001}","{""detection_events"":47859,""detectors_checked"":11010048}"
        64,         2,         0,   0.472,exact_mw,72230d8c06b5a71069df48ede6f7f3e6128cd83e8239dd1b2e5fe023578b6eb1,"{""distance"":5,""physical_error_rate"":0.01}","{""detection_events"":660,""detectors_checked"":14336,""obs_mistake_mask=E"":2}"
       512,         0,         0,   0.754,exact_mw,38b7ae1c4e8407fc325e0d9e43e9f92ff26dcb3f5cf7b98d24ea74c9e5188d39,"{""distance"":5,""physical_error_rate"":0.005}","{""detection_events"":2359,""detectors_checked"":114688}"
       256,         0,         0,   0.599,exact_mw,38b7ae1c4e8407fc325e0d9e43e9f92ff26dcb3f5cf7b98d24ea74c9e5188d39,"{""distance"":5,""physical_error_rate"":0.005}","{""detection_events"":1277,""detectors_checked"":57344}"
       256,         0,         0,   0.717,exact_mw,38b7ae1c4e8407fc325e0d9e43e9f92ff26dcb3f5cf7b98d24ea74c9e5188d39,"{""distance"":5,""physical_error_rate"":0.005}","{""detection_events"":1248,""detectors_checked"":57344}"
      6144,         0,         0,   0.209,exact_mw,cdc4a450a40af8e24899239080e4c40992fb5baf91c5a31ab3a165eacb3a1ab3,"{""distance"":5,""physical_error_rate"":0.0002}","{""detection_events"":1271,""detectors_checked"":1376256}"
       256,         5,         0,    3.28,exact_mw,7b4896c0e7f0a510554d89637fd747b157418067a95869d1f0661294d473d1dc,"{""distance"":5,""physical_error_rate"":0.02}","{""detection_events"":4262,""detectors_checked"":57344,""obs_mistake_mask=E"":5}"
     88064,         0,         0,    1.55,exact_mw,cb12ae119b9b2ba18d0216e7235b403229e92fd0743ede48fe7f1a2c6f45d594,"{""distance"":5,""physical_error_rate"":0.0005}","{""detection_events"":43091,""detectors_checked"":19726336}"
     81920,         0,         0,    1.10,exact_mw,70a969f5042aec17ac076c6379f4170fb7c69b8e925756ef3b7334e28a33338b,"{""distance"":5,""physical_error_rate"":0.0001}","{""detection_events"":7858,""detectors_checked"":18350080}"
      7168,         0,         0,    1.73,exact_mw,3208f56225bbcac0e2804eb6f92d0a8b681652a702ca1ec920ccd7367f0e0899,"{""distance"":5,""physical_error_rate"":0.002}","{""detection_events"":14341,""detectors_checked"":1605632}"
    313344,         0,         0,    5.96,exact_mw,cb12ae119b9b2ba18d0216e7235b403229e92fd0743ede48fe7f1a2c6f45d594,"{""distance"":5,""physical_error_rate"":0.0005}","{""detection_events"":154183,""detectors_checked"":70189056}"
      8192,         0,         0,   0.311,exact_mw,cdc4a450a40af8e24899239080e4c40992fb5baf91c5a31ab3a165eacb3a1ab3,"{""distance"":5,""physical_error_rate"":0.0002}","{""detection_events"":1682,""detectors_checked"":1835008}"
     71680,         0,         0,    1.53,exact_mw,cb12ae119b9b2ba18d0216e7235b403229e92fd0743ede48fe7f1a2c6f45d594,"{""distance"":5,""physical_error_rate"":0.0005}","{""detection_events"":35162,""detectors_checked"":16056320}"
        96,         0,         0,    1.48,exact_mw,72230d8c06b5a71069df48ede6f7f3e6128cd83e8239dd1b2e5fe023578b6eb1,"{""distance"":5,""physical_error_rate"":0.01}","{""detection_events"":875,""detectors_checked"":21504}"
        64,         0,         0,   0.476,exact_mw,72230d8c06b5a71069df48ede6f7f3e6128cd83e8239dd1b2e5fe023578b6eb1,"{""distance"":5,""physical_error_rate"":0.01}","{""detection_events"":593,""detectors_checked"":14336}"
    476160,         0,         0,    5.90,exact_mw,f32ebecd8e105e50ec838d33c5ed9b45444b6b44a3c6ac541111079f2b14e893,"{""distance"":5,""physical_error_rate"":5e-05}","{""detection_events"":23216,""detectors_checked"":106659840}"
     78848,         0,         0,    3.03,exact_mw,bb90ec3459e353008cf9a5bb9142bf1e8515517a9e167021b225104594e48e8a,"{""distance"":5,""physical_error_rate"":0.001}","{""detection_events"":76458,""detectors_checked"":17661952}"
        96,         2,         0,    3.27,exact_mw,7b4896c0e7f0a510554d89637fd747b157418067a95869d1f0661294d473d1dc,"{""distance"":5,""physical_error_rate"":0.02}","{""detection_events"":1601,""detectors_checked"":21504,""obs_mistake_mask=E"":2}"
       256,         8,         0,    3.32,exact_mw,7b4896c0e7f0a510554d89637fd747b157418067a95869d1f0661294d473d1dc,"{""distance"":5,""physical_error_rate"":0.02}","{""detection_events"":4563,""detectors_checked"":57344,""obs_mistake_mask=E"":8}"
       192,        13,         0,    2.04,exact_mw,7b4896c0e7f0a510554d89637fd747b157418067a95869d1f0661294d473d1dc,"{""distance"":5,""physical_error_rate"":0.02}","{""detection_events"":3571,""detectors_checked"":43008,""obs_mistake_mask=E"":13}"
       128,         0,         0,    2.40,exact_mw,72230d8c06b5a71069df48ede6f7f3e6128cd83e8239dd1b2e5fe023578b6eb1,"{""distance"":5,""physical_error_rate"":0.01}","{""detection_events"":1206,""detectors_checked"":28672}"
     94208,         0,         0,    3.05,exact_mw,70a969f5042aec17ac076c6379f4170fb7c69b8e925756ef3b7334e28a33338b,"{""distance"":5,""physical_error_rate"":0.0001}","{""detection_events"":9417,""detectors_checked"":21102592}"
     80896,         0,         0,    1.12,exact_mw,cdc4a450a40af8e24899239080e4c40992fb5baf91c5a31ab3a165eacb3a1ab3,"{""distance"":5,""physical_error_rate"":0.0002}","{""detection_events"":15804,""detectors_checked"":18120704}"
       256,         0,         0,   0.576,exact_mw,38b7ae1c4e8407fc325e0d9e43e9f92ff26dcb3f5cf7b98d24ea74c9e5188d39,"{""distance"":5,""physical_error_rate"":0.005}","{""detection_events"":1187,""detectors_checked"":57344}"
     84992,         0,         0,    3.08,exact_mw,f32ebecd8e105e50ec838d33c5ed9b45444b6b44a3c6ac541111079f2b14e893,"{""distance"":5,""physical_error_rate"":5e-05}","{""detection_events"":3962,""detectors_checked"":19038208}"
       768,         2,         0,    1.43,exact_mw,38b7ae1c4e8407fc325e0d9e43e9f92ff26dcb3f5cf7b98d24ea74c9e5188d39,"{""distance"":5,""physical_error_rate"":0.005}","{""detection_events"":3526,""detectors_checked"":172032,""obs_mistake_mask=E"":2}"
      2048,         3,         0,    4.58,exact_mw,38b7ae1c4e8407fc325e0d9e43e9f92ff26dcb3f5cf7b98d24ea74c9e5188d39,"{""distance"":5,""physical_error_rate"":0.005}","{""detection_events"":9961,""detectors_checked"":458752,""obs_mistake_mask=E"":3}"
       512,         0,         0,    1.01,exact_mw,38b7ae1c4e8407fc325e0d9e43e9f92ff26dcb3f5cf7b98d24ea74c9e5188d39,"{""distance"":5,""physical_error_rate"":0.005}","{""detection_events"":2328,""detectors_checked"":114688}"
       768,         0,         0,    1.99,exact_mw,38b7ae1c4e8407fc325e0d9e43e9f92ff26dcb3f5cf7b98d24ea74c9e5188d39,"{""distance"":5,""physical_error_rate"":0.005}","{""detection_events"":3568,""detectors_checked"":172032}"
    546816,         0,         0,    5.93,exact_mw,70a969f5042aec17ac076c6379f4170fb7c69b8e925756ef3b7334e28a33338b,"{""distance"":5,""physical_error_rate"":0.0001}","{""detection_events"":53919,""detectors_checked"":122486784}"
       256,         0,         0,   0.657,exact_mw,38b7ae1c4e8407fc325e0d9e43e9f92ff26dcb3f5cf7b98d24ea74c9e5188d39,"{""distance"":5,""physical_error_rate"":0.005}","{""detection_events"":1169,""detectors_checked"":57344}"
       128,         5,         0,    1.62,exact_mw,7b4896c0e7f0a510554d89637fd747b157418067a95869d1f0661294d473d1dc,"{""distance"":5,""physical_error_rate"":0.02}","{""detection_events"":2183,""detectors_checked"":28672,""obs_mistake_mask=E"":5}"
       384,         1,         0,    3.03,exact_mw,72230d8c06b5a71069df48ede6f7f3e6128cd83e8239dd1b2e5fe023578b6eb1,"{""distance"":5,""physical_error_rate"":0.01}","{""detection_events"":3618,""detectors_checked"":86016,""obs_mistake_mask=E"":1}"
       128,         0,         0,   0.796,exact_mw,72230d8c06b5a71069df48ede6f7f3e6128cd83e8239dd1b2e5fe023578b6eb1,"{""distance"":5,""physical_error_rate"":0.01}","{""detection_events"":1108,""detectors_checked"":28672}"
    158720,         0,         0,    3.02,exact_mw,70a969f5042aec17ac076c6379f4170fb7c69b8e925756ef3b7334e28a33338b,"{""distance"":5,""physical_error_rate"":0.0001}","{""detection_events"":15388,""detectors_checked"":35553280}"
       512,         1,         0,   0.700,exact_mw,38b7ae1c4e8407fc325e0d9e43e9f92ff26dcb3f5cf7b98d24ea74c9e5188d39,"{""distance"":5,""physical_error_rate"":0.005}","{""detection_events"":2220,""detectors_checked"":114688,""obs_mistake_mask=E"":1}"
     10240,         0,         0,    2.37,exact_mw,3208f56225bbcac0e2804eb6f92d0a8b681652a702ca1ec920ccd7367f0e0899,"{""distance"":5,""physical_error_rate"":0.002}","{""detection_events"":20028,""detectors_checked"":2293760}"
    182272,         0,         0,    1.52,exact_mw,f32ebecd8e105e50ec838d33c5ed9b45444b6b44a3c6ac541111079f2b14e893,"{""distance"":5,""physical_error_rate"":5e-05}","{""detection_events"":8816,""detectors_checked"":40828928}"
   1103872,         0,         0,    3.03,exact_mw,cdc4a450a40af8e24899239080e4c40992fb5baf91c5a31ab3a165eacb3a1ab3,"{""distance"":5,""physical_error_rate"":0.0002}","{""detection_events"":219517,""detectors_checked"":247267328}"
     11264,         0,         0,   0.411,exact_mw,cdc4a450a40af8e24899239080e4c40992fb5baf91c5a31ab3a165eacb3a1ab3,"{""distance"":5,""physical_error_rate"":0.0002}","{""detection_events"":2135,""detectors_checked"":2523136}"
    547840,         0,         0,    5.94,exact_mw,70a969f5042aec17ac076c6379f4170fb7c69b8e925756ef3b7334e28a33338b,"{""distance"":5,""physical_error_rate"":0.0001}","{""detection_events"":53446,""detectors_checked"":122716160}"
        64,         0,         0,   0.422,exact_mw,72230d8c06b5a71069df48ede6f7f3e6128cd83e8239dd1b2e5fe023578b6eb1,"{""distance"":5,""physical_error_rate"":0.01}","{""detection_events"":620,""detectors_checked"":14336}"
    266240,         0,         0,    2.15,exact_mw,f32ebecd8e105e50ec838d33c5ed9b45444b6b44a3c6ac541111079f2b14e893,"{""distance"":5,""physical_error_rate"":5e-05}","{""detection_events"":13124,""detectors_checked"":59637760}"
       192,         2,         0,    1.09,exact_mw,72230d8c06b5a71069df48ede6f7f3e6128cd83e8239dd1b2e5fe023578b6eb1,"{""distance"":5,""physical_error_rate"":0.01}","{""detection_events"":1833,""detectors_checked"":43008,""obs_mistake_mask=E"":2}"
       128,         6,         0,    1.92,exact_mw,7b4896c0e7f0a510554d89637fd747b157418067a95869d1f0661294d473d1dc,"{""distance"":5,""physical_error_rate"":0.02}","{""detection_events"":2240,""detectors_checked"":28672,""obs_mistake_mask=E"":6}"
       256,         0,         0,   0.426,exact_mw,38b7ae1c4e8407fc325e0d9e43e9f92ff26dcb3f5cf7b98d24ea74c9e5188d39,"{""distance"":5,""physical_error_rate"":0.005}","{""detection_events"":1133,""detectors_checked"":57344}"
    534528,         0,         0,    5.86,exact_mw,cdc4a450a40af8e24899239080e4c40992fb5baf91c5a31ab3a165eacb3a1ab3,"{""distance"":5,""physical_error_rate"":0.0002}","{""detection_events"":106601,""detectors_checked"":119734272}"
     81920,         0,         0,    1.12,exact_mw,70a969f5042aec17ac076c6379f4170fb7c69b8e925756ef3b7334e28a33338b,"{""distance"":5,""physical_error_rate"":0.0001}","{""detection_events"":8284,""detectors_checked"":18350080}"
    185344,         0,         0,    5.79,exact_mw,70a969f5042aec17ac076c6379f4170fb7c69b8e925756ef3b7334e28a33338b,"{""distance"":5,""physical_error_rate"":0.0001}","{""detection_events"":18544,""detectors_checked"":41517056}"
    539648,         0,         0,    5.94,exact_mw,70a969f5042aec17ac076c6379f4170fb7c69b8e925756ef3b7334e28a33338b,"{""distance"":5,""physical_error_rate"":0.0001}","{""detection_events"":53283,""detectors_checked"":120881152}"
      2560,         0,         0,    4.63,exact_mw,38b7ae1c4e8407fc325e0d9e43e9f92ff26dcb3f5cf7b98d24ea74c9e5188d39,"{""distance"":5,""physical_error_rate"":0.005}","{""detection_events"":12028,""detectors_checked"":573440}"
      2048,         2,         0,    4.29,exact_mw,38b7ae1c4e8407fc325e0d9e43e9f92ff26dcb3f5cf7b98d24ea74c9e5188d39,"{""distance"":5,""physical_error_rate"":0.005}","{""detection_events"":9869,""detectors_checked"":458752,""obs_mistake_mask=E"":2}"
      3072,         5,         0,    4.52,exact_mw,38b7ae1c4e8407fc325e0d9e43e9f92ff26dcb3f5cf7b98d24ea74c9e5188d39,"{""distance"":5,""physical_error_rate"":0.005}","{""detection_events"":14437,""detectors_checked"":688128,""obs_mistake_mask=E"":5}"
       320,         2,         0,    4.44,exact_mw,72230d8c06b5a71069df48ede6f7f3e6128cd83e8239dd1b2e5fe023578b6eb1,"{""distance"":5,""physical_error_rate"":0.01}","{""detection_events"":2897,""detectors_checked"":71680,""obs_mistake_mask=E"":2}"
     14336,         2,         0,    4.54,exact_mw,3208f56225bbcac0e2804eb6f92d0a8b681652a702ca1ec920ccd7367f0e0899,"{""distance"":5,""physical_error_rate"":0.002}","{""detection_events"":27997,""detectors_checked"":3211264,""obs_mistake_mask=E"":2}"
        64,         0,         0,    1.54,exact_mw,7b4896c0e7f0a510554d89637fd747b157418067a95869d1f0661294d473d1dc,"{""distance"":5,""physical_error_rate"":0.02}","{""detection_events"":1235,""detectors_checked"":14336}"
      3584,         3,         0,    4.67,exact_mw,38b7ae1c4e8407fc325e0d9e43e9f92ff26dcb3f5cf7b98d24ea74c9e5188d39,"{""distance"":5,""physical_error_rate"":0.005}","{""detection_events"":17415,""detectors_checked"":802816,""obs_mistake_mask=E"":3}"
     15360,         0,         0,   0.570,exact_mw,cdc4a450a40af8e24899239080e4c40992fb5baf91c5a31ab3a165eacb3a1ab3,"{""distance"":5,""physical_error_rate"":0.0002}","{""detection_events"":2941,""detectors_checked"":3440640}"
    120832,         1,         0,    5.94,exact_mw,bb90ec3459e353008cf9a5bb9142bf1e8515517a9e167021b225104594e48e8a,"{""distance"":5,""physical_error_rate"":0.001}","{""detection_events"":118640,""detectors_checked"":27066368,""obs_mistake_mask=E"":1}"
       448,        16,         0,    4.85,exact_mw,7b4896c0e7f0a510554d89637fd747b157418067a95869d1f0661294d473d1dc,"{""distance"":5,""physical_error_rate"":0.02}","{""detection_events"":7891,""detectors_checked"":100352,""obs_mistake_mask=E"":16}"
        96,         0,         0,    1.67,exact_mw,72230d8c06b5a71069df48ede6f7f3e6128cd83e8239dd1b2e5fe023578b6eb1,"{""distance"":5,""physical_error_rate"":0.01}","{""detection_events"":860,""detectors_checked"":21504}"
       128,         2,         0,    3.33,exact_mw,7b4896c0e7f0a510554d89637fd747b157418067a95869d1f0661294d473d1dc,"{""distance"":5,""physical_error_rate"":0.02}","{""detection_events"":2164,""detectors_checked"":28672,""obs_mistake_mask=E"":2}"
    408576,         0,         0,    5.86,exact_mw,f32ebecd8e105e50ec838d33c5ed9b45444b6b44a3c6ac541111079f2b14e893,"{""distance"":5,""physical_error_rate"":5e-05}","{""detection_events"":20167,""detectors_checked"":91521024}"
       512,         0,         0,   0.842,exact_mw,38b7ae1c4e8407fc325e0d9e43e9f92ff26dcb3f5cf7b98d24ea74c9e5188d39,"{""distance"":5,""physical_error_rate"":0.005}","{""detection_events"":2454,""detectors_checked"":114688}"
       128,         0,         0,   0.874,exact_mw,72230d8c06b5a71069df48ede6f7f3e6128cd83e8239dd1b2e5fe023578b6eb1,"{""distance"":5,""physical_error_rate"":0.01}","{""detection_events"":1189,""detectors_checked"":28672}"
    163840,         0,         0,    5.97,exact_mw,70a969f5042aec17ac076c6379f4170fb7c69b8e925756ef3b7334e28a33338b,"{""distance"":5,""physical_error_rate"":0.0001}","{""detection_events"":16332,""detectors_checked"":36700160}"
     55296,         0,         0,    2.18,exact_mw,bb90ec3459e353008cf9a5bb9142bf1e8515517a9e167021b225104594e48e8a,"{""distance"":5,""physical_error_rate"":0.001}","{""detection_events"":54650,""detectors_checked"":12386304}"
       256,         0,         0,   0.625,exact_mw,38b7ae1c4e8407fc325e0d9e43e9f92ff26dcb3f5cf7b98d24ea74c9e5188d39,"{""distance"":5,""physical_error_rate"":0.005}","{""detection_events"":1339,""detectors_checked"":57344}"
    118784,         0,         0,    5.95,exact_mw,bb90ec3459e353008cf9a5bb9142bf1e8515517a9e167021b225104594e48e8a,"{""distance"":5,""physical_error_rate"":0.001}","{""detection_events"":116957,""detectors_checked"":26607616}"
       512,         0,         0,    1.02,exact_mw,38b7ae1c4e8407fc325e0d9e43e9f92ff26dcb3f5cf7b98d24ea74c9e5188d39,"{""distance"":5,""physical_error_rate"":0.005}","{""detection_events"":2354,""detectors_checked"":114688}"
       256,         7,         0,    3.22,exact_mw,7b4896c0e7f0a510554d89637fd747b157418067a95869d1f0661294d473d1dc,"{""distance"":5,""physical_error_rate"":0.02}","{""detection_events"":4480,""detectors_checked"":57344,""obs_mistake_mask=E"":7}"
       128,         2,         0,   0.823,exact_mw,72230d8c06b5a71069df48ede6f7f3e6128cd83e8239dd1b2e5fe023578b6eb1,"{""distance"":5,""physical_error_rate"":0.01}","{""detection_events"":1107,""detectors_checked"":28672,""obs_mistake_mask=E"":2}"
     10240,         0,         0,    6.50,exact_mw,3208f56225bbcac0e2804eb6f92d0a8b681652a702ca1ec920ccd7367f0e0899,"{""distance"":5,""physical_error_rate"":0.002}","{""detection_events"":19992,""detectors_checked"":2293760}"
       384,         4,         0,    2.57,exact_mw,72230d8c06b5a71069df48ede6f7f3e6128cd83e8239dd1b2e5fe023578b6eb1,"{""distance"":5,""physical_error_rate"":0.01}","{""detection_events"":3474,""detectors_checked"":86016,""obs_mistake_mask=E"":4}"
     27648,         0,         0,    5.97,exact_mw,3208f56225bbcac0e2804eb6f92d0a8b681652a702ca1ec920ccd7367f0e0899,"{""distance"":5,""physical_error_rate"":0.002}","{""detection_events"":53957,""detectors_checked"":6193152}"
    402432,         0,         0,    5.93,exact_mw,f32ebecd8e105e50ec838d33c5ed9b45444b6b44a3c6ac541111079f2b14e893,"{""distance"":5,""physical_error_rate"":5e-05}","{""detection_events"":19526,""detectors_checked"":90144768}"
     81920,         0,         0,    2.96,exact_mw,cdc4a450a40af8e24899239080e4c40992fb5baf91c5a31ab3a165eacb3a1ab3,"{""distance"":5,""physical_error_rate"":0.0002}","{""detection_events"":16032,""detectors_checked"":18350080}"
    113664,         0,         0,    1.54,exact_mw,70a969f5042aec17ac076c6379f4170fb7c69b8e925756ef3b7334e28a33338b,"{""distance"":5,""physical_error_rate"":0.0001}","{""detection_events"":11305,""detectors_checked"":25460736}"
    195584,         1,         0,    5.92,exact_mw,bb90ec3459e353008cf9a5bb9142bf1e8515517a9e167021b225104594e48e8a,"{""distance"":5,""physical_error_rate"":0.001}","{""detection_events"":191059,""detectors_checked"":43810816,""obs_mistake_mask=E"":1}"
    435200,         0,         0,    5.97,exact_mw,f32ebecd8e105e50ec838d33c5ed9b45444b6b44a3c6ac541111079f2b14e893,"{""distance"":5,""physical_error_rate"":5e-05}","{""detection_events"":21897,""detectors_checked"":97484800}"
        64,         1,         0,    1.39,exact_mw,72230d8c06b5a71069df48ede6f7f3e6128cd83e8239dd1b2e5fe023578b6eb1,"{""distance"":5,""physical_error_rate"":0.01}","{""detection_events"":675,""detectors_checked"":14336,""obs_mistake_mask=E"":1}"
       768,         1,         0,    1.30,exact_mw,38b7ae1c4e8407fc325e0d9e43e9f92ff26dcb3f5cf7b98d24ea74c9e5188d39,"{""distance"":5,""physical_error_rate"":0.005}","{""detection_events"":3678,""detectors_checked"":172032,""obs_mistake_mask=E"":1}"
    526336,         0,         0,    5.87,exact_mw,cdc4a450a40af8e24899239080e4c40992fb5baf91c5a31ab3a165eacb3a1ab3,"{""distance"":5,""physical_error_rate"":0.0002}","{""detection_events"":103240,""detectors_checked"":117899264}"
       273,         0,         0,   0.052,exact_mw,bb90ec3459e353008cf9a5bb9142bf1e8515517a9e167021b225104594e48e8a,"{""distance"":5,""physical_error_rate"":0.001}","{""detection_events"":293,""detectors_checked"":61152}"
      1792,         1,         0,    4.58,exact_mw,38b7ae1c4e8407fc325e0d9e43e9f92ff26dcb3f5cf7b98d24ea74c9e5188d39,"{""distance"":5,""physical_error_rate"":0.005}","{""detection_events"":8504,""detectors_checked"":401408,""obs_mistake_mask=E"":1}"
      1024,         0,         0,   0.018,exact_mw,bb90ec3459e353008cf9a5bb9142bf1e8515517a9e167021b225104594e48e8a,"{""distance"":5,""physical_error_rate"":0.001}","{""detection_events"":1005,""detectors_checked"":229376}"
       320,         9,         0,    3.33,exact_mw,7b4896c0e7f0a510554d89637fd747b157418067a95869d1f0661294d473d1dc,"{""distance"":5,""physical_error_rate"":0.02}","{""detection_events"":5582,""detectors_checked"":71680,""obs_mistake_mask=E"":9}"
       192,         1,         0,    1.12,exact_mw,72230d8c06b5a71069df48ede6f7f3e6128cd83e8239dd1b2e5fe023578b6eb1,"{""distance"":5,""physical_error_rate"":0.01}","{""detection_events"":1856,""detectors_checked"":43008,""obs_mistake_mask=E"":1}"
    527360,         0,         0,    5.91,exact_mw,cdc4a450a40af8e24899239080e4c40992fb5baf91c5a31ab3a165eacb3a1ab3,"{""distance"":5,""physical_error_rate"":0.0002}","{""detection_events"":104468,""detectors_checked"":118128640}"
         1,         0,         0,   0.000,exact_mw,3208f56225bbcac0e2804eb6f92d0a8b681652a702ca1ec920ccd7367f0e0899,"{""distance"":5,""physical_error_rate"":0.002}","{""detectors_checked"":224}"
      1024,         0,         0,   0.050,exact_mw,bb90ec3459e353008cf9a5bb9142bf1e8515517a9e167021b225104594e48e8a,"{""distance"":5,""physical_error_rate"":0.001}","{""detection_events"":1103,""detectors_checked"":229376}"
      1024,         0,         0,   0.035,exact_mw,bb90ec3459e353008cf9a5bb9142bf1e8515517a9e167021b225104594e48e8a,"{""distance"":5,""physical_error_rate"":0.001}","{""detection_events"":1030,""detectors_checked"":229376}"
    119808,         0,         0,    5.96,exact_mw,bb90ec3459e353008cf9a5bb9142bf1e8515517a9e167021b225104594e48e8a,"{""distance"":5,""physical_error_rate"":0.001}","{""detection_events"":117080,""detectors_checked"":26836992}"
       272,         0,         0,   0.042,exact_mw,3208f56225bbcac0e2804eb6f92d0a8b681652a702ca1ec920ccd7367f0e0899,"{""distance"":5,""physical_error_rate"":0.002}","{""detection_events"":554,""detectors_checked"":60928}"
    111616,         0,         0,    1.55,exact_mw,cdc4a450a40af8e24899239080e4c40992fb5baf91c5a31ab3a165eacb3a1ab3,"{""distance"":5,""physical_error_rate"":0.0002}","{""detection_events"":22237,""detectors_checked"":25001984}"
     22528,         0,         0,   0.795,exact_mw,cdc4a450a40af8e24899239080e4c40992fb5baf91c5a31ab3a165eacb3a1ab3,"{""distance"":5,""physical_error_rate"":0.0002}","{""detection_events"":4453,""detectors_checked"":5046272}"
        32,         4,         0,   0.829,exact_mw,7b4896c0e7f0a510554d89637fd747b157418067a95869d1f0661294d473d1dc,"{""distance"":5,""physical_error_rate"":0.02}","{""detection_events"":523,""detectors_checked"":7168,""obs_mistake_mask=E"":4}"
       256,         0,         0,   0.522,exact_mw,38b7ae1c4e8407fc325e0d9e43e9f92ff26dcb3f5cf7b98d24ea74c9e5188d39,"{""distance"":5,""physical_error_rate"":0.005}","{""detection_events"":1237,""detectors_checked"":57344}"
    361472,         0,         0,    5.95,exact_mw,cb12ae119b9b2ba18d0216e7235b403229e92fd0743ede48fe7f1a2c6f45d594,"{""distance"":5,""physical_error_rate"":0.0005}","{""detection_events"":179545,""detectors_checked"":80969728}"
    392192,         0,         0,    5.94,exact_mw,cdc4a450a40af8e24899239080e4c40992fb5baf91c5a31ab3a165eacb3a1ab3,"{""distance"":5,""physical_error_rate"":0.0002}","{""detection_events"":76869,""detectors_checked"":87851008}"
      1024,         0,         0,   0.059,exact_mw,bb90ec3459e353008cf9a5bb9142bf1e8515517a9e167021b225104594e48e8a,"{""distance"":5,""physical_error_rate"":0.001}","{""detection_events"":928,""detectors_checked"":229376}"
    417792,         0,         0,    5.94,exact_mw,cdc4a450a40af8e24899239080e4c40992fb5baf91c5a31ab3a165eacb3a1ab3,"{""distance"":5,""physical_error_rate"":0.0002}","{""detection_events"":82768,""detectors_checked"":93585408}"
    393216,         0,         0,    5.89,exact_mw,f32ebecd8e105e50ec838d33c5ed9b45444b6b44a3c6ac541111079f2b14e893,"{""distance"":5,""physical_error_rate"":5e-05}","{""detection_events"":19362,""detectors_checked"":88080384}"
         1,         0,         0,   0.035,exact_mw,7b4896c0e7f0a510554d89637fd747b157418067a95869d1f0661294d473d1dc,"{""distance"":5,""physical_error_rate"":0.02}","{""detection_events"":21,""detectors_checked"":224}"
       128,         1,         0,    1.85,exact_mw,72230d8c06b5a71069df48ede6f7f3e6128cd83e8239dd1b2e5fe023578b6eb1,"{""distance"":5,""physical_error_rate"":0.01}","{""detection_events"":1252,""detectors_checked"":28672,""obs_mistake_mask=E"":1}"
      2048,         0,         0,   0.091,exact_mw,bb90ec3459e353008cf9a5bb9142bf1e8515517a9e167021b225104594e48e8a,"{""distance"":5,""physical_error_rate"":0.001}","{""detection_events"":2021,""detectors_checked"":458752}"
       128,         4,         0,    1.61,exact_mw,7b4896c0e7f0a510554d89637fd747b157418067a95869d1f0661294d473d1dc,"{""distance"":5,""physical_error_rate"":0.02}","{""detection_events"":2362,""detectors_checked"":28672,""obs_mistake_mask=E"":4}"
      1024,         0,         0,   0.168,exact_mw,3208f56225bbcac0e2804eb6f92d0a8b681652a702ca1ec920ccd7367f0e0899,"{""distance"":5,""physical_error_rate"":0.002}","{""detection_events"":1902,""detectors_checked"":229376}"
    309248,         0,         0,    5.95,exact_mw,cb12ae119b9b2ba18d0216e7235b403229e92fd0743ede48fe7f1a2c6f45d594,"{""distance"":5,""physical_error_rate"":0.0005}","{""detection_events"":152541,""detectors_checked"":69271552}"
     15360,         0,         0,    3.12,exact_mw,3208f56225bbcac0e2804eb6f92d0a8b681652a702ca1ec920ccd7367f0e0899,"{""distance"":5,""physical_error_rate"":0.002}","{""detection_events"":30233,""detectors_checked"":3440640}"
    111616,         1,         0,    2.17,exact_mw,cb12ae119b9b2ba18d0216e7235b403229e92fd0743ede48fe7f1a2c6f45d594,"{""distance"":5,""physical_error_rate"":0.0005}","{""detection_events"":54884,""detectors_checked"":25001984,""obs_mistake_mask=E"":1}"
    139264,         1,         0,    5.93,exact_mw,bb90ec3459e353008cf9a5bb9142bf1e8515517a9e167021b225104594e48e8a,"{""distance"":5,""physical_error_rate"":0.001}","{""detection_events"":136596,""detectors_checked"":31195136,""obs_mistake_mask=E"":1}"
    482304,         0,         0,    5.94,exact_mw,cdc4a450a40af8e24899239080e4c40992fb5baf91c5a31ab3a165eacb3a1ab3,"{""distance"":5,""physical_error_rate"":0.0002}","{""detection_events"":95357,""detectors_checked"":108036096}"
      3072,         0,         0,   0.084,exact_mw,bb90ec3459e353008cf9a5bb9142bf1e8515517a9e167021b225104594e48e8a,"{""distance"":5,""physical_error_rate"":0.001}","{""detection_events"":2924,""detectors_checked"":688128}"
      1536,         1,         0,    4.72,exact_mw,38b7ae1c4e8407fc325e0d9e43e9f92ff26dcb3f5cf7b98d24ea74c9e5188d39,"{""distance"":5,""physical_error_rate"":0.005}","{""detection_events"":7301,""detectors_checked"":344064,""obs_mistake_mask=E"":1}"
       128,         1,         0,   0.901,exact_mw,72230d8c06b5a71069df48ede6f7f3e6128cd83e8239dd1b2e5fe023578b6eb1,"{""distance"":5,""physical_error_rate"":0.01}","{""detection_events"":1184,""detectors_checked"":28672,""obs_mistake_mask=E"":1}"
      3072,         0,         0,   0.103,exact_mw,bb90ec3459e353008cf9a5bb9142bf1e8515517a9e167021b225104594e48e8a,"{""distance"":5,""physical_error_rate"":0.001}","{""detection_events"":2771,""detectors_checked"":688128}"
      1024,         0,         0,   0.226,exact_mw,3208f56225bbcac0e2804eb6f92d0a8b681652a702ca1ec920ccd7367f0e0899,"{""distance"":5,""physical_error_rate"":0.002}","{""detection_events"":2026,""detectors_checked"":229376}"
    114688,         0,         0,    3.05,exact_mw,70a969f5042aec17ac076c6379f4170fb7c69b8e925756ef3b7334e28a33338b,"{""distance"":5,""physical_error_rate"":0.0001}","{""detection_events"":11135,""detectors_checked"":25690112}"
     25600,         2,         0,    6.09,exact_mw,3208f56225bbcac0e2804eb6f92d0a8b681652a702ca1ec920ccd7367f0e0899,"{""distance"":5,""physical_error_rate"":0.002}","{""detection_events"":49496,""detectors_checked"":5734400,""obs_mistake_mask=E"":2}"
    112640,         0,         0,    2.14,exact_mw,cb12ae119b9b2ba18d0216e7235b403229e92fd0743ede48fe7f1a2c6f45d594,"{""distance"":5,""physical_error_rate"":0.0005}","{""detection_events"":55349,""detectors_checked"":25231360}"
     10240,         0,         0,    2.29,exact_mw,3208f56225bbcac0e2804eb6f92d0a8b681652a702ca1ec920ccd7367f0e0899,"{""distance"":5,""physical_error_rate"":0.002}","{""detection_events"":20276,""detectors_checked"":2293760}"
       256,         0,         0,   0.455,exact_mw,38b7ae1c4e8407fc325e0d9e43e9f92ff26dcb3f5cf7b98d24ea74c9e5188d39,"{""distance"":5,""physical_error_rate"":0.005}","{""detection_events"":1260,""detectors_checked"":57344}"
    113664,         0,         0,    1.57,exact_mw,70a969f5042aec17ac076c6379f4170fb7c69b8e925756ef3b7334e28a33338b,"{""distance"":5,""physical_error_rate"":0.0001}","{""detection_events"":11154,""detectors_checked"":25460736}"
      3072,         0,         0,   0.157,exact_mw,bb90ec3459e353008cf9a5bb9142bf1e8515517a9e167021b225104594e48e8a,"{""distance"":5,""physical_error_rate"":0.001}","{""detection_events"":3007,""detectors_checked"":688128}"
    380928,         0,         0,    5.95,exact_mw,cb12ae119b9b2ba18d0216e7235b403229e92fd0743ede48fe7f1a2c6f45d594,"{""distance"":5,""physical_error_rate"":0.0005}","{""detection_events"":187466,""detectors_checked"":85327872}"
       320,        14,         0,    4.33,exact_mw,7b4896c0e7f0a510554d89637fd747b157418067a95869d1f0661294d473d1dc,"{""distance"":5,""physical_error_rate"":0.02}","{""detection_events"":5744,""detectors_checked"":71680,""obs_mistake_mask=E"":14}"
     87040,         0,         0,    3.02,exact_mw,f32ebecd8e105e50ec838d33c5ed9b45444b6b44a3c6ac541111079f2b14e893,"{""distance"":5,""physical_error_rate"":5e-05}","{""detection_events"":4069,""detectors_checked"":19496960}"
        64,         0,         0,   0.829,exact_mw,72230d8c06b5a71069df48ede6f7f3e6128cd83e8239dd1b2e5fe023578b6eb1,"{""distance"":5,""physical_error_rate"":0.01}","{""detection_events"":614,""detectors_checked"":14336}"
       128,         0,         0,    1.01,exact_mw,72230d8c06b5a71069df48ede6f7f3e6128cd83e8239dd1b2e5fe023578b6eb1,"{""distance"":5,""physical_error_rate"":0.01}","{""detection_events"":1323,""detectors_checked"":28672}"
       896,         6,         0,    4.76,exact_mw,72230d8c06b5a71069df48ede6f7f3e6128cd83e8239dd1b2e5fe023578b6eb1,"{""distance"":5,""physical_error_rate"":0.01}","{""detection_events"":8471,""detectors_checked"":200704,""obs_mistake_mask=E"":6}"
        16,         1,         0,   0.495,exact_mw,7b4896c0e7f0a510554d89637fd747b157418067a95869d1f0661294d473d1dc,"{""distance"":5,""physical_error_rate"":0.02}","{""detection_events"":331,""detectors_checked"":3584,""obs_mistake_mask=E"":1}"
      1024,         0,         0,   0.273,exact_mw,3208f56225bbcac0e2804eb6f92d0a8b681652a702ca1ec920ccd7367f0e0899,"{""distance"":5,""physical_error_rate"":0.002}","{""detection_events"":1958,""detectors_checked"":229376}"
      1024,         0,         0,    2.21,exact_mw,38b7ae1c4e8407fc325e0d9e43e9f92ff26dcb3f5cf7b98d24ea74c9e5188d39,"{""distance"":5,""physical_error_rate"":0.005}","{""detection_events"":5012,""detectors_checked"":229376}"
        32,         3,         0,   0.694,exact_mw,7b4896c0e7f0a510554d89637fd747b157418067a95869d1f0661294d473d1dc,"{""distance"":5,""physical_error_rate"":0.02}","{""detection_events"":591,""detectors_checked"":7168,""obs_mistake_mask=E"":3}"
      4096,         0,         0,   0.221,exact_mw,bb90ec3459e353008cf9a5bb9142bf1e8515517a9e167021b225104594e48e8a,"{""distance"":5,""physical_error_rate"":0.001}","{""detection_events"":4110,""detectors_checked"":917504}"
    256000,         0,         0,    2.16,exact_mw,f32ebecd8e105e50ec838d33c5ed9b45444b6b44a3c6ac541111079f2b14e893,"{""distance"":5,""physical_error_rate"":5e-05}","{""detection_events"":12662,""detectors_checked"":57344000}"
      1024,         0,         0,   0.227,exact_mw,3208f56225bbcac0e2804eb6f92d0a8b681652a702ca1ec920ccd7367f0e0899,"{""distance"":5,""physical_error_rate"":0.002}","{""detection_events"":1921,""detectors_checked"":229376}"
       256,        11,         0,    2.55,exact_mw,7b4896c0e7f0a510554d89637fd747b157418067a95869d1f0661294d473d1dc,"{""distance"":5,""physical_error_rate"":0.02}","{""detection_events"":4443,""detectors_checked"":57344,""obs_mistake_mask=E"":11}"
       512,         1,         0,    1.38,exact_mw,38b7ae1c4e8407fc325e0d9e43e9f92ff26dcb3f5cf7b98d24ea74c9e5188d39,"{""distance"":5,""physical_error_rate"":0.005}","{""detection_events"":2485,""detectors_checked"":114688,""obs_mistake_mask=E"":1}"
      1024,         0,         0,    2.44,exact_mw,38b7ae1c4e8407fc325e0d9e43e9f92ff26dcb3f5cf7b98d24ea74c9e5188d39,"{""distance"":5,""physical_error_rate"":0.005}","{""detection_events"":4753,""detectors_checked"":229376}"
       128,         2,         0,   0.624,exact_mw,72230d8c06b5a71069df48ede6f7f3e6128cd83e8239dd1b2e5fe023578b6eb1,"{""distance"":5,""physical_error_rate"":0.01}","{""detection_events"":1209,""detectors_checked"":28672,""obs_mistake_mask=E"":2}"
     13312,         1,         0,    3.22,exact_mw,3208f56225bbcac0e2804eb6f92d0a8b681652a702ca1ec920ccd7367f0e0899,"{""distance"":5,""physical_error_rate"":0.002}","{""detection_events"":26204,""detectors_checked"":2981888,""obs_mistake_mask=E"":1}"
      6144,         0,         0,   0.300,exact_mw,bb90ec3459e353008cf9a5bb9142bf1e8515517a9e167021b225104594e48e8a,"{""distance"":5,""physical_error_rate"":0.001}","{""detection_events"":5735,""detectors_checked"":1376256}"
        16,         0,         0,   0.439,exact_mw,7b4896c0e7f0a510554d89637fd747b157418067a95869d1f0661294d473d1dc,"{""distance"":5,""physical_error_rate"":0.02}","{""detection_events"":304,""detectors_checked"":3584}"
      1024,         4,         0,    1.64,exact_mw,38b7ae1c4e8407fc325e0d9e43e9f92ff26dcb3f5cf7b98d24ea74c9e5188d39,"{""distance"":5,""physical_error_rate"":0.005}","{""detection_events"":4974,""detectors_checked"":229376,""obs_mistake_mask=E"":4}"
       512,         3,         0,    3.42,exact_mw,72230d8c06b5a71069df48ede6f7f3e6128cd83e8239dd1b2e5fe023578b6eb1,"{""distance"":5,""physical_error_rate"":0.01}","{""detection_events"":4692,""detectors_checked"":114688,""obs_mistake_mask=E"":3}"
      1024,         0,         0,   0.274,exact_mw,3208f56225bbcac0e2804eb6f92d0a8b681652a702ca1ec920ccd7367f0e0899,"{""distance"":5,""physical_error_rate"":0.002}","{""detection_events"":2054,""detectors_checked"":229376}"
     31744,         0,         0,    1.14,exact_mw,cdc4a450a40af8e24899239080e4c40992fb5baf91c5a31ab3a165eacb3a1ab3,"{""distance"":5,""physical_error_rate"":0.0002}","{""detection_events"":6206,""detectors_checked"":7110656}"
     91136,         0,         0,    4.30,exact_mw,cb12ae119b9b2ba18d0216e7235b403229e92fd0743ede48fe7f1a2c6f45d594,"{""distance"":5,""physical_error_rate"":0.0005}","{""detection_events"":45014,""detectors_checked"":20414464}"
    107520,         0,         0,    5.98,exact_mw,bb90ec3459e353008cf9a5bb9142bf1e8515517a9e167021b225104594e48e8a,"{""distance"":5,""physical_error_rate"":0.001}","{""detection_events"":105144,""detectors_checked"":24084480}"
    154624,         0,         0,    4.29,exact_mw,f32ebecd8e105e50ec838d33c5ed9b45444b6b44a3c6ac541111079f2b14e893,"{""distance"":5,""physical_error_rate"":5e-05}","{""detection_events"":7750,""detectors_checked"":34635776}"
      1024,         0,         0,   0.252,exact_mw,3208f56225bbcac0e2804eb6f92d0a8b681652a702ca1ec920ccd7367f0e0899,"{""distance"":5,""physical_error_rate"":0.002}","{""detection_events"":1990,""detectors_checked"":229376}"
       384,        12,         0,    5.57,exact_mw,7b4896c0e7f0a510554d89637fd747b157418067a95869d1f0661294d473d1dc,"{""distance"":5,""physical_error_rate"":0.02}","{""detection_events"":6870,""detectors_checked"":86016,""obs_mistake_mask=E"":12}"
      8192,         0,         0,   0.408,exact_mw,bb90ec3459e353008cf9a5bb9142bf1e8515517a9e167021b225104594e48e8a,"{""distance"":5,""physical_error_rate"":0.001}","{""detection_events"":8045,""detectors_checked"":1835008}"
    248832,         0,         0,    4.25,exact_mw,cdc4a450a40af8e24899239080e4c40992fb5baf91c5a31ab3a165eacb3a1ab3,"{""distance"":5,""physical_error_rate"":0.0002}","{""detection_events"":48907,""detectors_checked"":55738368}"
       512,         1,         0,   1.000,exact_mw,38b7ae1c4e8407fc325e0d9e43e9f92ff26dcb3f5cf7b98d24ea74c9e5188d39,"{""distance"":5,""physical_error_rate"":0.005}","{""detection_events"":2438,""detectors_checked"":114688,""obs_mistake_mask=E"":1}"
        16,         2,         0,   0.441,exact_mw,7b4896c0e7f0a510554d89637fd747b157418067a95869d1f0661294d473d1dc,"{""distance"":5,""physical_error_rate"":0.02}","{""detection_events"":284,""detectors_checked"":3584,""obs_mistake_mask=E"":2}"
      1024,         1,         0,    1.71,exact_mw,38b7ae1c4e8407fc325e0d9e43e9f92ff26dcb3f5cf7b98d24ea74c9e5188d39,"{""distance"":5,""physical_error_rate"":0.005}","{""detection_events"":4715,""detectors_checked"":229376,""obs_mistake_mask=E"":1}"
        32,         3,         0,   0.835,exact_mw,7b4896c0e7f0a510554d89637fd747b157418067a95869d1f0661294d473d1dc,"{""distance"":5,""physical_error_rate"":0.02}","{""detection_events"":520,""detectors_checked"":7168,""obs_mistake_mask=E"":3}"
    604160,         0,         0,    5.87,exact_mw,70a969f5042aec17ac076c6379f4170fb7c69b8e925756ef3b7334e28a33338b,"{""distance"":5,""physical_error_rate"":0.0001}","{""detection_events"":60176,""detectors_checked"":135331840}"
       160,         0,         0,    2.37,exact_mw,72230d8c06b5a71069df48ede6f7f3e6128cd83e8239dd1b2e5fe023578b6eb1,"{""distance"":5,""physical_error_rate"":0.01}","{""detection_events"":1339,""detectors_checked"":35840}"
       192,         6,         0,    2.85,exact_mw,7b4896c0e7f0a510554d89637fd747b157418067a95869d1f0661294d473d1dc,"{""distance"":5,""physical_error_rate"":0.02}","{""detection_events"":3418,""detectors_checked"":43008,""obs_mistake_mask=E"":6}"
     24576,         3,         0,    6.06,exact_mw,3208f56225bbcac0e2804eb6f92d0a8b681652a702ca1ec920ccd7367f0e0899,"{""distance"":5,""physical_error_rate"":0.002}","{""detection_events"":47237,""detectors_checked"":5505024,""obs_mistake_mask=E"":3}"
     11264,         1,         0,    3.11,exact_mw,3208f56225bbcac0e2804eb6f92d0a8b681652a702ca1ec920ccd7367f0e0899,"{""distance"":5,""physical_error_rate"":0.002}","{""detection_events"":22340,""detectors_checked"":2523136,""obs_mistake_mask=E"":1}"
      1024,         0,         0,   0.299,exact_mw,3208f56225bbcac0e2804eb6f92d0a8b681652a702ca1ec920ccd7367f0e0899,"{""distance"":5,""physical_error_rate"":0.002}","{""detection_events"":2108,""detectors_checked"":229376}"
       320,         1,         0,    1.80,exact_mw,72230d8c06b5a71069df48ede6f7f3e6128cd83e8239dd1b2e5fe023578b6eb1,"{""distance"":5,""physical_error_rate"":0.01}","{""detection_events"":2920,""detectors_checked"":71680,""obs_mistake_mask=E"":1}"
    333824,         0,         0,    5.96,exact_mw,cb12ae119b9b2ba18d0216e7235b403229e92fd0743ede48fe7f1a2c6f45d594,"{""distance"":5,""physical_error_rate"":0.0005}","{""detection_events"":165781,""detectors_checked"":74776576}"
       128,         0,         0,   0.759,exact_mw,72230d8c06b5a71069df48ede6f7f3e6128cd83e8239dd1b2e5fe023578b6eb1,"{""distance"":5,""physical_error_rate"":0.01}","{""detection_events"":1219,""detectors_checked"":28672}"
       128,         3,         0,    1.63,exact_mw,7b4896c0e7f0a510554d89637fd747b157418067a95869d1f0661294d473d1dc,"{""distance"":5,""physical_error_rate"":0.02}","{""detection_events"":2159,""detectors_checked"":28672,""obs_mistake_mask=E"":3}"
    392192,         0,         0,    5.90,exact_mw,cb12ae119b9b2ba18d0216e7235b403229e92fd0743ede48fe7f1a2c6f45d594,"{""distance"":5,""physical_error_rate"":0.0005}","{""detection_events"":193092,""detectors_checked"":87851008}"
       192,         2,         0,    1.21,exact_mw,72230d8c06b5a71069df48ede6f7f3e6128cd83e8239dd1b2e5fe023578b6eb1,"{""distance"":5,""physical_error_rate"":0.01}","{""detection_events"":1667,""detectors_checked"":43008,""obs_mistake_mask=E"":2}"
    373760,         0,         0,    3.04,exact_mw,f32ebecd8e105e50ec838d33c5ed9b45444b6b44a3c6ac541111079f2b14e893,"{""distance"":5,""physical_error_rate"":5e-05}","{""detection_events"":18391,""detectors_checked"":83722240}"
       320,         1,         0,    4.37,exact_mw,72230d8c06b5a71069df48ede6f7f3e6128cd83e8239dd1b2e5fe023578b6eb1,"{""distance"":5,""physical_error_rate"":0.01}","{""detection_events"":3003,""detectors_checked"":71680,""obs_mistake_mask=E"":1}"
       896,         7,         0,    4.93,exact_mw,72230d8c06b5a71069df48ede6f7f3e6128cd83e8239dd1b2e5fe023578b6eb1,"{""distance"":5,""physical_error_rate"":0.01}","{""detection_events"":8339,""detectors_checked"":200704,""obs_mistake_mask=E"":7}"
       768,         7,         0,    4.29,exact_mw,72230d8c06b5a71069df48ede6f7f3e6128cd83e8239dd1b2e5fe023578b6eb1,"{""distance"":5,""physical_error_rate"":0.01}","{""detection_events"":7223,""detectors_checked"":172032,""obs_mistake_mask=E"":7}"
    160768,         0,         0,    2.19,exact_mw,70a969f5042aec17ac076c6379f4170fb7c69b8e925756ef3b7334e28a33338b,"{""distance"":5,""physical_error_rate"":0.0001}","{""detection_events"":15752,""detectors_checked"":36012032}"
    228352,         0,         0,    4.21,exact_mw,cb12ae119b9b2ba18d0216e7235b403229e92fd0743ede48fe7f1a2c6f45d594,"{""distance"":5,""physical_error_rate"":0.0005}","{""detection_events"":111768,""detectors_checked"":51150848}"
      1024,         0,         0,   0.275,exact_mw,3208f56225bbcac0e2804eb6f92d0a8b681652a702ca1ec920ccd7367f0e0899,"{""distance"":5,""physical_error_rate"":0.002}","{""detection_events"":2047,""detectors_checked"":229376}"
        16,         0,         0,   0.483,exact_mw,7b4896c0e7f0a510554d89637fd747b157418067a95869d1f0661294d473d1dc,"{""distance"":5,""physical_error_rate"":0.02}","{""detection_events"":268,""detectors_checked"":3584}"
       896,         6,         0,    3.45,exact_mw,72230d8c06b5a71069df48ede6f7f3e6128cd83e8239dd1b2e5fe023578b6eb1,"{""distance"":5,""physical_error_rate"":0.01}","{""detection_events"":8207,""detectors_checked"":200704,""obs_mistake_mask=E"":6}"
     10240,         0,         0,   0.573,exact_mw,bb90ec3459e353008cf9a5bb9142bf1e8515517a9e167021b225104594e48e8a,"{""distance"":5,""physical_error_rate"":0.001}","{""detection_events"":10142,""detectors_checked"":2293760}"
      1536,         0,         0,    6.45,exact_mw,38b7ae1c4e8407fc325e0d9e43e9f92ff26dcb3f5cf7b98d24ea74c9e5188d39,"{""distance"":5,""physical_error_rate"":0.005}","{""detection_events"":7173,""detectors_checked"":344064}"
       256,         3,         0,    4.81,exact_mw,72230d8c06b5a71069df48ede6f7f3e6128cd83e8239dd1b2e5fe023578b6eb1,"{""distance"":5,""physical_error_rate"":0.01}","{""detection_events"":2485,""detectors_checked"":57344,""obs_mistake_mask=E"":3}"
     26624,         1,         0,    6.13,exact_mw,3208f56225bbcac0e2804eb6f92d0a8b681652a702ca1ec920ccd7367f0e0899,"{""distance"":5,""physical_error_rate"":0.002}","{""detection_events"":51907,""detectors_checked"":5963776,""obs_mistake_mask=E"":1}"
    416768,         0,         0,    5.93,exact_mw,cdc4a450a40af8e24899239080e4c40992fb5baf91c5a31ab3a165eacb3a1ab3,"{""distance"":5,""physical_error_rate"":0.0002}","{""detection_events"":81716,""detectors_checked"":93356032}"
    312320,         0,         0,    4.23,exact_mw,f32ebecd8e105e50ec838d33c5ed9b45444b6b44a3c6ac541111079f2b14e893,"{""distance"":5,""physical_error_rate"":5e-05}","{""detection_events"":15351,""detectors_checked"":69959680}"
    345088,         0,         0,    4.22,exact_mw,f32ebecd8e105e50ec838d33c5ed9b45444b6b44a3c6ac541111079f2b14e893,"{""distance"":5,""physical_error_rate"":5e-05}","{""detection_events"":16852,""detectors_checked"":77299712}"
    232448,         0,         0,    5.94,exact_mw,cdc4a450a40af8e24899239080e4c40992fb5baf91c5a31ab3a165eacb3a1ab3,"{""distance"":5,""physical_error_rate"":0.0002}","{""detection_events"":46351,""detectors_checked"":52068352}"
     84992,         0,         0,    4.29,exact_mw,bb90ec3459e353008cf9a5bb9142bf1e8515517a9e167021b225104594e48e8a,"{""distance"":5,""physical_error_rate"":0.001}","{""detection_events"":83449,""detectors_checked"":19038208}"
    371712,         0,         0,    5.84,exact_mw,cb12ae119b9b2ba18d0216e7235b403229e92fd0743ede48fe7f1a2c6f45d594,"{""distance"":5,""physical_error_rate"":0.0005}","{""detection_events"":182378,""detectors_checked"":83263488}"
     71680,         1,         0,    4.30,exact_mw,bb90ec3459e353008cf9a5bb9142bf1e8515517a9e167021b225104594e48e8a,"{""distance"":5,""physical_error_rate"":0.001}","{""detection_events"":70098,""detectors_checked"":16056320,""obs_mistake_mask=E"":1}"
       128,         3,         0,    1.58,exact_mw,72230d8c06b5a71069df48ede6f7f3e6128cd83e8239dd1b2e5fe023578b6eb1,"{""distance"":5,""physical_error_rate"":0.01}","{""detection_events"":1191,""detectors_checked"":28672,""obs_mistake_mask=E"":3}"
    158720,         0,         0,    2.15,exact_mw,cdc4a450a40af8e24899239080e4c40992fb5baf91c5a31ab3a165eacb3a1ab3,"{""distance"":5,""physical_error_rate"":0.0002}","{""detection_events"":31412,""detectors_checked"":35553280}"
      1280,         0,         0,    4.57,exact_mw,38b7ae1c4e8407fc325e0d9e43e9f92ff26dcb3f5cf7b98d24ea74c9e5188d39,"{""distance"":5,""physical_error_rate"":0.005}","{""detection_events"":5771,""detectors_checked"":286720}"
       128,         3,         0,    2.19,exact_mw,72230d8c06b5a71069df48ede6f7f3e6128cd83e8239dd1b2e5fe023578b6eb1,"{""distance"":5,""physical_error_rate"":0.01}","{""detection_events"":1186,""detectors_checked"":28672,""obs_mistake_mask=E"":3}"
        16,         0,         0,   0.391,exact_mw,7b4896c0e7f0a510554d89637fd747b157418067a95869d1f0661294d473d1dc,"{""distance"":5,""physical_error_rate"":0.02}","{""detection_events"":338,""detectors_checked"":3584}"
    212992,         0,         0,    5.95,exact_mw,70a969f5042aec17ac076c6379f4170fb7c69b8e925756ef3b7334e28a33338b,"{""distance"":5,""physical_error_rate"":0.0001}","{""detection_events"":20833,""detectors_checked"":47710208}"
       128,         0,         0,   0.664,exact_mw,72230d8c06b5a71069df48ede6f7f3e6128cd83e8239dd1b2e5fe023578b6eb1,"{""distance"":5,""physical_error_rate"":0.01}","{""detection_events"":1122,""detectors_checked"":28672}"
        32,         1,         0,   0.924,exact_mw,7b4896c0e7f0a510554d89637fd747b157418067a95869d1f0661294d473d1dc,"{""distance"":5,""physical_error_rate"":0.02}","{""detection_events"":597,""detectors_checked"":7168,""obs_mistake_mask=E"":1}"
       512,         0,         0,   0.998,exact_mw,38b7ae1c4e8407fc325e0d9e43e9f92ff26dcb3f5cf7b98d24ea74c9e5188d39,"{""distance"":5,""physical_error_rate"":0.005}","{""detection_events"":2308,""detectors_checked"":114688}"
      2048,         0,         0,   0.524,exact_mw,3208f56225bbcac0e2804eb6f92d0a8b681652a702ca1ec920ccd7367f0e0899,"{""distance"":5,""physical_error_rate"":0.002}","{""detection_events"":4096,""detectors_checked"":458752}"
     64512,         0,         0,    3.05,exact_mw,bb90ec3459e353008cf9a5bb9142bf1e8515517a9e167021b225104594e48e8a,"{""distance"":5,""physical_error_rate"":0.001}","{""detection_events"":62350,""detectors_checked"":14450688}"
    113664,         0,         0,    4.24,exact_mw,bb90ec3459e353008cf9a5bb9142bf1e8515517a9e167021b225104594e48e8a,"{""distance"":5,""physical_error_rate"":0.001}","{""detection_events"":111596,""detectors_checked"":25460736}"
    160768,         0,         0,    4.20,exact_mw,70a969f5042aec17ac076c6379f4170fb7c69b8e925756ef3b7334e28a33338b,"{""distance"":5,""physical_error_rate"":0.0001}","{""detection_events"":15852,""detectors_checked"":36012032}"
    119808,         1,         0,    5.98,exact_mw,bb90ec3459e353008cf9a5bb9142bf1e8515517a9e167021b225104594e48e8a,"{""distance"":5,""physical_error_rate"":0.001}","{""detection_events"":115950,""detectors_checked"":26836992,""obs_mistake_mask=E"":1}"
    155648,         0,         0,    2.15,exact_mw,70a969f5042aec17ac076c6379f4170fb7c69b8e925756ef3b7334e28a33338b,"{""distance"":5,""physical_error_rate"":0.0001}","{""detection_events"":15052,""detectors_checked"":34865152}"
      1024,         0,         0,    1.78,exact_mw,38b7ae1c4e8407fc325e0d9e43e9f92ff26dcb3f5cf7b98d24ea74c9e5188d39,"{""distance"":5,""physical_error_rate"":0.005}","{""detection_events"":4935,""detectors_checked"":229376}"
    145408,         0,         0,    4.22,exact_mw,f32ebecd8e105e50ec838d33c5ed9b45444b6b44a3c6ac541111079f2b14e893,"{""distance"":5,""physical_error_rate"":5e-05}","{""detection_events"":7093,""detectors_checked"":32571392}"
     45056,         0,         0,    1.57,exact_mw,cdc4a450a40af8e24899239080e4c40992fb5baf91c5a31ab3a165eacb3a1ab3,"{""distance"":5,""physical_error_rate"":0.0002}","{""detection_events"":8959,""detectors_checked"":10092544}"
        16,         1,         0,   0.397,exact_mw,7b4896c0e7f0a510554d89637fd747b157418067a95869d1f0661294d473d1dc,"{""distance"":5,""physical_error_rate"":0.02}","{""detection_events"":253,""detectors_checked"":3584,""obs_mistake_mask=E"":1}"
       448,        16,         0,    4.79,exact_mw,7b4896c0e7f0a510554d89637fd747b157418067a95869d1f0661294d473d1dc,"{""distance"":5,""physical_error_rate"":0.02}","{""detection_events"":8074,""detectors_checked"":100352,""obs_mistake_mask=E"":16}"
       384,        10,         0,    4.46,exact_mw,7b4896c0e7f0a510554d89637fd747b157418067a95869d1f0661294d473d1dc,"{""distance"":5,""physical_error_rate"":0.02}","{""detection_events"":6718,""detectors_checked"":86016,""obs_mistake_mask=E"":10}"
    152576,         0,         0,    4.24,exact_mw,70a969f5042aec17ac076c6379f4170fb7c69b8e925756ef3b7334e28a33338b,"{""distance"":5,""physical_error_rate"":0.0001}","{""detection_events"":14939,""detectors_checked"":34177024}"
     14336,         0,         0,   0.830,exact_mw,bb90ec3459e353008cf9a5bb9142bf1e8515517a9e167021b225104594e48e8a,"{""distance"":5,""physical_error_rate"":0.001}","{""detection_events"":13951,""detectors_checked"":3211264}"
    502784,         0,         0,    4.23,exact_mw,cdc4a450a40af8e24899239080e4c40992fb5baf91c5a31ab3a165eacb3a1ab3,"{""distance"":5,""physical_error_rate"":0.0002}","{""detection_events"":98698,""detectors_checked"":112623616}"
     21504,         1,         0,    6.19,exact_mw,3208f56225bbcac0e2804eb6f92d0a8b681652a702ca1ec920ccd7367f0e0899,"{""distance"":5,""physical_error_rate"":0.002}","{""detection_events"":42185,""detectors_checked"":4816896,""obs_mistake_mask=E"":1}"
      2048,         0,         0,   0.450,exact_mw,3208f56225bbcac0e2804eb6f92d0a8b681652a702ca1ec920ccd7367f0e0899,"{""distance"":5,""physical_error_rate"":0.002}","{""detection_events"":3977,""detectors_checked"":458752}"
       160,         2,         0,    4.66,exact_mw,7b4896c0e7f0a510554d89637fd747b157418067a95869d1f0661294d473d1dc,"{""distance"":5,""physical_error_rate"":0.02}","{""detection_events"":2858,""detectors_checked"":35840,""obs_mistake_mask=E"":2}"
     31744,         1,         0,    6.02,exact_mw,3208f56225bbcac0e2804eb6f92d0a8b681652a702ca1ec920ccd7367f0e0899,"{""distance"":5,""physical_error_rate"":0.002}","{""detection_events"":61886,""detectors_checked"":7110656,""obs_mistake_mask=E"":1}"
       576,         2,         0,    3.56,exact_mw,72230d8c06b5a71069df48ede6f7f3e6128cd83e8239dd1b2e5fe023578b6eb1,"{""distance"":5,""physical_error_rate"":0.01}","{""detection_events"":5314,""detectors_checked"":129024,""obs_mistake_mask=E"":2}"
      1536,         3,         0,    2.12,exact_mw,38b7ae1c4e8407fc325e0d9e43e9f92ff26dcb3f5cf7b98d24ea74c9e5188d39,"{""distance"":5,""physical_error_rate"":0.005}","{""detection_events"":7657,""detectors_checked"":344064,""obs_mistake_mask=E"":3}"
        16,         2,         0,   0.446,exact_mw,7b4896c0e7f0a510554d89637fd747b157418067a95869d1f0661294d473d1dc,"{""distance"":5,""physical_error_rate"":0.02}","{""detection_events"":320,""detectors_checked"":3584,""obs_mistake_mask=E"":2}"
       128,         2,         0,   0.796,exact_mw,72230d8c06b5a71069df48ede6f7f3e6128cd83e8239dd1b2e5fe023578b6eb1,"{""distance"":5,""physical_error_rate"":0.01}","{""detection_events"":1298,""detectors_checked"":28672,""obs_mistake_mask=E"":2}"
    154624,         0,         0,    3.04,exact_mw,cb12ae119b9b2ba18d0216e7235b403229e92fd0743ede48fe7f1a2c6f45d594,"{""distance"":5,""physical_error_rate"":0.0005}","{""detection_events"":75925,""detectors_checked"":34635776}"
      1280,         0,         0,    2.57,exact_mw,38b7ae1c4e8407fc325e0d9e43e9f92ff26dcb3f5cf7b98d24ea74c9e5188d39,"{""distance"":5,""physical_error_rate"":0.005}","{""detection_events"":5996,""detectors_checked"":286720}"
     13312,         0,         0,    6.43,exact_mw,3208f56225bbcac0e2804eb6f92d0a8b681652a702ca1ec920ccd7367f0e0899,"{""distance"":5,""physical_error_rate"":0.002}","{""detection_events"":26542,""detectors_checked"":2981888}"
        32,         1,         0,   0.828,exact_mw,7b4896c0e7f0a510554d89637fd747b157418067a95869d1f0661294d473d1dc,"{""distance"":5,""physical_error_rate"":0.02}","{""detection_events"":526,""detectors_checked"":7168,""obs_mistake_mask=E"":1}"
        64,         0,         0,    1.20,exact_mw,72230d8c06b5a71069df48ede6f7f3e6128cd83e8239dd1b2e5fe023578b6eb1,"{""distance"":5,""physical_error_rate"":0.01}","{""detection_events"":640,""detectors_checked"":14336}"
        16,         0,         0,   0.176,exact_mw,7b4896c0e7f0a510554d89637fd747b157418067a95869d1f0661294d473d1dc,"{""distance"":5,""physical_error_rate"":0.02}","{""detection_events"":305,""detectors_checked"":3584}"
    208896,         0,         0,    8.31,exact_mw,cb12ae119b9b2ba18d0216e7235b403229e92fd0743ede48fe7f1a2c6f45d594,"{""distance"":5,""physical_error_rate"":0.0005}","{""detection_events"":102661,""detectors_checked"":46792704}"
    196608,         0,         0,    3.04,exact_mw,cb12ae119b9b2ba18d0216e7235b403229e92fd0743ede48fe7f1a2c6f45d594,"{""distance"":5,""physical_error_rate"":0.0005}","{""detection_events"":97080,""detectors_checked"":44040192}"
    147456,         1,         0,    8.38,exact_mw,bb90ec3459e353008cf9a5bb9142bf1e8515517a9e167021b225104594e48e8a,"{""distance"":5,""physical_error_rate"":0.001}","{""detection_events"":144989,""detectors_checked"":33030144,""obs_mistake_mask=E"":1}"
     12288,         0,         0,    3.06,exact_mw,3208f56225bbcac0e2804eb6f92d0a8b681652a702ca1ec920ccd7367f0e0899,"{""distance"":5,""physical_error_rate"":0.002}","{""detection_events"":23787,""detectors_checked"":2752512}"
    455680,         0,         0,    8.18,exact_mw,cb12ae119b9b2ba18d0216e7235b403229e92fd0743ede48fe7f1a2c6f45d594,"{""distance"":5,""physical_error_rate"":0.0005}","{""detection_events"":223254,""detectors_checked"":102072320}"
       256,         1,         0,    1.83,exact_mw,72230d8c06b5a71069df48ede6f7f3e6128cd83e8239dd1b2e5fe023578b6eb1,"{""distance"":5,""physical_error_rate"":0.01}","{""detection_events"":2438,""detectors_checked"":57344,""obs_mistake_mask=E"":1}"
       512,         0,         0,    1.13,exact_mw,38b7ae1c4e8407fc325e0d9e43e9f92ff26dcb3f5cf7b98d24ea74c9e5188d39,"{""distance"":5,""physical_error_rate"":0.005}","{""detection_events"":2549,""detectors_checked"":114688}"
      4096,         0,         0,   0.679,exact_mw,3208f56225bbcac0e2804eb6f92d0a8b681652a702ca1ec920ccd7367f0e0899,"{""distance"":5,""physical_error_rate"":0.002}","{""detection_events"":7841,""detectors_checked"":917504}"
      1280,         2,         0,    2.29,exact_mw,38b7ae1c4e8407fc325e0d9e43e9f92ff26dcb3f5cf7b98d24ea74c9e5188d39,"{""distance"":5,""physical_error_rate"":0.005}","{""detection_events"":6069,""detectors_checked"":286720,""obs_mistake_mask=E"":2}"
    285696,         0,         0,    5.93,exact_mw,f32ebecd8e105e50ec838d33c5ed9b45444b6b44a3c6ac541111079f2b14e893,"{""distance"":5,""physical_error_rate"":5e-05}","{""detection_events"":14134,""detectors_checked"":63995904}"
    359424,         0,         0,    3.00,exact_mw,f32ebecd8e105e50ec838d33c5ed9b45444b6b44a3c6ac541111079f2b14e893,"{""distance"":5,""physical_error_rate"":5e-05}","{""detection_events"":17929,""detectors_checked"":80510976}"
        32,         0,         0,   0.451,exact_mw,7b4896c0e7f0a510554d89637fd747b157418067a95869d1f0661294d473d1dc,"{""distance"":5,""physical_error_rate"":0.02}","{""detection_events"":623,""detectors_checked"":7168}"
    149504,         0,         0,    4.24,exact_mw,cdc4a450a40af8e24899239080e4c40992fb5baf91c5a31ab3a165eacb3a1ab3,"{""distance"":5,""physical_error_rate"":0.0002}","{""detection_events"":29460,""detectors_checked"":33488896}"
     21504,         0,         0,    1.14,exact_mw,bb90ec3459e353008cf9a5bb9142bf1e8515517a9e167021b225104594e48e8a,"{""distance"":5,""physical_error_rate"":0.001}","{""detection_events"":21335,""detectors_checked"":4816896}"
       352,        16,         0,    4.50,exact_mw,7b4896c0e7f0a510554d89637fd747b157418067a95869d1f0661294d473d1dc,"{""distance"":5,""physical_error_rate"":0.02}","{""detection_events"":6256,""detectors_checked"":78848,""obs_mistake_mask=E"":16}"
    822272,         0,         0,    8.30,exact_mw,70a969f5042aec17ac076c6379f4170fb7c69b8e925756ef3b7334e28a33338b,"{""distance"":5,""physical_error_rate"":0.0001}","{""detection_events"":81031,""detectors_checked"":184188928}"
       448,         5,         0,    2.40,exact_mw,72230d8c06b5a71069df48ede6f7f3e6128cd83e8239dd1b2e5fe023578b6eb1,"{""distance"":5,""physical_error_rate"":0.01}","{""detection_events"":3937,""detectors_checked"":100352,""obs_mistake_mask=E"":5}"
       192,         7,         0,    4.78,exact_mw,7b4896c0e7f0a510554d89637fd747b157418067a95869d1f0661294d473d1dc,"{""distance"":5,""physical_error_rate"":0.02}","{""detection_events"":3571,""detectors_checked"":43008,""obs_mistake_mask=E"":7}"
        32,         1,         0,   0.839,exact_mw,7b4896c0e7f0a510554d89637fd747b157418067a95869d1f0661294d473d1dc,"{""distance"":5,""physical_error_rate"":0.02}","{""detection_events"":559,""detectors_checked"":7168,""obs_mistake_mask=E"":1}"
       128,         0,         0,    1.03,exact_mw,72230d8c06b5a71069df48ede6f7f3e6128cd83e8239dd1b2e5fe023578b6eb1,"{""distance"":5,""physical_error_rate"":0.01}","{""detection_events"":1243,""detectors_checked"":28672}"
    279552,         0,         0,    8.28,exact_mw,bb90ec3459e353008cf9a5bb9142bf1e8515517a9e167021b225104594e48e8a,"{""distance"":5,""physical_error_rate"":0.001}","{""detection_events"":273614,""detectors_checked"":62619648}"
      1536,         1,         0,    3.38,exact_mw,38b7ae1c4e8407fc325e0d9e43e9f92ff26dcb3f5cf7b98d24ea74c9e5188d39,"{""distance"":5,""physical_error_rate"":0.005}","{""detection_events"":7552,""detectors_checked"":344064,""obs_mistake_mask=E"":1}"
        32,         0,         0,   0.541,exact_mw,7b4896c0e7f0a510554d89637fd747b157418067a95869d1f0661294d473d1dc,"{""distance"":5,""physical_error_rate"":0.02}","{""detection_events"":556,""detectors_checked"":7168}"
       192,         3,         0,    2.72,exact_mw,7b4896c0e7f0a510554d89637fd747b157418067a95869d1f0661294d473d1dc,"{""distance"":5,""physical_error_rate"":0.02}","{""detection_events"":3417,""detectors_checked"":43008,""obs_mistake_mask=E"":3}"
      5120,         0,         0,   0.954,exact_mw,3208f56225bbcac0e2804eb6f92d0a8b681652a702ca1ec920ccd7367f0e0899,"{""distance"":5,""physical_error_rate"":0.002}","{""detection_events"":10068,""detectors_checked"":1146880}"
     19456,         1,         0,    4.47,exact_mw,3208f56225bbcac0e2804eb6f92d0a8b681652a702ca1ec920ccd7367f0e0899,"{""distance"":5,""physical_error_rate"":0.002}","{""detection_events"":37812,""detectors_checked"":4358144,""obs_mistake_mask=E"":1}"
    154624,         0,         0,    4.28,exact_mw,70a969f5042aec17ac076c6379f4170fb7c69b8e925756ef3b7334e28a33338b,"{""distance"":5,""physical_error_rate"":0.0001}","{""detection_events"":15400,""detectors_checked"":34635776}"
       448,        25,         0,    4.78,exact_mw,7b4896c0e7f0a510554d89637fd747b157418067a95869d1f0661294d473d1dc,"{""distance"":5,""physical_error_rate"":0.02}","{""detection_events"":8024,""detectors_checked"":100352,""obs_mistake_mask=E"":25}"
       320,        10,         0,    3.81,exact_mw,7b4896c0e7f0a510554d89637fd747b157418067a95869d1f0661294d473d1dc,"{""distance"":5,""physical_error_rate"":0.02}","{""detection_events"":5630,""detectors_checked"":71680,""obs_mistake_mask=E"":10}"
       192,         1,         0,    3.14,exact_mw,72230d8c06b5a71069df48ede6f7f3e6128cd83e8239dd1b2e5fe023578b6eb1,"{""distance"":5,""physical_error_rate"":0.01}","{""detection_events"":1713,""detectors_checked"":43008,""obs_mistake_mask=E"":1}"
    583680,         0,         0,    8.29,exact_mw,cdc4a450a40af8e24899239080e4c40992fb5baf91c5a31ab3a165eacb3a1ab3,"{""distance"":5,""physical_error_rate"":0.0002}","{""detection_events"":114996,""detectors_checked"":130744320}"
    142336,         0,         0,    4.28,exact_mw,f32ebecd8e105e50ec838d33c5ed9b45444b6b44a3c6ac541111079f2b14e893,"{""distance"":5,""physical_error_rate"":5e-05}","{""detection_events"":7143,""detectors_checked"":31883264}"
     77824,         0,         0,    2.16,exact_mw,cdc4a450a40af8e24899239080e4c40992fb5baf91c5a31ab3a165eacb3a1ab3,"{""distance"":5,""physical_error_rate"":0.0002}","{""detection_events"":15486,""detectors_checked"":17432576}"
        32,         0,         0,   0.800,exact_mw,7b4896c0e7f0a510554d89637fd747b157418067a95869d1f0661294d473d1dc,"{""distance"":5,""physical_error_rate"":0.02}","{""detection_events"":510,""detectors_checked"":7168}"
    222208,         0,         0,    2.98,exact_mw,70a969f5042aec17ac076c6379f4170fb7c69b8e925756ef3b7334e28a33338b,"{""distance"":5,""physical_error_rate"":0.0001}","{""detection_events"":21815,""detectors_checked"":49774592}"
        32,         1,         0,   0.567,exact_mw,7b4896c0e7f0a510554d89637fd747b157418067a95869d1f0661294d473d1dc,"{""distance"":5,""physical_error_rate"":0.02}","{""detection_events"":602,""detectors_checked"":7168,""obs_mistake_mask=E"":1}"
      3584,         3,         0,    6.03,exact_mw,38b7ae1c4e8407fc325e0d9e43e9f92ff26dcb3f5cf7b98d24ea74c9e5188d39,"{""distance"":5,""physical_error_rate"":0.005}","{""detection_events"":17423,""detectors_checked"":802816,""obs_mistake_mask=E"":3}"
      3584,         2,         0,    6.58,exact_mw,38b7ae1c4e8407fc325e0d9e43e9f92ff26dcb3f5cf7b98d24ea74c9e5188d39,"{""distance"":5,""physical_error_rate"":0.005}","{""detection_events"":16783,""detectors_checked"":802816,""obs_mistake_mask=E"":2}"
      1536,         0,         0,    2.48,exact_mw,38b7ae1c4e8407fc325e0d9e43e9f92ff26dcb3f5cf7b98d24ea74c9e5188d39,"{""distance"":5,""physical_error_rate"":0.005}","{""detection_events"":7281,""detectors_checked"":344064}"
       384,         2,         0,    6.14,exact_mw,72230d8c06b5a71069df48ede6f7f3e6128cd83e8239dd1b2e5fe023578b6eb1,"{""distance"":5,""physical_error_rate"":0.01}","{""detection_events"":3607,""detectors_checked"":86016,""obs_mistake_mask=E"":2}"
    214016,         0,         0,    2.99,exact_mw,cdc4a450a40af8e24899239080e4c40992fb5baf91c5a31ab3a165eacb3a1ab3,"{""distance"":5,""physical_error_rate"":0.0002}","{""detection_events"":42190,""detectors_checked"":47939584}"
     21504,         1,         0,    6.07,exact_mw,3208f56225bbcac0e2804eb6f92d0a8b681652a702ca1ec920ccd7367f0e0899,"{""distance"":5,""physical_error_rate"":0.002}","{""detection_events"":42237,""detectors_checked"":4816896,""obs_mistake_mask=E"":1}"
       256,         6,         0,    3.73,exact_mw,7b4896c0e7f0a510554d89637fd747b157418067a95869d1f0661294d473d1dc,"{""distance"":5,""physical_error_rate"":0.02}","{""detection_events"":4556,""detectors_checked"":57344,""obs_mistake_mask=E"":6}"
       128,         0,         0,    2.08,exact_mw,72230d8c06b5a71069df48ede6f7f3e6128cd83e8239dd1b2e5fe023578b6eb1,"{""distance"":5,""physical_error_rate"":0.01}","{""detection_events"":1209,""detectors_checked"":28672}"
      4096,         3,         0,    6.27,exact_mw,38b7ae1c4e8407fc325e0d9e43e9f92ff26dcb3f5cf7b98d24ea74c9e5188d39,"{""distance"":5,""physical_error_rate"":0.005}","{""detection_events"":19775,""detectors_checked"":917504,""obs_mistake_mask=E"":3}"
     16384,         1,         0,    4.47,exact_mw,3208f56225bbcac0e2804eb6f92d0a8b681652a702ca1ec920ccd7367f0e0899,"{""distance"":5,""physical_error_rate"":0.002}","{""detection_events"":31974,""detectors_checked"":3670016,""obs_mistake_mask=E"":1}"
      4608,         7,         0,    6.47,exact_mw,38b7ae1c4e8407fc325e0d9e43e9f92ff26dcb3f5cf7b98d24ea74c9e5188d39,"{""distance"":5,""physical_error_rate"":0.005}","{""detection_events"":22107,""detectors_checked"":1032192,""obs_mistake_mask=E"":7}"
     29696,         0,         0,    1.55,exact_mw,bb90ec3459e353008cf9a5bb9142bf1e8515517a9e167021b225104594e48e8a,"{""distance"":5,""physical_error_rate"":0.001}","{""detection_events"":29171,""detectors_checked"":6651904}"
      3072,         6,         0,    6.66,exact_mw,38b7ae1c4e8407fc325e0d9e43e9f92ff26dcb3f5cf7b98d24ea74c9e5188d39,"{""distance"":5,""physical_error_rate"":0.005}","{""detection_events"":14518,""detectors_checked"":688128,""obs_mistake_mask=E"":6}"
       768,         0,         0,    2.03,exact_mw,38b7ae1c4e8407fc325e0d9e43e9f92ff26dcb3f5cf7b98d24ea74c9e5188d39,"{""distance"":5,""physical_error_rate"":0.005}","{""detection_events"":3796,""detectors_checked"":172032}"
      1536,         0,         0,    2.48,exact_mw,38b7ae1c4e8407fc325e0d9e43e9f92ff26dcb3f5cf7b98d24ea74c9e5188d39,"{""distance"":5,""physical_error_rate"":0.005}","{""detection_events"":7324,""detectors_checked"":344064}"
    221184,         0,         0,    3.00,exact_mw,70a969f5042aec17ac076c6379f4170fb7c69b8e925756ef3b7334e28a33338b,"{""distance"":5,""physical_error_rate"":0.0001}","{""detection_events"":22064,""detectors_checked"":49545216}"
        32,         2,         0,   0.800,exact_mw,7b4896c0e7f0a510554d89637fd747b157418067a95869d1f0661294d473d1dc,"{""distance"":5,""physical_error_rate"":0.02}","{""detection_events"":589,""detectors_checked"":7168,""obs_mistake_mask=E"":2}"
       640,         5,         0,    4.68,exact_mw,72230d8c06b5a71069df48ede6f7f3e6128cd83e8239dd1b2e5fe023578b6eb1,"{""distance"":5,""physical_error_rate"":0.01}","{""detection_events"":6168,""detectors_checked"":143360,""obs_mistake_mask=E"":5}"
       640,        27,         0,    6.52,exact_mw,7b4896c0e7f0a510554d89637fd747b157418067a95869d1f0661294d473d1dc,"{""distance"":5,""physical_error_rate"":0.02}","{""detection_events"":11384,""detectors_checked"":143360,""obs_mistake_mask=E"":27}"
       256,         0,         0,    3.46,exact_mw,72230d8c06b5a71069df48ede6f7f3e6128cd83e8239dd1b2e5fe023578b6eb1,"{""distance"":5,""physical_error_rate"":0.01}","{""detection_events"":2312,""detectors_checked"":57344}"
      6144,         1,         0,    1.18,exact_mw,3208f56225bbcac0e2804eb6f92d0a8b681652a702ca1ec920ccd7367f0e0899,"{""distance"":5,""physical_error_rate"":0.002}","{""detection_events"":12240,""detectors_checked"":1376256,""obs_mistake_mask=E"":1}"
    894976,         0,         0,    8.32,exact_mw,f32ebecd8e105e50ec838d33c5ed9b45444b6b44a3c6ac541111079f2b14e893,"{""distance"":5,""physical_error_rate"":5e-05}","{""detection_events"":43981,""detectors_checked"":200474624}"
       256,         0,         0,    1.69,exact_mw,72230d8c06b5a71069df48ede6f7f3e6128cd83e8239dd1b2e5fe023578b6eb1,"{""distance"":5,""physical_error_rate"":0.01}","{""detection_events"":2418,""detectors_checked"":57344}"
    304128,         0,         0,    8.34,exact_mw,70a969f5042aec17ac076c6379f4170fb7c69b8e925756ef3b7334e28a33338b,"{""distance"":5,""physical_error_rate"":0.0001}","{""detection_events"":30323,""detectors_checked"":68124672}"
        64,         1,         0,   0.990,exact_mw,7b4896c0e7f0a510554d89637fd747b157418067a95869d1f0661294d473d1dc,"{""distance"":5,""physical_error_rate"":0.02}","{""detection_events"":1060,""detectors_checked"":14336,""obs_mistake_mask=E"":1}"
    388096,         0,         0,    4.21,exact_mw,f32ebecd8e105e50ec838d33c5ed9b45444b6b44a3c6ac541111079f2b14e893,"{""distance"":5,""physical_error_rate"":5e-05}","{""detection_events"":19353,""detectors_checked"":86933504}"
    509952,         0,         0,    8.27,exact_mw,cb12ae119b9b2ba18d0216e7235b403229e92fd0743ede48fe7f1a2c6f45d594,"{""distance"":5,""physical_error_rate"":0.0005}","{""detection_events"":251712,""detectors_checked"":114229248}"
     15360,         2,         0,    4.44,exact_mw,3208f56225bbcac0e2804eb6f92d0a8b681652a702ca1ec920ccd7367f0e0899,"{""distance"":5,""physical_error_rate"":0.002}","{""detection_events"":30002,""detectors_checked"":3440640,""obs_mistake_mask=E"":2}"
      4096,         5,         0,    6.35,exact_mw,38b7ae1c4e8407fc325e0d9e43e9f92ff26dcb3f5cf7b98d24ea74c9e5188d39,"{""distance"":5,""physical_error_rate"":0.005}","{""detection_events"":19784,""detectors_checked"":917504,""obs_mistake_mask=E"":5}"
       640,         1,         0,    4.26,exact_mw,72230d8c06b5a71069df48ede6f7f3e6128cd83e8239dd1b2e5fe023578b6eb1,"{""distance"":5,""physical_error_rate"":0.01}","{""detection_events"":5921,""detectors_checked"":143360,""obs_mistake_mask=E"":1}"
       320,         2,         0,    2.74,exact_mw,72230d8c06b5a71069df48ede6f7f3e6128cd83e8239dd1b2e5fe023578b6eb1,"{""distance"":5,""physical_error_rate"":0.01}","{""detection_events"":3048,""detectors_checked"":71680,""obs_mistake_mask=E"":2}"
    491520,         0,         0,    8.33,exact_mw,cb12ae119b9b2ba18d0216e7235b403229e92fd0743ede48fe7f1a2c6f45d594,"{""distance"":5,""physical_error_rate"":0.0005}","{""detection_events"":242797,""detectors_checked"":110100480}"
        32,         1,         0,   0.883,exact_mw,7b4896c0e7f0a510554d89637fd747b157418067a95869d1f0661294d473d1dc,"{""distance"":5,""physical_error_rate"":0.02}","{""detection_events"":564,""detectors_checked"":7168,""obs_mistake_mask=E"":1}"
    758784,         0,         0,    8.35,exact_mw,f32ebecd8e105e50ec838d33c5ed9b45444b6b44a3c6ac541111079f2b14e893,"{""distance"":5,""physical_error_rate"":5e-05}","{""detection_events"":37818,""detectors_checked"":169967616}"
      1792,         2,         0,    3.45,exact_mw,38b7ae1c4e8407fc325e0d9e43e9f92ff26dcb3f5cf7b98d24ea74c9e5188d39,"{""distance"":5,""physical_error_rate"":0.005}","{""detection_events"":8605,""detectors_checked"":401408,""obs_mistake_mask=E"":2}"
    105472,         0,         0,    4.27,exact_mw,bb90ec3459e353008cf9a5bb9142bf1e8515517a9e167021b225104594e48e8a,"{""distance"":5,""physical_error_rate"":0.001}","{""detection_events"":102617,""detectors_checked"":23625728}"
    759808,         0,         0,    8.33,exact_mw,70a969f5042aec17ac076c6379f4170fb7c69b8e925756ef3b7334e28a33338b,"{""distance"":5,""physical_error_rate"":0.0001}","{""detection_events"":74389,""detectors_checked"":170196992}"
        64,         3,         0,   0.930,exact_mw,7b4896c0e7f0a510554d89637fd747b157418067a95869d1f0661294d473d1dc,"{""distance"":5,""physical_error_rate"":0.02}","{""detection_events"":1154,""detectors_checked"":14336,""obs_mistake_mask=E"":3}"
      1536,         1,         0,    6.75,exact_mw,38b7ae1c4e8407fc325e0d9e43e9f92ff26dcb3f5cf7b98d24ea74c9e5188d39,"{""distance"":5,""physical_error_rate"":0.005}","{""detection_events"":7308,""detectors_checked"":344064,""obs_mistake_mask=E"":1}"
      1792,         0,         0,    3.19,exact_mw,38b7ae1c4e8407fc325e0d9e43e9f92ff26dcb3f5cf7b98d24ea74c9e5188d39,"{""distance"":5,""physical_error_rate"":0.005}","{""detection_events"":8569,""detectors_checked"":401408}"
    759808,         0,         0,    8.36,exact_mw,70a969f5042aec17ac076c6379f4170fb7c69b8e925756ef3b7334e28a33338b,"{""distance"":5,""physical_error_rate"":0.0001}","{""detection_events"":75081,""detectors_checked"":170196992}"
       448,         7,         0,    6.51,exact_mw,7b4896c0e7f0a510554d89637fd747b157418067a95869d1f0661294d473d1dc,"{""distance"":5,""physical_error_rate"":0.02}","{""detection_events"":7725,""detectors_checked"":100352,""obs_mistake_mask=E"":7}"
    150528,         0,         0,    5.92,exact_mw,cb12ae119b9b2ba18d0216e7235b403229e92fd0743ede48fe7f1a2c6f45d594,"{""distance"":5,""physical_error_rate"":0.0005}","{""detection_events"":73525,""detectors_checked"":33718272}"
      1152,        11,         0,    6.63,exact_mw,72230d8c06b5a71069df48ede6f7f3e6128cd83e8239dd1b2e5fe023578b6eb1,"{""distance"":5,""physical_error_rate"":0.01}","{""detection_events"":10842,""detectors_checked"":258048,""obs_mistake_mask=E"":11}"
    707584,         0,         0,    8.21,exact_mw,cdc4a450a40af8e24899239080e4c40992fb5baf91c5a31ab3a165eacb3a1ab3,"{""distance"":5,""physical_error_rate"":0.0002}","{""detection_events"":139846,""detectors_checked"":158498816}"
    297984,         0,         0,    8.25,exact_mw,70a969f5042aec17ac076c6379f4170fb7c69b8e925756ef3b7334e28a33338b,"{""distance"":5,""physical_error_rate"":0.0001}","{""detection_events"":29773,""detectors_checked"":66748416}"
    695296,         0,         0,    8.26,exact_mw,70a969f5042aec17ac076c6379f4170fb7c69b8e925756ef3b7334e28a33338b,"{""distance"":5,""physical_error_rate"":0.0001}","{""detection_events"":67769,""detectors_checked"":155746304}"
    211968,         0,         0,    5.96,exact_mw,f32ebecd8e105e50ec838d33c5ed9b45444b6b44a3c6ac541111079f2b14e893,"{""distance"":5,""physical_error_rate"":5e-05}","{""detection_events"":10653,""detectors_checked"":47480832}"
      8192,         0,         0,    1.63,exact_mw,3208f56225bbcac0e2804eb6f92d0a8b681652a702ca1ec920ccd7367f0e0899,"{""distance"":5,""physical_error_rate"":0.002}","{""detection_events"":15644,""detectors_checked"":1835008}"
    354304,         0,         0,    5.89,exact_mw,cdc4a450a40af8e24899239080e4c40992fb5baf91c5a31ab3a165eacb3a1ab3,"{""distance"":5,""physical_error_rate"":0.0002}","{""detection_events"":69598,""detectors_checked"":79364096}"
    224256,         0,         0,    4.25,exact_mw,cb12ae119b9b2ba18d0216e7235b403229e92fd0743ede48fe7f1a2c6f45d594,"{""distance"":5,""physical_error_rate"":0.0005}","{""detection_events"":110298,""detectors_checked"":50233344}"
       640,         3,         0,    3.52,exact_mw,72230d8c06b5a71069df48ede6f7f3e6128cd83e8239dd1b2e5fe023578b6eb1,"{""distance"":5,""physical_error_rate"":0.01}","{""detection_events"":5893,""detectors_checked"":143360,""obs_mistake_mask=E"":3}"
    191488,         0,         0,    8.38,exact_mw,bb90ec3459e353008cf9a5bb9142bf1e8515517a9e167021b225104594e48e8a,"{""distance"":5,""physical_error_rate"":0.001}","{""detection_events"":188078,""detectors_checked"":42893312}"
       256,         1,         0,    1.77,exact_mw,72230d8c06b5a71069df48ede6f7f3e6128cd83e8239dd1b2e5fe023578b6eb1,"{""distance"":5,""physical_error_rate"":0.01}","{""detection_events"":2422,""detectors_checked"":57344,""obs_mistake_mask=E"":1}"
    652288,         0,         0,    8.21,exact_mw,f32ebecd8e105e50ec838d33c5ed9b45444b6b44a3c6ac541111079f2b14e893,"{""distance"":5,""physical_error_rate"":5e-05}","{""detection_events"":31688,""detectors_checked"":146112512}"
     44032,         0,         0,    2.20,exact_mw,bb90ec3459e353008cf9a5bb9142bf1e8515517a9e167021b225104594e48e8a,"{""distance"":5,""physical_error_rate"":0.001}","{""detection_events"":43162,""detectors_checked"":9863168}"
    370688,         0,         0,    4.25,exact_mw,cb12ae119b9b2ba18d0216e7235b403229e92fd0743ede48fe7f1a2c6f45d594,"{""distance"":5,""physical_error_rate"":0.0005}","{""detection_events"":182726,""detectors_checked"":83034112}"
    295936,         0,         0,    8.37,exact_mw,70a969f5042aec17ac076c6379f4170fb7c69b8e925756ef3b7334e28a33338b,"{""distance"":5,""physical_error_rate"":0.0001}","{""detection_events"":29918,""detectors_checked"":66289664}"
    155648,         0,         0,    8.25,exact_mw,bb90ec3459e353008cf9a5bb9142bf1e8515517a9e167021b225104594e48e8a,"{""distance"":5,""physical_error_rate"":0.001}","{""detection_events"":153741,""detectors_checked"":34865152}"
       192,         1,         0,    2.44,exact_mw,72230d8c06b5a71069df48ede6f7f3e6128cd83e8239dd1b2e5fe023578b6eb1,"{""distance"":5,""physical_error_rate"":0.01}","{""detection_events"":1773,""detectors_checked"":43008,""obs_mistake_mask=E"":1}"
     18432,         1,         0,    4.34,exact_mw,3208f56225bbcac0e2804eb6f92d0a8b681652a702ca1ec920ccd7367f0e0899,"{""distance"":5,""physical_error_rate"":0.002}","{""detection_events"":36045,""detectors_checked"":4128768,""obs_mistake_mask=E"":1}"
    303104,         2,         0,    5.84,exact_mw,cb12ae119b9b2ba18d0216e7235b403229e92fd0743ede48fe7f1a2c6f45d594,"{""distance"":5,""physical_error_rate"":0.0005}","{""detection_events"":150131,""detectors_checked"":67895296,""obs_mistake_mask=E"":2}"
       256,        15,         0,    6.55,exact_mw,7b4896c0e7f0a510554d89637fd747b157418067a95869d1f0661294d473d1dc,"{""distance"":5,""physical_error_rate"":0.02}","{""detection_events"":4605,""detectors_checked"":57344,""obs_mistake_mask=E"":15}"
    576512,         0,         0,    8.24,exact_mw,f32ebecd8e105e50ec838d33c5ed9b45444b6b44a3c6ac541111079f2b14e893,"{""distance"":5,""physical_error_rate"":5e-05}","{""detection_events"":28453,""detectors_checked"":129138688}"
    108544,         0,         0,    3.08,exact_mw,cdc4a450a40af8e24899239080e4c40992fb5baf91c5a31ab3a165eacb3a1ab3,"{""distance"":5,""physical_error_rate"":0.0002}","{""detection_events"":20869,""detectors_checked"":24313856}"
    439296,         0,         0,    5.91,exact_mw,f32ebecd8e105e50ec838d33c5ed9b45444b6b44a3c6ac541111079f2b14e893,"{""distance"":5,""physical_error_rate"":5e-05}","{""detection_events"":21785,""detectors_checked"":98402304}"
    526336,         0,         0,    5.94,exact_mw,f32ebecd8e105e50ec838d33c5ed9b45444b6b44a3c6ac541111079f2b14e893,"{""distance"":5,""physical_error_rate"":5e-05}","{""detection_events"":26512,""detectors_checked"":117899264}"
    271360,         1,         0,    8.32,exact_mw,bb90ec3459e353008cf9a5bb9142bf1e8515517a9e167021b225104594e48e8a,"{""distance"":5,""physical_error_rate"":0.001}","{""detection_events"":266083,""detectors_checked"":60784640,""obs_mistake_mask=E"":1}"
    498688,         0,         0,    4.23,exact_mw,f32ebecd8e105e50ec838d33c5ed9b45444b6b44a3c6ac541111079f2b14e893,"{""distance"":5,""physical_error_rate"":5e-05}","{""detection_events"":24265,""detectors_checked"":111706112}"
    549888,         0,         0,    8.20,exact_mw,f32ebecd8e105e50ec838d33c5ed9b45444b6b44a3c6ac541111079f2b14e893,"{""distance"":5,""physical_error_rate"":5e-05}","{""detection_events"":26867,""detectors_checked"":123174912}"
      1024,         2,         0,    2.44,exact_mw,38b7ae1c4e8407fc325e0d9e43e9f92ff26dcb3f5cf7b98d24ea74c9e5188d39,"{""distance"":5,""physical_error_rate"":0.005}","{""detection_events"":4638,""detectors_checked"":229376,""obs_mistake_mask=E"":2}"
    116736,         2,         0,    5.99,exact_mw,bb90ec3459e353008cf9a5bb9142bf1e8515517a9e167021b225104594e48e8a,"{""distance"":5,""physical_error_rate"":0.001}","{""detection_events"":115486,""detectors_checked"":26148864,""obs_mistake_mask=E"":2}"
     43008,         5,         0,    8.44,exact_mw,3208f56225bbcac0e2804eb6f92d0a8b681652a702ca1ec920ccd7367f0e0899,"{""distance"":5,""physical_error_rate"":0.002}","{""detection_events"":84142,""detectors_checked"":9633792,""obs_mistake_mask=E"":5}"
     31744,         2,         0,    8.55,exact_mw,3208f56225bbcac0e2804eb6f92d0a8b681652a702ca1ec920ccd7367f0e0899,"{""distance"":5,""physical_error_rate"":0.002}","{""detection_events"":61496,""detectors_checked"":7110656,""obs_mistake_mask=E"":2}"
     98304,         0,         0,    5.96,exact_mw,bb90ec3459e353008cf9a5bb9142bf1e8515517a9e167021b225104594e48e8a,"{""distance"":5,""physical_error_rate"":0.001}","{""detection_events"":96454,""detectors_checked"":22020096}"
    679936,         0,         0,    8.30,exact_mw,cdc4a450a40af8e24899239080e4c40992fb5baf91c5a31ab3a165eacb3a1ab3,"{""distance"":5,""physical_error_rate"":0.0002}","{""detection_events"":135759,""detectors_checked"":152305664}"
      1408,         0,         0,    6.00,exact_mw,38b7ae1c4e8407fc325e0d9e43e9f92ff26dcb3f5cf7b98d24ea74c9e5188d39,"{""distance"":5,""physical_error_rate"":0.005}","{""detection_events"":6651,""detectors_checked"":315392}"
       448,         3,         0,    6.18,exact_mw,72230d8c06b5a71069df48ede6f7f3e6128cd83e8239dd1b2e5fe023578b6eb1,"{""distance"":5,""physical_error_rate"":0.01}","{""detection_events"":4195,""detectors_checked"":100352,""obs_mistake_mask=E"":3}"
        64,         3,         0,    1.60,exact_mw,7b4896c0e7f0a510554d89637fd747b157418067a95869d1f0661294d473d1dc,"{""distance"":5,""physical_error_rate"":0.02}","{""detection_events"":1135,""detectors_checked"":14336,""obs_mistake_mask=E"":3}"
       448,         2,         0,    6.34,exact_mw,72230d8c06b5a71069df48ede6f7f3e6128cd83e8239dd1b2e5fe023578b6eb1,"{""distance"":5,""physical_error_rate"":0.01}","{""detection_events"":4304,""detectors_checked"":100352,""obs_mistake_mask=E"":2}"
    675840,         0,         0,    8.31,exact_mw,cdc4a450a40af8e24899239080e4c40992fb5baf91c5a31ab3a165eacb3a1ab3,"{""distance"":5,""physical_error_rate"":0.0002}","{""detection_events"":131787,""detectors_checked"":151388160}"
       896,         7,         0,    6.37,exact_mw,72230d8c06b5a71069df48ede6f7f3e6128cd83e8239dd1b2e5fe023578b6eb1,"{""distance"":5,""physical_error_rate"":0.01}","{""detection_events"":8138,""detectors_checked"":200704,""obs_mistake_mask=E"":7}"
      1152,        10,         0,    6.47,exact_mw,72230d8c06b5a71069df48ede6f7f3e6128cd83e8239dd1b2e5fe023578b6eb1,"{""distance"":5,""physical_error_rate"":0.01}","{""detection_events"":10855,""detectors_checked"":258048,""obs_mistake_mask=E"":10}"
       640,         6,         0,    5.16,exact_mw,72230d8c06b5a71069df48ede6f7f3e6128cd83e8239dd1b2e5fe023578b6eb1,"{""distance"":5,""physical_error_rate"":0.01}","{""detection_events"":6106,""detectors_checked"":143360,""obs_mistake_mask=E"":6}"
    169984,         0,         0,    8.36,exact_mw,bb90ec3459e353008cf9a5bb9142bf1e8515517a9e167021b225104594e48e8a,"{""distance"":5,""physical_error_rate"":0.001}","{""detection_events"":166776,""detectors_checked"":38076416}"
       256,         5,         0,    3.92,exact_mw,7b4896c0e7f0a510554d89637fd747b157418067a95869d1f0661294d473d1dc,"{""distance"":5,""physical_error_rate"":0.02}","{""detection_events"":4610,""detectors_checked"":57344,""obs_mistake_mask=E"":5}"
    616448,         0,         0,    8.27,exact_mw,cb12ae119b9b2ba18d0216e7235b403229e92fd0743ede48fe7f1a2c6f45d594,"{""distance"":5,""physical_error_rate"":0.0005}","{""detection_events"":302676,""detectors_checked"":138084352}"
    547840,         0,         0,    8.26,exact_mw,cdc4a450a40af8e24899239080e4c40992fb5baf91c5a31ab3a165eacb3a1ab3,"{""distance"":5,""physical_error_rate"":0.0002}","{""detection_events"":108537,""detectors_checked"":122716160}"
        96,         4,         0,    1.53,exact_mw,7b4896c0e7f0a510554d89637fd747b157418067a95869d1f0661294d473d1dc,"{""distance"":5,""physical_error_rate"":0.02}","{""detection_events"":1670,""detectors_checked"":21504,""obs_mistake_mask=E"":4}"
    292864,         0,         0,    8.32,exact_mw,cdc4a450a40af8e24899239080e4c40992fb5baf91c5a31ab3a165eacb3a1ab3,"{""distance"":5,""physical_error_rate"":0.0002}","{""detection_events"":58638,""detectors_checked"":65601536}"
    540672,         0,         0,    8.27,exact_mw,f32ebecd8e105e50ec838d33c5ed9b45444b6b44a3c6ac541111079f2b14e893,"{""distance"":5,""physical_error_rate"":5e-05}","{""detection_events"":26581,""detectors_checked"":121110528}"
    386048,         0,         0,    8.32,exact_mw,cb12ae119b9b2ba18d0216e7235b403229e92fd0743ede48fe7f1a2c6f45d594,"{""distance"":5,""physical_error_rate"":0.0005}","{""detection_events"":189994,""detectors_checked"":86474752}"
    217088,         0,         0,    8.26,exact_mw,bb90ec3459e353008cf9a5bb9142bf1e8515517a9e167021b225104594e48e8a,"{""distance"":5,""physical_error_rate"":0.001}","{""detection_events"":212239,""detectors_checked"":48627712}"
    740352,         0,         0,    8.30,exact_mw,cdc4a450a40af8e24899239080e4c40992fb5baf91c5a31ab3a165eacb3a1ab3,"{""distance"":5,""physical_error_rate"":0.0002}","{""detection_events"":144409,""detectors_checked"":165838848}"
    202752,         0,         0,    5.92,exact_mw,bb90ec3459e353008cf9a5bb9142bf1e8515517a9e167021b225104594e48e8a,"{""distance"":5,""physical_error_rate"":0.001}","{""detection_events"":200418,""detectors_checked"":45416448}"
    212992,         0,         0,    5.92,exact_mw,70a969f5042aec17ac076c6379f4170fb7c69b8e925756ef3b7334e28a33338b,"{""distance"":5,""physical_error_rate"":0.0001}","{""detection_events"":21274,""detectors_checked"":47710208}"
    219136,         0,         0,    5.98,exact_mw,f32ebecd8e105e50ec838d33c5ed9b45444b6b44a3c6ac541111079f2b14e893,"{""distance"":5,""physical_error_rate"":5e-05}","{""detection_events"":10865,""detectors_checked"":49086464}"
      1792,         3,         0,    3.50,exact_mw,38b7ae1c4e8407fc325e0d9e43e9f92ff26dcb3f5cf7b98d24ea74c9e5188d39,"{""distance"":5,""physical_error_rate"":0.005}","{""detection_events"":8879,""detectors_checked"":401408,""obs_mistake_mask=E"":3}"
      2560,         2,         0,    4.39,exact_mw,38b7ae1c4e8407fc325e0d9e43e9f92ff26dcb3f5cf7b98d24ea74c9e5188d39,"{""distance"":5,""physical_error_rate"":0.005}","{""detection_events"":12299,""detectors_checked"":573440,""obs_mistake_mask=E"":2}"
       448,        17,         0,    6.00,exact_mw,7b4896c0e7f0a510554d89637fd747b157418067a95869d1f0661294d473d1dc,"{""distance"":5,""physical_error_rate"":0.02}","{""detection_events"":8084,""detectors_checked"":100352,""obs_mistake_mask=E"":17}"
    217088,         0,         0,    5.96,exact_mw,70a969f5042aec17ac076c6379f4170fb7c69b8e925756ef3b7334e28a33338b,"{""distance"":5,""physical_error_rate"":0.0001}","{""detection_events"":21364,""detectors_checked"":48627712}"
    417792,         0,         0,    5.86,exact_mw,cdc4a450a40af8e24899239080e4c40992fb5baf91c5a31ab3a165eacb3a1ab3,"{""distance"":5,""physical_error_rate"":0.0002}","{""detection_events"":82277,""detectors_checked"":93585408}"
    521216,         1,         0,    8.24,exact_mw,cb12ae119b9b2ba18d0216e7235b403229e92fd0743ede48fe7f1a2c6f45d594,"{""distance"":5,""physical_error_rate"":0.0005}","{""detection_events"":255721,""detectors_checked"":116752384,""obs_mistake_mask=E"":1}"
     33792,         1,         0,    8.48,exact_mw,3208f56225bbcac0e2804eb6f92d0a8b681652a702ca1ec920ccd7367f0e0899,"{""distance"":5,""physical_error_rate"":0.002}","{""detection_events"":65815,""detectors_checked"":7569408,""obs_mistake_mask=E"":1}"
    310272,         0,         0,    4.22,exact_mw,70a969f5042aec17ac076c6379f4170fb7c69b8e925756ef3b7334e28a33338b,"{""distance"":5,""physical_error_rate"":0.0001}","{""detection_events"":30238,""detectors_checked"":69500928}"
      2048,         1,         0,    3.55,exact_mw,38b7ae1c4e8407fc325e0d9e43e9f92ff26dcb3f5cf7b98d24ea74c9e5188d39,"{""distance"":5,""physical_error_rate"":0.005}","{""detection_events"":9993,""detectors_checked"":458752,""obs_mistake_mask=E"":1}"
       512,        20,         0,    6.53,exact_mw,7b4896c0e7f0a510554d89637fd747b157418067a95869d1f0661294d473d1dc,"{""distance"":5,""physical_error_rate"":0.02}","{""detection_events"":9148,""detectors_checked"":114688,""obs_mistake_mask=E"":20}"
       320,         2,         0,    3.06,exact_mw,72230d8c06b5a71069df48ede6f7f3e6128cd83e8239dd1b2e5fe023578b6eb1,"{""distance"":5,""physical_error_rate"":0.01}","{""detection_events"":3093,""detectors_checked"":71680,""obs_mistake_mask=E"":2}"
       320,         3,         0,    4.68,exact_mw,72230d8c06b5a71069df48ede6f7f3e6128cd83e8239dd1b2e5fe023578b6eb1,"{""distance"":5,""physical_error_rate"":0.01}","{""detection_events"":3102,""detectors_checked"":71680,""obs_mistake_mask=E"":3}"
       256,        15,         0,    6.48,exact_mw,7b4896c0e7f0a510554d89637fd747b157418067a95869d1f0661294d473d1dc,"{""distance"":5,""physical_error_rate"":0.02}","{""detection_events"":4585,""detectors_checked"":57344,""obs_mistake_mask=E"":15}"
    246784,         0,         0,    4.23,exact_mw,cdc4a450a40af8e24899239080e4c40992fb5baf91c5a31ab3a165eacb3a1ab3,"{""distance"":5,""physical_error_rate"":0.0002}","{""detection_events"":49309,""detectors_checked"":55279616}"
       384,        19,         0,    4.85,exact_mw,7b4896c0e7f0a510554d89637fd747b157418067a95869d1f0661294d473d1dc,"{""distance"":5,""physical_error_rate"":0.02}","{""detection_events"":6743,""detectors_checked"":86016,""obs_mistake_mask=E"":19}"
    200704,         0,         0,    8.34,exact_mw,bb90ec3459e353008cf9a5bb9142bf1e8515517a9e167021b225104594e48e8a,"{""distance"":5,""physical_error_rate"":0.001}","{""detection_events"":197959,""detectors_checked"":44957696}"
     12288,         0,         0,    2.30,exact_mw,3208f56225bbcac0e2804eb6f92d0a8b681652a702ca1ec920ccd7367f0e0899,"{""distance"":5,""physical_error_rate"":0.002}","{""detection_events"":24048,""detectors_checked"":2752512}"
    215040,         0,         0,    5.93,exact_mw,cdc4a450a40af8e24899239080e4c40992fb5baf91c5a31ab3a165eacb3a1ab3,"{""distance"":5,""physical_error_rate"":0.0002}","{""detection_events"":42380,""detectors_checked"":48168960}"
    611328,         0,         0,    8.22,exact_mw,70a969f5042aec17ac076c6379f4170fb7c69b8e925756ef3b7334e28a33338b,"{""distance"":5,""physical_error_rate"":0.0001}","{""detection_events"":60506,""detectors_checked"":136937472}"
        64,         1,         0,    1.76,exact_mw,7b4896c0e7f0a510554d89637fd747b157418067a95869d1f0661294d473d1dc,"{""distance"":5,""physical_error_rate"":0.02}","{""detection_events"":1183,""detectors_checked"":14336,""obs_mistake_mask=E"":1}"
    305152,         0,         0,    4.21,exact_mw,70a969f5042aec17ac076c6379f4170fb7c69b8e925756ef3b7334e28a33338b,"{""distance"":5,""physical_error_rate"":0.0001}","{""detection_events"":29481,""detectors_checked"":68354048}"
     35840,         1,         0,    8.40,exact_mw,3208f56225bbcac0e2804eb6f92d0a8b681652a702ca1ec920ccd7367f0e0899,"{""distance"":5,""physical_error_rate"":0.002}","{""detection_events"":68951,""detectors_checked"":8028160,""obs_mistake_mask=E"":1}"
    425984,         0,         0,    8.20,exact_mw,cb12ae119b9b2ba18d0216e7235b403229e92fd0743ede48fe7f1a2c6f45d594,"{""distance"":5,""physical_error_rate"":0.0005}","{""detection_events"":210034,""detectors_checked"":95420416}"
       320,        18,         0,    4.67,exact_mw,7b4896c0e7f0a510554d89637fd747b157418067a95869d1f0661294d473d1dc,"{""distance"":5,""physical_error_rate"":0.02}","{""detection_events"":5804,""detectors_checked"":71680,""obs_mistake_mask=E"":18}"
    552960,         1,         0,    8.21,exact_mw,cb12ae119b9b2ba18d0216e7235b403229e92fd0743ede48fe7f1a2c6f45d594,"{""distance"":5,""physical_error_rate"":0.0005}","{""detection_events"":272368,""detectors_checked"":123863040,""obs_mistake_mask=E"":1}"
       480,        17,         0,    6.32,exact_mw,7b4896c0e7f0a510554d89637fd747b157418067a95869d1f0661294d473d1dc,"{""distance"":5,""physical_error_rate"":0.02}","{""detection_events"":8666,""detectors_checked"":107520,""obs_mistake_mask=E"":17}"
       128,         5,         0,    1.98,exact_mw,7b4896c0e7f0a510554d89637fd747b157418067a95869d1f0661294d473d1dc,"{""distance"":5,""physical_error_rate"":0.02}","{""detection_events"":2436,""detectors_checked"":28672,""obs_mistake_mask=E"":5}"
    569344,         0,         0,    8.24,exact_mw,cdc4a450a40af8e24899239080e4c40992fb5baf91c5a31ab3a165eacb3a1ab3,"{""distance"":5,""physical_error_rate"":0.0002}","{""detection_events"":112744,""detectors_checked"":127533056}"
       256,         9,         0,    6.33,exact_mw,7b4896c0e7f0a510554d89637fd747b157418067a95869d1f0661294d473d1dc,"{""distance"":5,""physical_error_rate"":0.02}","{""detection_events"":4771,""detectors_checked"":57344,""obs_mistake_mask=E"":9}"
       384,         4,         0,    2.75,exact_mw,72230d8c06b5a71069df48ede6f7f3e6128cd83e8239dd1b2e5fe023578b6eb1,"{""distance"":5,""physical_error_rate"":0.01}","{""detection_events"":3785,""detectors_checked"":86016,""obs_mistake_mask=E"":4}"
    288768,         0,         0,    8.29,exact_mw,cdc4a450a40af8e24899239080e4c40992fb5baf91c5a31ab3a165eacb3a1ab3,"{""distance"":5,""physical_error_rate"":0.0002}","{""detection_events"":56778,""detectors_checked"":64684032}"
     32768,         0,         0,    8.44,exact_mw,3208f56225bbcac0e2804eb6f92d0a8b681652a702ca1ec920ccd7367f0e0899,"{""distance"":5,""physical_error_rate"":0.002}","{""detection_events"":64185,""detectors_checked"":7340032}"
    535552,         0,         0,    8.18,exact_mw,cb12ae119b9b2ba18d0216e7235b403229e92fd0743ede48fe7f1a2c6f45d594,"{""distance"":5,""physical_error_rate"":0.0005}","{""detection_events"":261809,""detectors_checked"":119963648}"
      2048,         5,         0,    8.60,exact_mw,38b7ae1c4e8407fc325e0d9e43e9f92ff26dcb3f5cf7b98d24ea74c9e5188d39,"{""distance"":5,""physical_error_rate"":0.005}","{""detection_events"":9874,""detectors_checked"":458752,""obs_mistake_mask=E"":5}"
    219136,         0,         0,    5.92,exact_mw,70a969f5042aec17ac076c6379f4170fb7c69b8e925756ef3b7334e28a33338b,"{""distance"":5,""physical_error_rate"":0.0001}","{""detection_events"":22157,""detectors_checked"":49086464}"
     30720,         0,         0,    6.02,exact_mw,3208f56225bbcac0e2804eb6f92d0a8b681652a702ca1ec920ccd7367f0e0899,"{""distance"":5,""physical_error_rate"":0.002}","{""detection_events"":59579,""detectors_checked"":6881280}"
       576,        26,         0,    6.02,exact_mw,7b4896c0e7f0a510554d89637fd747b157418067a95869d1f0661294d473d1dc,"{""distance"":5,""physical_error_rate"":0.02}","{""detection_events"":10422,""detectors_checked"":129024,""obs_mistake_mask=E"":26}"
    301056,         0,         0,    8.31,exact_mw,70a969f5042aec17ac076c6379f4170fb7c69b8e925756ef3b7334e28a33338b,"{""distance"":5,""physical_error_rate"":0.0001}","{""detection_events"":29809,""detectors_checked"":67436544}"
    223232,         0,         0,    5.96,exact_mw,f32ebecd8e105e50ec838d33c5ed9b45444b6b44a3c6ac541111079f2b14e893,"{""distance"":5,""physical_error_rate"":5e-05}","{""detection_events"":10962,""detectors_checked"":50003968}"
     60416,         0,         0,    3.09,exact_mw,bb90ec3459e353008cf9a5bb9142bf1e8515517a9e167021b225104594e48e8a,"{""distance"":5,""physical_error_rate"":0.001}","{""detection_events"":59641,""detectors_checked"":13533184}"
       384,         0,         0,    5.22,exact_mw,72230d8c06b5a71069df48ede6f7f3e6128cd83e8239dd1b2e5fe023578b6eb1,"{""distance"":5,""physical_error_rate"":0.01}","{""detection_events"":3473,""detectors_checked"":86016}"
       256,         0,         0,    3.12,exact_mw,72230d8c06b5a71069df48ede6f7f3e6128cd83e8239dd1b2e5fe023578b6eb1,"{""distance"":5,""physical_error_rate"":0.01}","{""detection_events"":2330,""detectors_checked"":57344}"
    172032,         0,         0,    8.31,exact_mw,bb90ec3459e353008cf9a5bb9142bf1e8515517a9e167021b225104594e48e8a,"{""distance"":5,""physical_error_rate"":0.001}","{""detection_events"":168522,""detectors_checked"":38535168}"
     33792,         1,         0,    8.37,exact_mw,3208f56225bbcac0e2804eb6f92d0a8b681652a702ca1ec920ccd7367f0e0899,"{""distance"":5,""physical_error_rate"":0.002}","{""detection_events"":66335,""detectors_checked"":7569408,""obs_mistake_mask=E"":1}"
      2304,         0,         0,    4.70,exact_mw,38b7ae1c4e8407fc325e0d9e43e9f92ff26dcb3f5cf7b98d24ea74c9e5188d39,"{""distance"":5,""physical_error_rate"":0.005}","{""detection_events"":11196,""detectors_checked"":516096}"
      1280,         1,         0,    3.35,exact_mw,38b7ae1c4e8407fc325e0d9e43e9f92ff26dcb3f5cf7b98d24ea74c9e5188d39,"{""distance"":5,""physical_error_rate"":0.005}","{""detection_events"":6269,""detectors_checked"":286720,""obs_mistake_mask=E"":1}"
     52224,         2,         0,    8.53,exact_mw,3208f56225bbcac0e2804eb6f92d0a8b681652a702ca1ec920ccd7367f0e0899,"{""distance"":5,""physical_error_rate"":0.002}","{""detection_events"":102497,""detectors_checked"":11698176,""obs_mistake_mask=E"":2}"
        64,         1,         0,    1.65,exact_mw,7b4896c0e7f0a510554d89637fd747b157418067a95869d1f0661294d473d1dc,"{""distance"":5,""physical_error_rate"":0.02}","{""detection_events"":1162,""detectors_checked"":14336,""obs_mistake_mask=E"":1}"
     24576,         1,         0,    6.10,exact_mw,3208f56225bbcac0e2804eb6f92d0a8b681652a702ca1ec920ccd7367f0e0899,"{""distance"":5,""physical_error_rate"":0.002}","{""detection_events"":48143,""detectors_checked"":5505024,""obs_mistake_mask=E"":1}"
      2816,         0,         0,    4.65,exact_mw,38b7ae1c4e8407fc325e0d9e43e9f92ff26dcb3f5cf7b98d24ea74c9e5188d39,"{""distance"":5,""physical_error_rate"":0.005}","{""detection_events"":13141,""detectors_checked"":630784}"
       896,         5,         0,    6.15,exact_mw,72230d8c06b5a71069df48ede6f7f3e6128cd83e8239dd1b2e5fe023578b6eb1,"{""distance"":5,""physical_error_rate"":0.01}","{""detection_events"":8290,""detectors_checked"":200704,""obs_mistake_mask=E"":5}"
     18432,         0,         0,    8.67,exact_mw,3208f56225bbcac0e2804eb6f92d0a8b681652a702ca1ec920ccd7367f0e0899,"{""distance"":5,""physical_error_rate"":0.002}","{""detection_events"":35867,""detectors_checked"":4128768}"
    715776,         0,         0,    5.82,exact_mw,f32ebecd8e105e50ec838d33c5ed9b45444b6b44a3c6ac541111079f2b14e893,"{""distance"":5,""physical_error_rate"":5e-05}","{""detection_events"":34669,""detectors_checked"":160333824}"
    304128,         0,         0,    8.37,exact_mw,f32ebecd8e105e50ec838d33c5ed9b45444b6b44a3c6ac541111079f2b14e893,"{""distance"":5,""physical_error_rate"":5e-05}","{""detection_events"":14771,""detectors_checked"":68124672}"
       896,         6,         0,    4.60,exact_mw,72230d8c06b5a71069df48ede6f7f3e6128cd83e8239dd1b2e5fe023578b6eb1,"{""distance"":5,""physical_error_rate"":0.01}","{""detection_events"":8321,""detectors_checked"":200704,""obs_mistake_mask=E"":6}"
     23552,         4,         0,    6.13,exact_mw,3208f56225bbcac0e2804eb6f92d0a8b681652a702ca1ec920ccd7367f0e0899,"{""distance"":5,""physical_error_rate"":0.002}","{""detection_events"":46404,""detectors_checked"":5275648,""obs_mistake_mask=E"":4}"
    145408,         0,         0,    4.24,exact_mw,cdc4a450a40af8e24899239080e4c40992fb5baf91c5a31ab3a165eacb3a1ab3,"{""distance"":5,""physical_error_rate"":0.0002}","{""detection_events"":28429,""detectors_checked"":32571392}"
       896,         8,         0,    6.15,exact_mw,72230d8c06b5a71069df48ede6f7f3e6128cd83e8239dd1b2e5fe023578b6eb1,"{""distance"":5,""physical_error_rate"":0.01}","{""detection_events"":8327,""detectors_checked"":200704,""obs_mistake_mask=E"":8}"
       160,         2,         0,    2.34,exact_mw,7b4896c0e7f0a510554d89637fd747b157418067a95869d1f0661294d473d1dc,"{""distance"":5,""physical_error_rate"":0.02}","{""detection_events"":2760,""detectors_checked"":35840,""obs_mistake_mask=E"":2}"
    149504,         0,         0,    5.98,exact_mw,bb90ec3459e353008cf9a5bb9142bf1e8515517a9e167021b225104594e48e8a,"{""distance"":5,""physical_error_rate"":0.001}","{""detection_events"":148023,""detectors_checked"":33488896}"
     16384,         1,         0,    3.26,exact_mw,3208f56225bbcac0e2804eb6f92d0a8b681652a702ca1ec920ccd7367f0e0899,"{""distance"":5,""physical_error_rate"":0.002}","{""detection_events"":32274,""detectors_checked"":3670016,""obs_mistake_mask=E"":1}"
       320,         5,         0,    4.90,exact_mw,7b4896c0e7f0a510554d89637fd747b157418067a95869d1f0661294d473d1dc,"{""distance"":5,""physical_error_rate"":0.02}","{""detection_events"":5606,""detectors_checked"":71680,""obs_mistake_mask=E"":5}"
      2048,         2,         0,    4.62,exact_mw,38b7ae1c4e8407fc325e0d9e43e9f92ff26dcb3f5cf7b98d24ea74c9e5188d39,"{""distance"":5,""physical_error_rate"":0.005}","{""detection_events"":10189,""detectors_checked"":458752,""obs_mistake_mask=E"":2}"
    312320,         0,         0,    5.84,exact_mw,cb12ae119b9b2ba18d0216e7235b403229e92fd0743ede48fe7f1a2c6f45d594,"{""distance"":5,""physical_error_rate"":0.0005}","{""detection_events"":153396,""detectors_checked"":69959680}"
    522240,         0,         0,    5.89,exact_mw,cb12ae119b9b2ba18d0216e7235b403229e92fd0743ede48fe7f1a2c6f45d594,"{""distance"":5,""physical_error_rate"":0.0005}","{""detection_events"":256829,""detectors_checked"":116981760}"
      2560,         2,         0,    4.57,exact_mw,38b7ae1c4e8407fc325e0d9e43e9f92ff26dcb3f5cf7b98d24ea74c9e5188d39,"{""distance"":5,""physical_error_rate"":0.005}","{""detection_events"":12424,""detectors_checked"":573440,""obs_mistake_mask=E"":2}"
     31744,         2,         0,    8.58,exact_mw,3208f56225bbcac0e2804eb6f92d0a8b681652a702ca1ec920ccd7367f0e0899,"{""distance"":5,""physical_error_rate"":0.002}","{""detection_events"":61524,""detectors_checked"":7110656,""obs_mistake_mask=E"":2}"
       512,         8,         0,    3.44,exact_mw,72230d8c06b5a71069df48ede6f7f3e6128cd83e8239dd1b2e5fe023578b6eb1,"{""distance"":5,""physical_error_rate"":0.01}","{""detection_events"":4771,""detectors_checked"":114688,""obs_mistake_mask=E"":8}"
      4096,         6,         0,    8.85,exact_mw,38b7ae1c4e8407fc325e0d9e43e9f92ff26dcb3f5cf7b98d24ea74c9e5188d39,"{""distance"":5,""physical_error_rate"":0.005}","{""detection_events"":19733,""detectors_checked"":917504,""obs_mistake_mask=E"":6}"
      4608,        12,         0,    8.43,exact_mw,38b7ae1c4e8407fc325e0d9e43e9f92ff26dcb3f5cf7b98d24ea74c9e5188d39,"{""distance"":5,""physical_error_rate"":0.005}","{""detection_events"":22299,""detectors_checked"":1032192,""obs_mistake_mask=E"":12}"
        96,         3,         0,    2.32,exact_mw,7b4896c0e7f0a510554d89637fd747b157418067a95869d1f0661294d473d1dc,"{""distance"":5,""physical_error_rate"":0.02}","{""detection_events"":1704,""detectors_checked"":21504,""obs_mistake_mask=E"":3}"
      5120,         7,         0,    8.90,exact_mw,38b7ae1c4e8407fc325e0d9e43e9f92ff26dcb3f5cf7b98d24ea74c9e5188d39,"{""distance"":5,""physical_error_rate"":0.005}","{""detection_events"":24973,""detectors_checked"":1146880,""obs_mistake_mask=E"":7}"
     27648,         2,         0,    6.07,exact_mw,3208f56225bbcac0e2804eb6f92d0a8b681652a702ca1ec920ccd7367f0e0899,"{""distance"":5,""physical_error_rate"":0.002}","{""detection_events"":54174,""detectors_checked"":6193152,""obs_mistake_mask=E"":2}"
    697344,         0,         0,    5.81,exact_mw,f32ebecd8e105e50ec838d33c5ed9b45444b6b44a3c6ac541111079f2b14e893,"{""distance"":5,""physical_error_rate"":5e-05}","{""detection_events"":34146,""detectors_checked"":156205056}"
       576,         4,         0,    4.64,exact_mw,72230d8c06b5a71069df48ede6f7f3e6128cd83e8239dd1b2e5fe023578b6eb1,"{""distance"":5,""physical_error_rate"":0.01}","{""detection_events"":5391,""detectors_checked"":129024,""obs_mistake_mask=E"":4}"
      3840,         5,         0,    8.45,exact_mw,38b7ae1c4e8407fc325e0d9e43e9f92ff26dcb3f5cf7b98d24ea74c9e5188d39,"{""distance"":5,""physical_error_rate"":0.005}","{""detection_events"":18601,""detectors_checked"":860160,""obs_mistake_mask=E"":5}"
      3840,         3,         0,    8.82,exact_mw,38b7ae1c4e8407fc325e0d9e43e9f92ff26dcb3f5cf7b98d24ea74c9e5188d39,"{""distance"":5,""physical_error_rate"":0.005}","{""detection_events"":19043,""detectors_checked"":860160,""obs_mistake_mask=E"":3}"
       832,        30,         0,    8.61,exact_mw,7b4896c0e7f0a510554d89637fd747b157418067a95869d1f0661294d473d1dc,"{""distance"":5,""physical_error_rate"":0.02}","{""detection_events"":14757,""detectors_checked"":186368,""obs_mistake_mask=E"":30}"
       768,         6,         0,    6.11,exact_mw,72230d8c06b5a71069df48ede6f7f3e6128cd83e8239dd1b2e5fe023578b6eb1,"{""distance"":5,""physical_error_rate"":0.01}","{""detection_events"":7220,""detectors_checked"":172032,""obs_mistake_mask=E"":6}"
      3328,         4,         0,    6.00,exact_mw,38b7ae1c4e8407fc325e0d9e43e9f92ff26dcb3f5cf7b98d24ea74c9e5188d39,"{""distance"":5,""physical_error_rate"":0.005}","{""detection_events"":16279,""detectors_checked"":745472,""obs_mistake_mask=E"":4}"
       640,         4,         0,    9.51,exact_mw,72230d8c06b5a71069df48ede6f7f3e6128cd83e8239dd1b2e5fe023578b6eb1,"{""distance"":5,""physical_error_rate"":0.01}","{""detection_events"":6197,""detectors_checked"":143360,""obs_mistake_mask=E"":4}"
      6656,         7,         0,    8.64,exact_mw,38b7ae1c4e8407fc325e0d9e43e9f92ff26dcb3f5cf7b98d24ea74c9e5188d39,"{""distance"":5,""physical_error_rate"":0.005}","{""detection_events"":32047,""detectors_checked"":1490944,""obs_mistake_mask=E"":7}"
    546816,         0,         0,    11.6,exact_mw,cb12ae119b9b2ba18d0216e7235b403229e92fd0743ede48fe7f1a2c6f45d594,"{""distance"":5,""physical_error_rate"":0.0005}","{""detection_events"":267816,""detectors_checked"":122486784}"
     90112,         0,         0,    4.25,exact_mw,bb90ec3459e353008cf9a5bb9142bf1e8515517a9e167021b225104594e48e8a,"{""distance"":5,""physical_error_rate"":0.001}","{""detection_events"":87174,""detectors_checked"":20185088}"
    355328,         0,         0,    5.95,exact_mw,70a969f5042aec17ac076c6379f4170fb7c69b8e925756ef3b7334e28a33338b,"{""distance"":5,""physical_error_rate"":0.0001}","{""detection_events"":34855,""detectors_checked"":79593472}"
    219136,         1,         0,    11.7,exact_mw,bb90ec3459e353008cf9a5bb9142bf1e8515517a9e167021b225104594e48e8a,"{""distance"":5,""physical_error_rate"":0.001}","{""detection_events"":214826,""detectors_checked"":49086464,""obs_mistake_mask=E"":1}"
   1019904,         0,         0,    11.6,exact_mw,cb12ae119b9b2ba18d0216e7235b403229e92fd0743ede48fe7f1a2c6f45d594,"{""distance"":5,""physical_error_rate"":0.0005}","{""detection_events"":499988,""detectors_checked"":228458496}"
       640,        18,         0,    8.34,exact_mw,7b4896c0e7f0a510554d89637fd747b157418067a95869d1f0661294d473d1dc,"{""distance"":5,""physical_error_rate"":0.02}","{""detection_events"":11531,""detectors_checked"":143360,""obs_mistake_mask=E"":18}"
       320,         3,         0,    4.44,exact_mw,72230d8c06b5a71069df48ede6f7f3e6128cd83e8239dd1b2e5fe023578b6eb1,"{""distance"":5,""physical_error_rate"":0.01}","{""detection_events"":2681,""detectors_checked"":71680,""obs_mistake_mask=E"":3}"
    407552,         0,         0,    5.93,exact_mw,cdc4a450a40af8e24899239080e4c40992fb5baf91c5a31ab3a165eacb3a1ab3,"{""distance"":5,""physical_error_rate"":0.0002}","{""detection_events"":80551,""detectors_checked"":91291648}"
    204800,         0,         0,    8.29,exact_mw,cb12ae119b9b2ba18d0216e7235b403229e92fd0743ede48fe7f1a2c6f45d594,"{""distance"":5,""physical_error_rate"":0.0005}","{""detection_events"":100239,""detectors_checked"":45875200}"
      2048,         0,         0,    8.62,exact_mw,38b7ae1c4e8407fc325e0d9e43e9f92ff26dcb3f5cf7b98d24ea74c9e5188d39,"{""distance"":5,""physical_error_rate"":0.005}","{""detection_events"":10037,""detectors_checked"":458752}"
    306176,         0,         0,    8.31,exact_mw,f32ebecd8e105e50ec838d33c5ed9b45444b6b44a3c6ac541111079f2b14e893,"{""distance"":5,""physical_error_rate"":5e-05}","{""detection_events"":15358,""detectors_checked"":68583424}"
       416,         1,         0,    6.31,exact_mw,72230d8c06b5a71069df48ede6f7f3e6128cd83e8239dd1b2e5fe023578b6eb1,"{""distance"":5,""physical_error_rate"":0.01}","{""detection_events"":3750,""detectors_checked"":93184,""obs_mistake_mask=E"":1}"
   1181696,         0,         0,    11.5,exact_mw,70a969f5042aec17ac076c6379f4170fb7c69b8e925756ef3b7334e28a33338b,"{""distance"":5,""physical_error_rate"":0.0001}","{""detection_events"":115358,""detectors_checked"":264699904}"
    505856,         0,         0,    8.18,exact_mw,cdc4a450a40af8e24899239080e4c40992fb5baf91c5a31ab3a165eacb3a1ab3,"{""distance"":5,""physical_error_rate"":0.0002}","{""detection_events"":99257,""detectors_checked"":113311744}"
    428032,         0,         0,    5.94,exact_mw,70a969f5042aec17ac076c6379f4170fb7c69b8e925756ef3b7334e28a33338b,"{""distance"":5,""physical_error_rate"":0.0001}","{""detection_events"":42794,""detectors_checked"":95879168}"
    376832,         2,         0,    11.7,exact_mw,bb90ec3459e353008cf9a5bb9142bf1e8515517a9e167021b225104594e48e8a,"{""distance"":5,""physical_error_rate"":0.001}","{""detection_events"":370521,""detectors_checked"":84410368,""obs_mistake_mask=E"":2}"
      1280,        10,         0,    8.79,exact_mw,72230d8c06b5a71069df48ede6f7f3e6128cd83e8239dd1b2e5fe023578b6eb1,"{""distance"":5,""physical_error_rate"":0.01}","{""detection_events"":11956,""detectors_checked"":286720,""obs_mistake_mask=E"":10}"
      1792,         1,         0,    4.67,exact_mw,38b7ae1c4e8407fc325e0d9e43e9f92ff26dcb3f5cf7b98d24ea74c9e5188d39,"{""distance"":5,""physical_error_rate"":0.005}","{""detection_events"":8752,""detectors_checked"":401408,""obs_mistake_mask=E"":1}"
       512,        20,         0,    6.56,exact_mw,7b4896c0e7f0a510554d89637fd747b157418067a95869d1f0661294d473d1dc,"{""distance"":5,""physical_error_rate"":0.02}","{""detection_events"":8947,""detectors_checked"":114688,""obs_mistake_mask=E"":20}"
       256,         6,         0,    3.42,exact_mw,7b4896c0e7f0a510554d89637fd747b157418067a95869d1f0661294d473d1dc,"{""distance"":5,""physical_error_rate"":0.02}","{""detection_events"":4384,""detectors_checked"":57344,""obs_mistake_mask=E"":6}"
    443392,         0,         0,    8.22,exact_mw,cb12ae119b9b2ba18d0216e7235b403229e92fd0743ede48fe7f1a2c6f45d594,"{""distance"":5,""physical_error_rate"":0.0005}","{""detection_events"":217309,""detectors_checked"":99319808}"
       448,        15,         0,    6.26,exact_mw,7b4896c0e7f0a510554d89637fd747b157418067a95869d1f0661294d473d1dc,"{""distance"":5,""physical_error_rate"":0.02}","{""detection_events"":7786,""detectors_checked"":100352,""obs_mistake_mask=E"":15}"
    406528,         0,         0,    8.31,exact_mw,f32ebecd8e105e50ec838d33c5ed9b45444b6b44a3c6ac541111079f2b14e893,"{""distance"":5,""physical_error_rate"":5e-05}","{""detection_events"":19562,""detectors_checked"":91062272}"
    715776,         0,         0,    8.32,exact_mw,f32ebecd8e105e50ec838d33c5ed9b45444b6b44a3c6ac541111079f2b14e893,"{""distance"":5,""physical_error_rate"":5e-05}","{""detection_events"":35280,""detectors_checked"":160333824}"
       512,        15,         0,    8.51,exact_mw,7b4896c0e7f0a510554d89637fd747b157418067a95869d1f0661294d473d1dc,"{""distance"":5,""physical_error_rate"":0.02}","{""detection_events"":9056,""detectors_checked"":114688,""obs_mistake_mask=E"":15}"
    750592,         0,         0,    11.5,exact_mw,cdc4a450a40af8e24899239080e4c40992fb5baf91c5a31ab3a165eacb3a1ab3,"{""distance"":5,""physical_error_rate"":0.0002}","{""detection_events"":148199,""detectors_checked"":168132608}"
    171008,         4,         0,    8.38,exact_mw,bb90ec3459e353008cf9a5bb9142bf1e8515517a9e167021b225104594e48e8a,"{""distance"":5,""physical_error_rate"":0.001}","{""detection_events"":168107,""detectors_checked"":38305792,""obs_mistake_mask=E"":4}"
    147456,         1,         0,    8.38,exact_mw,bb90ec3459e353008cf9a5bb9142bf1e8515517a9e167021b225104594e48e8a,"{""distance"":5,""physical_error_rate"":0.001}","{""detection_events"":145401,""detectors_checked"":33030144,""obs_mistake_mask=E"":1}"
       928,         1,         0,    8.44,exact_mw,72230d8c06b5a71069df48ede6f7f3e6128cd83e8239dd1b2e5fe023578b6eb1,"{""distance"":5,""physical_error_rate"":0.01}","{""detection_events"":8565,""detectors_checked"":207872,""obs_mistake_mask=E"":1}"
      1408,        15,         0,    8.52,exact_mw,72230d8c06b5a71069df48ede6f7f3e6128cd83e8239dd1b2e5fe023578b6eb1,"{""distance"":5,""physical_error_rate"":0.01}","{""detection_events"":13353,""detectors_checked"":315392,""obs_mistake_mask=E"":15}"
       960,         7,         0,    8.51,exact_mw,72230d8c06b5a71069df48ede6f7f3e6128cd83e8239dd1b2e5fe023578b6eb1,"{""distance"":5,""physical_error_rate"":0.01}","{""detection_events"":8999,""detectors_checked"":215040,""obs_mistake_mask=E"":7}"
       640,         4,         0,    8.75,exact_mw,72230d8c06b5a71069df48ede6f7f3e6128cd83e8239dd1b2e5fe023578b6eb1,"{""distance"":5,""physical_error_rate"":0.01}","{""detection_events"":5764,""detectors_checked"":143360,""obs_mistake_mask=E"":4}"
      2048,         3,         0,    8.78,exact_mw,38b7ae1c4e8407fc325e0d9e43e9f92ff26dcb3f5cf7b98d24ea74c9e5188d39,"{""distance"":5,""physical_error_rate"":0.005}","{""detection_events"":9876,""detectors_checked"":458752,""obs_mistake_mask=E"":3}"
    214016,         0,         0,    8.31,exact_mw,bb90ec3459e353008cf9a5bb9142bf1e8515517a9e167021b225104594e48e8a,"{""distance"":5,""physical_error_rate"":0.001}","{""detection_events"":210744,""detectors_checked"":47939584}"
    748544,         0,         0,    8.34,exact_mw,70a969f5042aec17ac076c6379f4170fb7c69b8e925756ef3b7334e28a33338b,"{""distance"":5,""physical_error_rate"":0.0001}","{""detection_events"":74091,""detectors_checked"":167673856}"
    282624,         0,         0,    8.29,exact_mw,f32ebecd8e105e50ec838d33c5ed9b45444b6b44a3c6ac541111079f2b14e893,"{""distance"":5,""physical_error_rate"":5e-05}","{""detection_events"":13943,""detectors_checked"":63307776}"
    300032,         0,         0,    8.39,exact_mw,70a969f5042aec17ac076c6379f4170fb7c69b8e925756ef3b7334e28a33338b,"{""distance"":5,""physical_error_rate"":0.0001}","{""detection_events"":29581,""detectors_checked"":67207168}"
    589824,         0,         0,    8.35,exact_mw,cdc4a450a40af8e24899239080e4c40992fb5baf91c5a31ab3a165eacb3a1ab3,"{""distance"":5,""physical_error_rate"":0.0002}","{""detection_events"":116059,""detectors_checked"":132120576}"
       128,         5,         0,    3.38,exact_mw,7b4896c0e7f0a510554d89637fd747b157418067a95869d1f0661294d473d1dc,"{""distance"":5,""physical_error_rate"":0.02}","{""detection_events"":2226,""detectors_checked"":28672,""obs_mistake_mask=E"":5}"
     18432,         0,         0,    4.33,exact_mw,3208f56225bbcac0e2804eb6f92d0a8b681652a702ca1ec920ccd7367f0e0899,"{""distance"":5,""physical_error_rate"":0.002}","{""detection_events"":35629,""detectors_checked"":4128768}"
   1563648,         0,         0,    11.5,exact_mw,f32ebecd8e105e50ec838d33c5ed9b45444b6b44a3c6ac541111079f2b14e893,"{""distance"":5,""physical_error_rate"":5e-05}","{""detection_events"":76935,""detectors_checked"":350257152}"
    418816,         0,         0,    11.6,exact_mw,70a969f5042aec17ac076c6379f4170fb7c69b8e925756ef3b7334e28a33338b,"{""distance"":5,""physical_error_rate"":0.0001}","{""detection_events"":41014,""detectors_checked"":93814784}"
       544,        16,         0,    8.90,exact_mw,7b4896c0e7f0a510554d89637fd747b157418067a95869d1f0661294d473d1dc,"{""distance"":5,""physical_error_rate"":0.02}","{""detection_events"":9493,""detectors_checked"":121856,""obs_mistake_mask=E"":16}"
       384,         2,         0,    6.78,exact_mw,72230d8c06b5a71069df48ede6f7f3e6128cd83e8239dd1b2e5fe023578b6eb1,"{""distance"":5,""physical_error_rate"":0.01}","{""detection_events"":3512,""detectors_checked"":86016,""obs_mistake_mask=E"":2}"
    710656,         0,         0,    11.6,exact_mw,cb12ae119b9b2ba18d0216e7235b403229e92fd0743ede48fe7f1a2c6f45d594,"{""distance"":5,""physical_error_rate"":0.0005}","{""detection_events"":346888,""detectors_checked"":159186944}"
      3072,         4,         0,    6.48,exact_mw,38b7ae1c4e8407fc325e0d9e43e9f92ff26dcb3f5cf7b98d24ea74c9e5188d39,"{""distance"":5,""physical_error_rate"":0.005}","{""detection_events"":14587,""detectors_checked"":688128,""obs_mistake_mask=E"":4}"
      4608,         4,         0,    6.29,exact_mw,38b7ae1c4e8407fc325e0d9e43e9f92ff26dcb3f5cf7b98d24ea74c9e5188d39,"{""distance"":5,""physical_error_rate"":0.005}","{""detection_events"":22304,""detectors_checked"":1032192,""obs_mistake_mask=E"":4}"
    198656,         0,         0,    5.95,exact_mw,cdc4a450a40af8e24899239080e4c40992fb5baf91c5a31ab3a165eacb3a1ab3,"{""distance"":5,""physical_error_rate"":0.0002}","{""detection_events"":38697,""detectors_checked"":44498944}"
    237568,         0,         0,    8.27,exact_mw,cdc4a450a40af8e24899239080e4c40992fb5baf91c5a31ab3a165eacb3a1ab3,"{""distance"":5,""physical_error_rate"":0.0002}","{""detection_events"":46826,""detectors_checked"":53215232}"
    606208,         0,         0,    11.6,exact_mw,cb12ae119b9b2ba18d0216e7235b403229e92fd0743ede48fe7f1a2c6f45d594,"{""distance"":5,""physical_error_rate"":0.0005}","{""detection_events"":299027,""detectors_checked"":135790592}"
       704,        20,         0,    9.05,exact_mw,7b4896c0e7f0a510554d89637fd747b157418067a95869d1f0661294d473d1dc,"{""distance"":5,""physical_error_rate"":0.02}","{""detection_events"":12424,""detectors_checked"":157696,""obs_mistake_mask=E"":20}"
       640,         1,         0,    4.40,exact_mw,72230d8c06b5a71069df48ede6f7f3e6128cd83e8239dd1b2e5fe023578b6eb1,"{""distance"":5,""physical_error_rate"":0.01}","{""detection_events"":5954,""detectors_checked"":143360,""obs_mistake_mask=E"":1}"
       192,         7,         0,    1.92,exact_mw,7b4896c0e7f0a510554d89637fd747b157418067a95869d1f0661294d473d1dc,"{""distance"":5,""physical_error_rate"":0.02}","{""detection_events"":3323,""detectors_checked"":43008,""obs_mistake_mask=E"":7}"
   1061888,         0,         0,    11.6,exact_mw,f32ebecd8e105e50ec838d33c5ed9b45444b6b44a3c6ac541111079f2b14e893,"{""distance"":5,""physical_error_rate"":5e-05}","{""detection_events"":52679,""detectors_checked"":237862912}"
       288,         5,         0,    8.92,exact_mw,7b4896c0e7f0a510554d89637fd747b157418067a95869d1f0661294d473d1dc,"{""distance"":5,""physical_error_rate"":0.02}","{""detection_events"":5113,""detectors_checked"":64512,""obs_mistake_mask=E"":5}"
       416,        13,         0,    8.15,exact_mw,7b4896c0e7f0a510554d89637fd747b157418067a95869d1f0661294d473d1dc,"{""distance"":5,""physical_error_rate"":0.02}","{""detection_events"":7460,""detectors_checked"":93184,""obs_mistake_mask=E"":13}"
       192,         3,         0,    2.44,exact_mw,7b4896c0e7f0a510554d89637fd747b157418067a95869d1f0661294d473d1dc,"{""distance"":5,""physical_error_rate"":0.02}","{""detection_events"":3369,""detectors_checked"":43008,""obs_mistake_mask=E"":3}"
    848896,         0,         0,    11.6,exact_mw,70a969f5042aec17ac076c6379f4170fb7c69b8e925756ef3b7334e28a33338b,"{""distance"":5,""physical_error_rate"":0.0001}","{""detection_events"":84196,""detectors_checked"":190152704}"
       640,        27,         0,    8.24,exact_mw,7b4896c0e7f0a510554d89637fd747b157418067a95869d1f0661294d473d1dc,"{""distance"":5,""physical_error_rate"":0.02}","{""detection_events"":11276,""detectors_checked"":143360,""obs_mistake_mask=E"":27}"
       192,         6,         0,    2.50,exact_mw,7b4896c0e7f0a510554d89637fd747b157418067a95869d1f0661294d473d1dc,"{""distance"":5,""physical_error_rate"":0.02}","{""detection_events"":3497,""detectors_checked"":43008,""obs_mistake_mask=E"":6}"
        32,         1,         0,   0.966,exact_mw,7b4896c0e7f0a510554d89637fd747b157418067a95869d1f0661294d473d1dc,"{""distance"":5,""physical_error_rate"":0.02}","{""detection_events"":599,""detectors_checked"":7168,""obs_mistake_mask=E"":1}"
       256,        12,         0,    3.33,exact_mw,7b4896c0e7f0a510554d89637fd747b157418067a95869d1f0661294d473d1dc,"{""distance"":5,""physical_error_rate"":0.02}","{""detection_events"":4583,""detectors_checked"":57344,""obs_mistake_mask=E"":12}"
    846848,         0,         0,    11.6,exact_mw,70a969f5042aec17ac076c6379f4170fb7c69b8e925756ef3b7334e28a33338b,"{""distance"":5,""physical_error_rate"":0.0001}","{""detection_events"":83375,""detectors_checked"":189693952}"
      1024,        12,         0,    6.56,exact_mw,72230d8c06b5a71069df48ede6f7f3e6128cd83e8239dd1b2e5fe023578b6eb1,"{""distance"":5,""physical_error_rate"":0.01}","{""detection_events"":9707,""detectors_checked"":229376,""obs_mistake_mask=E"":12}"
       448,        16,         0,    4.56,exact_mw,7b4896c0e7f0a510554d89637fd747b157418067a95869d1f0661294d473d1dc,"{""distance"":5,""physical_error_rate"":0.02}","{""detection_events"":7953,""detectors_checked"":100352,""obs_mistake_mask=E"":16}"
       768,        22,         0,    8.23,exact_mw,7b4896c0e7f0a510554d89637fd747b157418067a95869d1f0661294d473d1dc,"{""distance"":5,""physical_error_rate"":0.02}","{""detection_events"":13620,""detectors_checked"":172032,""obs_mistake_mask=E"":22}"
   1241088,         0,         0,    11.5,exact_mw,cdc4a450a40af8e24899239080e4c40992fb5baf91c5a31ab3a165eacb3a1ab3,"{""distance"":5,""physical_error_rate"":0.0002}","{""detection_events"":244103,""detectors_checked"":278003712}"
    415744,         0,         0,    11.6,exact_mw,70a969f5042aec17ac076c6379f4170fb7c69b8e925756ef3b7334e28a33338b,"{""distance"":5,""physical_error_rate"":0.0001}","{""detection_events"":40772,""detectors_checked"":93126656}"
    422912,         0,         0,    8.25,exact_mw,70a969f5042aec17ac076c6379f4170fb7c69b8e925756ef3b7334e28a33338b,"{""distance"":5,""physical_error_rate"":0.0001}","{""detection_events"":41473,""detectors_checked"":94732288}"
    959488,         0,         0,    11.6,exact_mw,70a969f5042aec17ac076c6379f4170fb7c69b8e925756ef3b7334e28a33338b,"{""distance"":5,""physical_error_rate"":0.0001}","{""detection_events"":94292,""detectors_checked"":214925312}"
       192,         6,         0,    2.72,exact_mw,7b4896c0e7f0a510554d89637fd747b157418067a95869d1f0661294d473d1dc,"{""distance"":5,""physical_error_rate"":0.02}","{""detection_events"":3370,""detectors_checked"":43008,""obs_mistake_mask=E"":6}"
        64,         3,         0,   0.738,exact_mw,7b4896c0e7f0a510554d89637fd747b157418067a95869d1f0661294d473d1dc,"{""distance"":5,""physical_error_rate"":0.02}","{""detection_events"":1062,""detectors_checked"":14336,""obs_mistake_mask=E"":3}"
       384,         7,         0,    5.79,exact_mw,7b4896c0e7f0a510554d89637fd747b157418067a95869d1f0661294d473d1dc,"{""distance"":5,""physical_error_rate"":0.02}","{""detection_events"":6660,""detectors_checked"":86016,""obs_mistake_mask=E"":7}"
    534528,         0,         0,    8.31,exact_mw,f32ebecd8e105e50ec838d33c5ed9b45444b6b44a3c6ac541111079f2b14e893,"{""distance"":5,""physical_error_rate"":5e-05}","{""detection_events"":26417,""detectors_checked"":119734272}"
        64,         3,         0,    1.91,exact_mw,7b4896c0e7f0a510554d89637fd747b157418067a95869d1f0661294d473d1dc,"{""distance"":5,""physical_error_rate"":0.02}","{""detection_events"":1169,""detectors_checked"":14336,""obs_mistake_mask=E"":3}"
     36864,         3,         0,    8.55,exact_mw,3208f56225bbcac0e2804eb6f92d0a8b681652a702ca1ec920ccd7367f0e0899,"{""distance"":5,""physical_error_rate"":0.002}","{""detection_events"":72447,""detectors_checked"":8257536,""obs_mistake_mask=E"":3}"
    295936,         0,         0,    11.6,exact_mw,bb90ec3459e353008cf9a5bb9142bf1e8515517a9e167021b225104594e48e8a,"{""distance"":5,""physical_error_rate"":0.001}","{""detection_events"":291484,""detectors_checked"":66289664}"
   1024000,         0,         0,    11.6,exact_mw,f32ebecd8e105e50ec838d33c5ed9b45444b6b44a3c6ac541111079f2b14e893,"{""distance"":5,""physical_error_rate"":5e-05}","{""detection_events"":50114,""detectors_checked"":229376000}"
    635904,         0,         0,    11.5,exact_mw,70a969f5042aec17ac076c6379f4170fb7c69b8e925756ef3b7334e28a33338b,"{""distance"":5,""physical_error_rate"":0.0001}","{""detection_events"":61387,""detectors_checked"":142442496}"
    196608,         1,         0,    11.6,exact_mw,bb90ec3459e353008cf9a5bb9142bf1e8515517a9e167021b225104594e48e8a,"{""distance"":5,""physical_error_rate"":0.001}","{""detection_events"":193071,""detectors_checked"":44040192,""obs_mistake_mask=E"":1}"
    804864,         0,         0,    11.5,exact_mw,f32ebecd8e105e50ec838d33c5ed9b45444b6b44a3c6ac541111079f2b14e893,"{""distance"":5,""physical_error_rate"":5e-05}","{""detection_events"":38677,""detectors_checked"":180289536}"
      3072,         3,         0,    6.43,exact_mw,38b7ae1c4e8407fc325e0d9e43e9f92ff26dcb3f5cf7b98d24ea74c9e5188d39,"{""distance"":5,""physical_error_rate"":0.005}","{""detection_events"":14708,""detectors_checked"":688128,""obs_mistake_mask=E"":3}"
    365568,         1,         0,    11.5,exact_mw,bb90ec3459e353008cf9a5bb9142bf1e8515517a9e167021b225104594e48e8a,"{""distance"":5,""physical_error_rate"":0.001}","{""detection_events"":360669,""detectors_checked"":81887232,""obs_mistake_mask=E"":1}"
    840704,         0,         0,    11.5,exact_mw,f32ebecd8e105e50ec838d33c5ed9b45444b6b44a3c6ac541111079f2b14e893,"{""distance"":5,""physical_error_rate"":5e-05}","{""detection_events"":41403,""detectors_checked"":188317696}"
    876544,         0,         0,    11.5,exact_mw,cdc4a450a40af8e24899239080e4c40992fb5baf91c5a31ab3a165eacb3a1ab3,"{""distance"":5,""physical_error_rate"":0.0002}","{""detection_events"":173071,""detectors_checked"":196345856}"
     43008,         2,         0,    11.8,exact_mw,3208f56225bbcac0e2804eb6f92d0a8b681652a702ca1ec920ccd7367f0e0899,"{""distance"":5,""physical_error_rate"":0.002}","{""detection_events"":83940,""detectors_checked"":9633792,""obs_mistake_mask=E"":2}"
     59392,         5,         0,    11.8,exact_mw,3208f56225bbcac0e2804eb6f92d0a8b681652a702ca1ec920ccd7367f0e0899,"{""distance"":5,""physical_error_rate"":0.002}","{""detection_events"":115943,""detectors_checked"":13303808,""obs_mistake_mask=E"":5}"
    931840,         0,         0,    11.6,exact_mw,cdc4a450a40af8e24899239080e4c40992fb5baf91c5a31ab3a165eacb3a1ab3,"{""distance"":5,""physical_error_rate"":0.0002}","{""detection_events"":182932,""detectors_checked"":208732160}"
     32768,         6,         0,    8.34,exact_mw,3208f56225bbcac0e2804eb6f92d0a8b681652a702ca1ec920ccd7367f0e0899,"{""distance"":5,""physical_error_rate"":0.002}","{""detection_events"":64733,""detectors_checked"":7340032,""obs_mistake_mask=E"":6}"
    135168,         3,         0,    11.7,exact_mw,bb90ec3459e353008cf9a5bb9142bf1e8515517a9e167021b225104594e48e8a,"{""distance"":5,""physical_error_rate"":0.001}","{""detection_events"":132223,""detectors_checked"":30277632,""obs_mistake_mask=E"":3}"
    769024,         0,         0,    11.5,exact_mw,cdc4a450a40af8e24899239080e4c40992fb5baf91c5a31ab3a165eacb3a1ab3,"{""distance"":5,""physical_error_rate"":0.0002}","{""detection_events"":152701,""detectors_checked"":172261376}"
    661504,         0,         0,    11.5,exact_mw,cb12ae119b9b2ba18d0216e7235b403229e92fd0743ede48fe7f1a2c6f45d594,"{""distance"":5,""physical_error_rate"":0.0005}","{""detection_events"":325304,""detectors_checked"":148176896}"
    530432,         0,         0,    11.5,exact_mw,cdc4a450a40af8e24899239080e4c40992fb5baf91c5a31ab3a165eacb3a1ab3,"{""distance"":5,""physical_error_rate"":0.0002}","{""detection_events"":105320,""detectors_checked"":118816768}"
    831488,         0,         0,    11.5,exact_mw,f32ebecd8e105e50ec838d33c5ed9b45444b6b44a3c6ac541111079f2b14e893,"{""distance"":5,""physical_error_rate"":5e-05}","{""detection_events"":40870,""detectors_checked"":186253312}"
       960,         5,         0,    6.18,exact_mw,72230d8c06b5a71069df48ede6f7f3e6128cd83e8239dd1b2e5fe023578b6eb1,"{""distance"":5,""physical_error_rate"":0.01}","{""detection_events"":8927,""detectors_checked"":215040,""obs_mistake_mask=E"":5}"
    497664,         0,         0,    11.7,exact_mw,cb12ae119b9b2ba18d0216e7235b403229e92fd0743ede48fe7f1a2c6f45d594,"{""distance"":5,""physical_error_rate"":0.0005}","{""detection_events"":246548,""detectors_checked"":111476736}"
    896000,         0,         0,    11.5,exact_mw,cdc4a450a40af8e24899239080e4c40992fb5baf91c5a31ab3a165eacb3a1ab3,"{""distance"":5,""physical_error_rate"":0.0002}","{""detection_events"":176410,""detectors_checked"":200704000}"
    269312,         1,         0,    11.6,exact_mw,bb90ec3459e353008cf9a5bb9142bf1e8515517a9e167021b225104594e48e8a,"{""distance"":5,""physical_error_rate"":0.001}","{""detection_events"":265306,""detectors_checked"":60325888,""obs_mistake_mask=E"":1}"
   1103872,         0,         0,    8.28,exact_mw,f32ebecd8e105e50ec838d33c5ed9b45444b6b44a3c6ac541111079f2b14e893,"{""distance"":5,""physical_error_rate"":5e-05}","{""detection_events"":54562,""detectors_checked"":247267328}"
      3072,         5,         0,    6.64,exact_mw,38b7ae1c4e8407fc325e0d9e43e9f92ff26dcb3f5cf7b98d24ea74c9e5188d39,"{""distance"":5,""physical_error_rate"":0.005}","{""detection_events"":14513,""detectors_checked"":688128,""obs_mistake_mask=E"":5}"
      1344,        11,         0,    8.67,exact_mw,72230d8c06b5a71069df48ede6f7f3e6128cd83e8239dd1b2e5fe023578b6eb1,"{""distance"":5,""physical_error_rate"":0.01}","{""detection_events"":12281,""detectors_checked"":301056,""obs_mistake_mask=E"":11}"
    655360,         2,         0,    11.6,exact_mw,cb12ae119b9b2ba18d0216e7235b403229e92fd0743ede48fe7f1a2c6f45d594,"{""distance"":5,""physical_error_rate"":0.0005}","{""detection_events"":321125,""detectors_checked"":146800640,""obs_mistake_mask=E"":2}"
     49152,         2,         0,    11.7,exact_mw,3208f56225bbcac0e2804eb6f92d0a8b681652a702ca1ec920ccd7367f0e0899,"{""distance"":5,""physical_error_rate"":0.002}","{""detection_events"":95478,""detectors_checked"":11010048,""obs_mistake_mask=E"":2}"
     33792,         2,         0,    8.61,exact_mw,3208f56225bbcac0e2804eb6f92d0a8b681652a702ca1ec920ccd7367f0e0899,"{""distance"":5,""physical_error_rate"":0.002}","{""detection_events"":65770,""detectors_checked"":7569408,""obs_mistake_mask=E"":2}"
    118784,         1,         0,    5.90,exact_mw,bb90ec3459e353008cf9a5bb9142bf1e8515517a9e167021b225104594e48e8a,"{""distance"":5,""physical_error_rate"":0.001}","{""detection_events"":116009,""detectors_checked"":26607616,""obs_mistake_mask=E"":1}"
    180224,         0,         0,    8.27,exact_mw,bb90ec3459e353008cf9a5bb9142bf1e8515517a9e167021b225104594e48e8a,"{""distance"":5,""physical_error_rate"":0.001}","{""detection_events"":176095,""detectors_checked"":40370176}"
      1280,        10,         0,    8.97,exact_mw,72230d8c06b5a71069df48ede6f7f3e6128cd83e8239dd1b2e5fe023578b6eb1,"{""distance"":5,""physical_error_rate"":0.01}","{""detection_events"":12130,""detectors_checked"":286720,""obs_mistake_mask=E"":10}"
    273408,         1,         0,    11.7,exact_mw,bb90ec3459e353008cf9a5bb9142bf1e8515517a9e167021b225104594e48e8a,"{""distance"":5,""physical_error_rate"":0.001}","{""detection_events"":268715,""detectors_checked"":61243392,""obs_mistake_mask=E"":1}"
    838656,         0,         0,    11.6,exact_mw,70a969f5042aec17ac076c6379f4170fb7c69b8e925756ef3b7334e28a33338b,"{""distance"":5,""physical_error_rate"":0.0001}","{""detection_events"":82572,""detectors_checked"":187858944}"
    979968,         0,         0,    11.4,exact_mw,cb12ae119b9b2ba18d0216e7235b403229e92fd0743ede48fe7f1a2c6f45d594,"{""distance"":5,""physical_error_rate"":0.0005}","{""detection_events"":482487,""detectors_checked"":219512832}"
       320,         3,         0,    6.36,exact_mw,72230d8c06b5a71069df48ede6f7f3e6128cd83e8239dd1b2e5fe023578b6eb1,"{""distance"":5,""physical_error_rate"":0.01}","{""detection_events"":3057,""detectors_checked"":71680,""obs_mistake_mask=E"":3}"
     51200,         4,         0,    11.7,exact_mw,3208f56225bbcac0e2804eb6f92d0a8b681652a702ca1ec920ccd7367f0e0899,"{""distance"":5,""physical_error_rate"":0.002}","{""detection_events"":99894,""detectors_checked"":11468800,""obs_mistake_mask=E"":4}"
    691200,         1,         0,    11.6,exact_mw,cb12ae119b9b2ba18d0216e7235b403229e92fd0743ede48fe7f1a2c6f45d594,"{""distance"":5,""physical_error_rate"":0.0005}","{""detection_events"":338973,""detectors_checked"":154828800,""obs_mistake_mask=E"":1}"
    391168,         0,         0,    8.28,exact_mw,cb12ae119b9b2ba18d0216e7235b403229e92fd0743ede48fe7f1a2c6f45d594,"{""distance"":5,""physical_error_rate"":0.0005}","{""detection_events"":192806,""detectors_checked"":87621632}"
    604160,         0,         0,    11.5,exact_mw,cdc4a450a40af8e24899239080e4c40992fb5baf91c5a31ab3a165eacb3a1ab3,"{""distance"":5,""physical_error_rate"":0.0002}","{""detection_events"":119061,""detectors_checked"":135331840}"
    628736,         0,         0,    8.34,exact_mw,cb12ae119b9b2ba18d0216e7235b403229e92fd0743ede48fe7f1a2c6f45d594,"{""distance"":5,""physical_error_rate"":0.0005}","{""detection_events"":309400,""detectors_checked"":140836864}"
      1920,         3,         0,    6.09,exact_mw,38b7ae1c4e8407fc325e0d9e43e9f92ff26dcb3f5cf7b98d24ea74c9e5188d39,"{""distance"":5,""physical_error_rate"":0.005}","{""detection_events"":9309,""detectors_checked"":430080,""obs_mistake_mask=E"":3}"
    377856,         0,         0,    11.6,exact_mw,cdc4a450a40af8e24899239080e4c40992fb5baf91c5a31ab3a165eacb3a1ab3,"{""distance"":5,""physical_error_rate"":0.0002}","{""detection_events"":75292,""detectors_checked"":84639744}"
    738304,         0,         0,    11.5,exact_mw,cb12ae119b9b2ba18d0216e7235b403229e92fd0743ede48fe7f1a2c6f45d594,"{""distance"":5,""physical_error_rate"":0.0005}","{""detection_events"":362400,""detectors_checked"":165380096}"
      1297,         0,         0,   0.022,exact_mw,f32ebecd8e105e50ec838d33c5ed9b45444b6b44a3c6ac541111079f2b14e893,"{""distance"":5,""physical_error_rate"":5e-05}","{""detection_events"":53,""detectors_checked"":290528}"
     75776,         6,         0,    11.8,exact_mw,3208f56225bbcac0e2804eb6f92d0a8b681652a702ca1ec920ccd7367f0e0899,"{""distance"":5,""physical_error_rate"":0.002}","{""detection_events"":149283,""detectors_checked"":16973824,""obs_mistake_mask=E"":6}"
      4096,         0,         0,   0.029,exact_mw,f32ebecd8e105e50ec838d33c5ed9b45444b6b44a3c6ac541111079f2b14e893,"{""distance"":5,""physical_error_rate"":5e-05}","{""detection_events"":211,""detectors_checked"":917504}"
      4096,         0,         0,   0.029,exact_mw,f32ebecd8e105e50ec838d33c5ed9b45444b6b44a3c6ac541111079f2b14e893,"{""distance"":5,""physical_error_rate"":5e-05}","{""detection_events"":190,""detectors_checked"":917504}"
     32768,         2,         0,    8.38,exact_mw,3208f56225bbcac0e2804eb6f92d0a8b681652a702ca1ec920ccd7367f0e0899,"{""distance"":5,""physical_error_rate"":0.002}","{""detection_events"":64128,""detectors_checked"":7340032,""obs_mistake_mask=E"":2}"
      4096,         0,         0,   0.029,exact_mw,f32ebecd8e105e50ec838d33c5ed9b45444b6b44a3c6ac541111079f2b14e893,"{""distance"":5,""physical_error_rate"":5e-05}","{""detection_events"":170,""detectors_checked"":917504}"
    716800,         0,         0,    8.23,exact_mw,f32ebecd8e105e50ec838d33c5ed9b45444b6b44a3c6ac541111079f2b14e893,"{""distance"":5,""physical_error_rate"":5e-05}","{""detection_events"":35061,""detectors_checked"":160563200}"
      2176,         3,         0,    11.8,exact_mw,38b7ae1c4e8407fc325e0d9e43e9f92ff26dcb3f5cf7b98d24ea74c9e5188d39,"{""distance"":5,""physical_error_rate"":0.005}","{""detection_events"":10495,""detectors_checked"":487424,""obs_mistake_mask=E"":3}"
      7168,         0,         0,   0.056,exact_mw,f32ebecd8e105e50ec838d33c5ed9b45444b6b44a3c6ac541111079f2b14e893,"{""distance"":5,""physical_error_rate"":5e-05}","{""detection_events"":326,""detectors_checked"":1605632}"
    581632,         0,         0,    11.6,exact_mw,70a969f5042aec17ac076c6379f4170fb7c69b8e925756ef3b7334e28a33338b,"{""distance"":5,""physical_error_rate"":0.0001}","{""detection_events"":57050,""detectors_checked"":130285568}"
      7168,         0,         0,   0.065,exact_mw,f32ebecd8e105e50ec838d33c5ed9b45444b6b44a3c6ac541111079f2b14e893,"{""distance"":5,""physical_error_rate"":5e-05}","{""detection_events"":353,""detectors_checked"":1605632}"
     11264,         0,         0,   0.076,exact_mw,f32ebecd8e105e50ec838d33c5ed9b45444b6b44a3c6ac541111079f2b14e893,"{""distance"":5,""physical_error_rate"":5e-05}","{""detection_events"":497,""detectors_checked"":2523136}"
     12288,         0,         0,   0.094,exact_mw,f32ebecd8e105e50ec838d33c5ed9b45444b6b44a3c6ac541111079f2b14e893,"{""distance"":5,""physical_error_rate"":5e-05}","{""detection_events"":566,""detectors_checked"":2752512}"
        17,         0,         0,   0.052,exact_mw,72230d8c06b5a71069df48ede6f7f3e6128cd83e8239dd1b2e5fe023578b6eb1,"{""distance"":5,""physical_error_rate"":0.01}","{""detection_events"":173,""detectors_checked"":3808}"
    247808,         1,         0,    11.6,exact_mw,bb90ec3459e353008cf9a5bb9142bf1e8515517a9e167021b225104594e48e8a,"{""distance"":5,""physical_error_rate"":0.001}","{""detection_events"":244892,""detectors_checked"":55508992,""obs_mistake_mask=E"":1}"
     15360,         0,         0,   0.159,exact_mw,f32ebecd8e105e50ec838d33c5ed9b45444b6b44a3c6ac541111079f2b14e893,"{""distance"":5,""physical_error_rate"":5e-05}","{""detection_events"":810,""detectors_checked"":3440640}"
      1408,         8,         0,    8.54,exact_mw,72230d8c06b5a71069df48ede6f7f3e6128cd83e8239dd1b2e5fe023578b6eb1,"{""distance"":5,""physical_error_rate"":0.01}","{""detection_events"":13492,""detectors_checked"":315392,""obs_mistake_mask=E"":8}"
     47104,         1,         0,    11.8,exact_mw,3208f56225bbcac0e2804eb6f92d0a8b681652a702ca1ec920ccd7367f0e0899,"{""distance"":5,""physical_error_rate"":0.002}","{""detection_events"":92755,""detectors_checked"":10551296,""obs_mistake_mask=E"":1}"
     20480,         0,         0,   0.223,exact_mw,f32ebecd8e105e50ec838d33c5ed9b45444b6b44a3c6ac541111079f2b14e893,"{""distance"":5,""physical_error_rate"":5e-05}","{""detection_events"":1100,""detectors_checked"":4587520}"
       128,         0,         0,   0.640,exact_mw,72230d8c06b5a71069df48ede6f7f3e6128cd83e8239dd1b2e5fe023578b6eb1,"{""distance"":5,""physical_error_rate"":0.01}","{""detection_events"":1206,""detectors_checked"":28672}"
      2321,         0,         0,   0.028,exact_mw,f32ebecd8e105e50ec838d33c5ed9b45444b6b44a3c6ac541111079f2b14e893,"{""distance"":5,""physical_error_rate"":5e-05}","{""detection_events"":116,""detectors_checked"":519904}"
     56320,         3,         0,    11.9,exact_mw,3208f56225bbcac0e2804eb6f92d0a8b681652a702ca1ec920ccd7367f0e0899,"{""distance"":5,""physical_error_rate"":0.002}","{""detection_events"":108897,""detectors_checked"":12615680,""obs_mistake_mask=E"":3}"
     26624,         0,         0,   0.296,exact_mw,f32ebecd8e105e50ec838d33c5ed9b45444b6b44a3c6ac541111079f2b14e893,"{""distance"":5,""physical_error_rate"":5e-05}","{""detection_events"":1350,""detectors_checked"":5963776}"
      3072,         0,         0,   0.030,exact_mw,f32ebecd8e105e50ec838d33c5ed9b45444b6b44a3c6ac541111079f2b14e893,"{""distance"":5,""physical_error_rate"":5e-05}","{""detection_events"":165,""detectors_checked"":688128}"
      1297,         0,         0,   0.025,exact_mw,70a969f5042aec17ac076c6379f4170fb7c69b8e925756ef3b7334e28a33338b,"{""distance"":5,""physical_error_rate"":0.0001}","{""detection_events"":117,""detectors_checked"":290528}"
      3072,         0,         0,   0.041,exact_mw,f32ebecd8e105e50ec838d33c5ed9b45444b6b44a3c6ac541111079f2b14e893,"{""distance"":5,""physical_error_rate"":5e-05}","{""detection_events"":185,""detectors_checked"":688128}"
      4352,         8,         0,    8.73,exact_mw,38b7ae1c4e8407fc325e0d9e43e9f92ff26dcb3f5cf7b98d24ea74c9e5188d39,"{""distance"":5,""physical_error_rate"":0.005}","{""detection_events"":20783,""detectors_checked"":974848,""obs_mistake_mask=E"":8}"
      3072,         0,         0,   0.030,exact_mw,70a969f5042aec17ac076c6379f4170fb7c69b8e925756ef3b7334e28a33338b,"{""distance"":5,""physical_error_rate"":0.0001}","{""detection_events"":297,""detectors_checked"":688128}"
     25600,         0,         0,    6.11,exact_mw,3208f56225bbcac0e2804eb6f92d0a8b681652a702ca1ec920ccd7367f0e0899,"{""distance"":5,""physical_error_rate"":0.002}","{""detection_events"":49663,""detectors_checked"":5734400}"
      3072,         0,         0,   0.039,exact_mw,f32ebecd8e105e50ec838d33c5ed9b45444b6b44a3c6ac541111079f2b14e893,"{""distance"":5,""physical_error_rate"":5e-05}","{""detection_events"":162,""detectors_checked"":688128}"
      2048,         0,         0,   0.027,exact_mw,70a969f5042aec17ac076c6379f4170fb7c69b8e925756ef3b7334e28a33338b,"{""distance"":5,""physical_error_rate"":0.0001}","{""detection_events"":163,""detectors_checked"":458752}"
      3072,         0,         0,   0.029,exact_mw,70a969f5042aec17ac076c6379f4170fb7c69b8e925756ef3b7334e28a33338b,"{""distance"":5,""physical_error_rate"":0.0001}","{""detection_events"":272,""detectors_checked"":688128}"
      5120,         0,         0,   0.056,exact_mw,f32ebecd8e105e50ec838d33c5ed9b45444b6b44a3c6ac541111079f2b14e893,"{""distance"":5,""physical_error_rate"":5e-05}","{""detection_events"":261,""detectors_checked"":1146880}"
      4096,         0,         0,   0.053,exact_mw,70a969f5042aec17ac076c6379f4170fb7c69b8e925756ef3b7334e28a33338b,"{""distance"":5,""physical_error_rate"":0.0001}","{""detection_events"":428,""detectors_checked"":917504}"
    272384,         0,         0,    8.27,exact_mw,70a969f5042aec17ac076c6379f4170fb7c69b8e925756ef3b7334e28a33338b,"{""distance"":5,""physical_error_rate"":0.0001}","{""detection_events"":26609,""detectors_checked"":61014016}"
      5120,         0,         0,   0.035,exact_mw,f32ebecd8e105e50ec838d33c5ed9b45444b6b44a3c6ac541111079f2b14e893,"{""distance"":5,""physical_error_rate"":5e-05}","{""detection_events"":281,""detectors_checked"":1146880}"
      5120,         0,         0,   0.056,exact_mw,70a969f5042aec17ac076c6379f4170fb7c69b8e925756ef3b7334e28a33338b,"{""distance"":5,""physical_error_rate"":0.0001}","{""detection_events"":545,""detectors_checked"":1146880}"
     21504,         1,         0,    11.7,exact_mw,3208f56225bbcac0e2804eb6f92d0a8b681652a702ca1ec920ccd7367f0e0899,"{""distance"":5,""physical_error_rate"":0.002}","{""detection_events"":41760,""detectors_checked"":4816896,""obs_mistake_mask=E"":1}"
      8192,         0,         0,   0.086,exact_mw,f32ebecd8e105e50ec838d33c5ed9b45444b6b44a3c6ac541111079f2b14e893,"{""distance"":5,""physical_error_rate"":5e-05}","{""detection_events"":355,""detectors_checked"":1835008}"
      7168,         0,         0,   0.084,exact_mw,70a969f5042aec17ac076c6379f4170fb7c69b8e925756ef3b7334e28a33338b,"{""distance"":5,""physical_error_rate"":0.0001}","{""detection_events"":722,""detectors_checked"":1605632}"
     10240,         0,         0,   0.112,exact_mw,f32ebecd8e105e50ec838d33c5ed9b45444b6b44a3c6ac541111079f2b14e893,"{""distance"":5,""physical_error_rate"":5e-05}","{""detection_events"":438,""detectors_checked"":2293760}"
     37888,         0,         0,   0.416,exact_mw,f32ebecd8e105e50ec838d33c5ed9b45444b6b44a3c6ac541111079f2b14e893,"{""distance"":5,""physical_error_rate"":5e-05}","{""detection_events"":1972,""detectors_checked"":8486912}"
     10240,         0,         0,   0.106,exact_mw,70a969f5042aec17ac076c6379f4170fb7c69b8e925756ef3b7334e28a33338b,"{""distance"":5,""physical_error_rate"":0.0001}","{""detection_events"":1050,""detectors_checked"":2293760}"
    586752,         0,         0,    8.29,exact_mw,cdc4a450a40af8e24899239080e4c40992fb5baf91c5a31ab3a165eacb3a1ab3,"{""distance"":5,""physical_error_rate"":0.0002}","{""detection_events"":115538,""detectors_checked"":131432448}"
    832512,         0,         0,    11.6,exact_mw,f32ebecd8e105e50ec838d33c5ed9b45444b6b44a3c6ac541111079f2b14e893,"{""distance"":5,""physical_error_rate"":5e-05}","{""detection_events"":42002,""detectors_checked"":186482688}"
     13312,         0,         0,   0.141,exact_mw,f32ebecd8e105e50ec838d33c5ed9b45444b6b44a3c6ac541111079f2b14e893,"{""distance"":5,""physical_error_rate"":5e-05}","{""detection_events"":672,""detectors_checked"":2981888}"
     13312,         0,         0,   0.140,exact_mw,70a969f5042aec17ac076c6379f4170fb7c69b8e925756ef3b7334e28a33338b,"{""distance"":5,""physical_error_rate"":0.0001}","{""detection_events"":1445,""detectors_checked"":2981888}"
       128,         1,         0,   0.754,exact_mw,72230d8c06b5a71069df48ede6f7f3e6128cd83e8239dd1b2e5fe023578b6eb1,"{""distance"":5,""physical_error_rate"":0.01}","{""detection_events"":1355,""detectors_checked"":28672,""obs_mistake_mask=E"":1}"
     19456,         0,         0,   0.200,exact_mw,f32ebecd8e105e50ec838d33c5ed9b45444b6b44a3c6ac541111079f2b14e893,"{""distance"":5,""physical_error_rate"":5e-05}","{""detection_events"":972,""detectors_checked"":4358144}"
     18432,         0,         0,   0.198,exact_mw,70a969f5042aec17ac076c6379f4170fb7c69b8e925756ef3b7334e28a33338b,"{""distance"":5,""physical_error_rate"":0.0001}","{""detection_events"":1779,""detectors_checked"":4128768}"
         1,         0,         0,   0.020,exact_mw,70a969f5042aec17ac076c6379f4170fb7c69b8e925756ef3b7334e28a33338b,"{""distance"":5,""physical_error_rate"":0.0001}","{""detectors_checked"":224}"
      2320,         0,         0,   0.027,exact_mw,70a969f5042aec17ac076c6379f4170fb7c69b8e925756ef3b7334e28a33338b,"{""distance"":5,""physical_error_rate"":0.0001}","{""detection_events"":192,""detectors_checked"":519680}"
       960,         7,         0,    8.48,exact_mw,72230d8c06b5a71069df48ede6f7f3e6128cd83e8239dd1b2e5fe023578b6eb1,"{""distance"":5,""physical_error_rate"":0.01}","{""detection_events"":8495,""detectors_checked"":215040,""obs_mistake_mask=E"":7}"
      1297,         0,         0,   0.051,exact_mw,bb90ec3459e353008cf9a5bb9142bf1e8515517a9e167021b225104594e48e8a,"{""distance"":5,""physical_error_rate"":0.001}","{""detection_events"":1170,""detectors_checked"":290528}"
      1024,         0,         0,   0.023,exact_mw,70a969f5042aec17ac076c6379f4170fb7c69b8e925756ef3b7334e28a33338b,"{""distance"":5,""physical_error_rate"":0.0001}","{""detection_events"":120,""detectors_checked"":229376}"
      1024,         0,         0,   0.030,exact_mw,bb90ec3459e353008cf9a5bb9142bf1e8515517a9e167021b225104594e48e8a,"{""distance"":5,""physical_error_rate"":0.001}","{""detection_events"":951,""detectors_checked"":229376}"
      3072,         0,         0,   0.044,exact_mw,70a969f5042aec17ac076c6379f4170fb7c69b8e925756ef3b7334e28a33338b,"{""distance"":5,""physical_error_rate"":0.0001}","{""detection_events"":281,""detectors_checked"":688128}"
    618496,         0,         0,    8.32,exact_mw,70a969f5042aec17ac076c6379f4170fb7c69b8e925756ef3b7334e28a33338b,"{""distance"":5,""physical_error_rate"":0.0001}","{""detection_events"":61635,""detectors_checked"":138543104}"
      1024,         0,         0,   0.028,exact_mw,bb90ec3459e353008cf9a5bb9142bf1e8515517a9e167021b225104594e48e8a,"{""distance"":5,""physical_error_rate"":0.001}","{""detection_events"":943,""detectors_checked"":229376}"
      4096,         0,         0,   0.056,exact_mw,70a969f5042aec17ac076c6379f4170fb7c69b8e925756ef3b7334e28a33338b,"{""distance"":5,""physical_error_rate"":0.0001}","{""detection_events"":422,""detectors_checked"":917504}"
       273,         0,         0,   0.045,exact_mw,3208f56225bbcac0e2804eb6f92d0a8b681652a702ca1ec920ccd7367f0e0899,"{""distance"":5,""physical_error_rate"":0.002}","{""detection_events"":548,""detectors_checked"":61152}"
     54272,         0,         0,   0.558,exact_mw,f32ebecd8e105e50ec838d33c5ed9b45444b6b44a3c6ac541111079f2b14e893,"{""distance"":5,""physical_error_rate"":5e-05}","{""detection_events"":2638,""detectors_checked"":12156928}"
      1024,         0,         0,   0.051,exact_mw,bb90ec3459e353008cf9a5bb9142bf1e8515517a9e167021b225104594e48e8a,"{""distance"":5,""physical_error_rate"":0.001}","{""detection_events"":1123,""detectors_checked"":229376}"
      5120,         0,         0,   0.054,exact_mw,70a969f5042aec17ac076c6379f4170fb7c69b8e925756ef3b7334e28a33338b,"{""distance"":5,""physical_error_rate"":0.0001}","{""detection_events"":544,""detectors_checked"":1146880}"
     24576,         0,         0,   0.278,exact_mw,f32ebecd8e105e50ec838d33c5ed9b45444b6b44a3c6ac541111079f2b14e893,"{""distance"":5,""physical_error_rate"":5e-05}","{""detection_events"":1321,""detectors_checked"":5505024}"
      1024,         0,         0,   0.054,exact_mw,bb90ec3459e353008cf9a5bb9142bf1e8515517a9e167021b225104594e48e8a,"{""distance"":5,""physical_error_rate"":0.001}","{""detection_events"":968,""detectors_checked"":229376}"
     26624,         0,         0,   0.295,exact_mw,70a969f5042aec17ac076c6379f4170fb7c69b8e925756ef3b7334e28a33338b,"{""distance"":5,""physical_error_rate"":0.0001}","{""detection_events"":2554,""detectors_checked"":5963776}"
       896,         9,         0,    6.19,exact_mw,72230d8c06b5a71069df48ede6f7f3e6128cd83e8239dd1b2e5fe023578b6eb1,"{""distance"":5,""physical_error_rate"":0.01}","{""detection_events"":8419,""detectors_checked"":200704,""obs_mistake_mask=E"":9}"
      6144,         0,         0,   0.097,exact_mw,70a969f5042aec17ac076c6379f4170fb7c69b8e925756ef3b7334e28a33338b,"{""distance"":5,""physical_error_rate"":0.0001}","{""detection_events"":585,""detectors_checked"":1376256}"
      2048,         0,         0,   0.100,exact_mw,bb90ec3459e353008cf9a5bb9142bf1e8515517a9e167021b225104594e48e8a,"{""distance"":5,""physical_error_rate"":0.001}","{""detection_events"":1882,""detectors_checked"":458752}"
      9216,         0,         0,   0.105,exact_mw,70a969f5042aec17ac076c6379f4170fb7c69b8e925756ef3b7334e28a33338b,"{""distance"":5,""physical_error_rate"":0.0001}","{""detection_events"":971,""detectors_checked"":2064384}"
      2048,         0,         0,   0.097,exact_mw,bb90ec3459e353008cf9a5bb9142bf1e8515517a9e167021b225104594e48e8a,"{""distance"":5,""physical_error_rate"":0.001}","{""detection_events"":2004,""detectors_checked"":458752}"
      1024,         0,         0,   0.277,exact_mw,3208f56225bbcac0e2804eb6f92d0a8b681652a702ca1ec920ccd7367f0e0899,"{""distance"":5,""physical_error_rate"":0.002}","{""detection_events"":2001,""detectors_checked"":229376}"
      3072,         0,         0,   0.125,exact_mw,bb90ec3459e353008cf9a5bb9142bf1e8515517a9e167021b225104594e48e8a,"{""distance"":5,""physical_error_rate"":0.001}","{""detection_events"":2946,""detectors_checked"":688128}"
     11264,         0,         0,   0.151,exact_mw,70a969f5042aec17ac076c6379f4170fb7c69b8e925756ef3b7334e28a33338b,"{""distance"":5,""physical_error_rate"":0.0001}","{""detection_events"":1110,""detectors_checked"":2523136}"
       128,         0,         0,   0.713,exact_mw,72230d8c06b5a71069df48ede6f7f3e6128cd83e8239dd1b2e5fe023578b6eb1,"{""distance"":5,""physical_error_rate"":0.01}","{""detection_events"":1183,""detectors_checked"":28672}"
     37888,         0,         0,   0.423,exact_mw,f32ebecd8e105e50ec838d33c5ed9b45444b6b44a3c6ac541111079f2b14e893,"{""distance"":5,""physical_error_rate"":5e-05}","{""detection_events"":1792,""detectors_checked"":8486912}"
         1,         0,         0,   0.000,exact_mw,cdc4a450a40af8e24899239080e4c40992fb5baf91c5a31ab3a165eacb3a1ab3,"{""distance"":5,""physical_error_rate"":0.0002}","{""detectors_checked"":224}"
      1024,         0,         0,   0.224,exact_mw,3208f56225bbcac0e2804eb6f92d0a8b681652a702ca1ec920ccd7367f0e0899,"{""distance"":5,""physical_error_rate"":0.002}","{""detection_events"":2037,""detectors_checked"":229376}"
     35840,         0,         0,   0.404,exact_mw,70a969f5042aec17ac076c6379f4170fb7c69b8e925756ef3b7334e28a33338b,"{""distance"":5,""physical_error_rate"":0.0001}","{""detection_events"":3469,""detectors_checked"":8028160}"
      2320,         0,         0,   0.027,exact_mw,cdc4a450a40af8e24899239080e4c40992fb5baf91c5a31ab3a165eacb3a1ab3,"{""distance"":5,""physical_error_rate"":0.0002}","{""detection_events"":448,""detectors_checked"":519680}"
      1024,         0,         0,   0.023,exact_mw,cdc4a450a40af8e24899239080e4c40992fb5baf91c5a31ab3a165eacb3a1ab3,"{""distance"":5,""physical_error_rate"":0.0002}","{""detection_events"":246,""detectors_checked"":229376}"
      3072,         0,         0,   0.177,exact_mw,bb90ec3459e353008cf9a5bb9142bf1e8515517a9e167021b225104594e48e8a,"{""distance"":5,""physical_error_rate"":0.001}","{""detection_events"":3037,""detectors_checked"":688128}"
      3072,         0,         0,   0.050,exact_mw,cdc4a450a40af8e24899239080e4c40992fb5baf91c5a31ab3a165eacb3a1ab3,"{""distance"":5,""physical_error_rate"":0.0002}","{""detection_events"":659,""detectors_checked"":688128}"
     15360,         0,         0,   0.203,exact_mw,70a969f5042aec17ac076c6379f4170fb7c69b8e925756ef3b7334e28a33338b,"{""distance"":5,""physical_error_rate"":0.0001}","{""detection_events"":1599,""detectors_checked"":3440640}"
      3072,         0,         0,   0.049,exact_mw,cdc4a450a40af8e24899239080e4c40992fb5baf91c5a31ab3a165eacb3a1ab3,"{""distance"":5,""physical_error_rate"":0.0002}","{""detection_events"":633,""detectors_checked"":688128}"
      5120,         0,         0,   0.076,exact_mw,cdc4a450a40af8e24899239080e4c40992fb5baf91c5a31ab3a165eacb3a1ab3,"{""distance"":5,""physical_error_rate"":0.0002}","{""detection_events"":1044,""detectors_checked"":1146880}"
      5120,         0,         0,   0.224,exact_mw,bb90ec3459e353008cf9a5bb9142bf1e8515517a9e167021b225104594e48e8a,"{""distance"":5,""physical_error_rate"":0.001}","{""detection_events"":4989,""detectors_checked"":1146880}"
      1024,         1,         0,   0.289,exact_mw,3208f56225bbcac0e2804eb6f92d0a8b681652a702ca1ec920ccd7367f0e0899,"{""distance"":5,""physical_error_rate"":0.002}","{""detection_events"":2114,""detectors_checked"":229376,""obs_mistake_mask=E"":1}"
     72704,         0,         0,   0.806,exact_mw,f32ebecd8e105e50ec838d33c5ed9b45444b6b44a3c6ac541111079f2b14e893,"{""distance"":5,""physical_error_rate"":5e-05}","{""detection_events"":3582,""detectors_checked"":16285696}"
      5120,         0,         0,   0.076,exact_mw,cdc4a450a40af8e24899239080e4c40992fb5baf91c5a31ab3a165eacb3a1ab3,"{""distance"":5,""physical_error_rate"":0.0002}","{""detection_events"":979,""detectors_checked"":1146880}"
     20480,         0,         0,   0.291,exact_mw,70a969f5042aec17ac076c6379f4170fb7c69b8e925756ef3b7334e28a33338b,"{""distance"":5,""physical_error_rate"":0.0001}","{""detection_events"":1959,""detectors_checked"":4587520}"
      6144,         0,         0,   0.121,exact_mw,cdc4a450a40af8e24899239080e4c40992fb5baf91c5a31ab3a165eacb3a1ab3,"{""distance"":5,""physical_error_rate"":0.0002}","{""detection_events"":1221,""detectors_checked"":1376256}"
      1297,         0,         0,   0.032,exact_mw,cb12ae119b9b2ba18d0216e7235b403229e92fd0743ede48fe7f1a2c6f45d594,"{""distance"":5,""physical_error_rate"":0.0005}","{""detection_events"":626,""detectors_checked"":290528}"
      1024,         0,         0,   0.029,exact_mw,cb12ae119b9b2ba18d0216e7235b403229e92fd0743ede48fe7f1a2c6f45d594,"{""distance"":5,""physical_error_rate"":0.0005}","{""detection_events"":490,""detectors_checked"":229376}"
      2048,         0,         0,   0.032,exact_mw,cb12ae119b9b2ba18d0216e7235b403229e92fd0743ede48fe7f1a2c6f45d594,"{""distance"":5,""physical_error_rate"":0.0005}","{""detection_events"":984,""detectors_checked"":458752}"
      1024,         0,         0,   0.246,exact_mw,3208f56225bbcac0e2804eb6f92d0a8b681652a702ca1ec920ccd7367f0e0899,"{""distance"":5,""physical_error_rate"":0.002}","{""detection_events"":1958,""detectors_checked"":229376}"
     52224,         0,         0,   0.565,exact_mw,f32ebecd8e105e50ec838d33c5ed9b45444b6b44a3c6ac541111079f2b14e893,"{""distance"":5,""physical_error_rate"":5e-05}","{""detection_events"":2466,""detectors_checked"":11698176}"
      1024,         0,         0,   0.029,exact_mw,cb12ae119b9b2ba18d0216e7235b403229e92fd0743ede48fe7f1a2c6f45d594,"{""distance"":5,""physical_error_rate"":0.0005}","{""detection_events"":472,""detectors_checked"":229376}"
     51200,         0,         0,   0.560,exact_mw,70a969f5042aec17ac076c6379f4170fb7c69b8e925756ef3b7334e28a33338b,"{""distance"":5,""physical_error_rate"":0.0001}","{""detection_events"":4965,""detectors_checked"":11468800}"
      9216,         0,         0,   0.151,exact_mw,cdc4a450a40af8e24899239080e4c40992fb5baf91c5a31ab3a165eacb3a1ab3,"{""distance"":5,""physical_error_rate"":0.0002}","{""detection_events"":1825,""detectors_checked"":2064384}"
      6144,         0,         0,   0.298,exact_mw,bb90ec3459e353008cf9a5bb9142bf1e8515517a9e167021b225104594e48e8a,"{""distance"":5,""physical_error_rate"":0.001}","{""detection_events"":5857,""detectors_checked"":1376256}"
      3072,         0,         0,   0.060,exact_mw,cb12ae119b9b2ba18d0216e7235b403229e92fd0743ede48fe7f1a2c6f45d594,"{""distance"":5,""physical_error_rate"":0.0005}","{""detection_events"":1287,""detectors_checked"":688128}"
     41984,         2,         0,    11.7,exact_mw,3208f56225bbcac0e2804eb6f92d0a8b681652a702ca1ec920ccd7367f0e0899,"{""distance"":5,""physical_error_rate"":0.002}","{""detection_events"":82388,""detectors_checked"":9404416,""obs_mistake_mask=E"":2}"
      2048,         0,         0,   0.058,exact_mw,cb12ae119b9b2ba18d0216e7235b403229e92fd0743ede48fe7f1a2c6f45d594,"{""distance"":5,""physical_error_rate"":0.0005}","{""detection_events"":967,""detectors_checked"":458752}"
       128,         1,         0,   0.730,exact_mw,72230d8c06b5a71069df48ede6f7f3e6128cd83e8239dd1b2e5fe023578b6eb1,"{""distance"":5,""physical_error_rate"":0.01}","{""detection_events"":1188,""detectors_checked"":28672,""obs_mistake_mask=E"":1}"
      1024,         0,         0,   0.203,exact_mw,3208f56225bbcac0e2804eb6f92d0a8b681652a702ca1ec920ccd7367f0e0899,"{""distance"":5,""physical_error_rate"":0.002}","{""detection_events"":2034,""detectors_checked"":229376}"
      4096,         0,         0,   0.091,exact_mw,cb12ae119b9b2ba18d0216e7235b403229e92fd0743ede48fe7f1a2c6f45d594,"{""distance"":5,""physical_error_rate"":0.0005}","{""detection_events"":1920,""detectors_checked"":917504}"
      5632,         2,         0,    11.8,exact_mw,38b7ae1c4e8407fc325e0d9e43e9f92ff26dcb3f5cf7b98d24ea74c9e5188d39,"{""distance"":5,""physical_error_rate"":0.005}","{""detection_events"":26954,""detectors_checked"":1261568,""obs_mistake_mask=E"":2}"
     13312,         0,         0,   0.224,exact_mw,cdc4a450a40af8e24899239080e4c40992fb5baf91c5a31ab3a165eacb3a1ab3,"{""distance"":5,""physical_error_rate"":0.0002}","{""detection_events"":2633,""detectors_checked"":2981888}"
     30720,         0,         0,   0.424,exact_mw,70a969f5042aec17ac076c6379f4170fb7c69b8e925756ef3b7334e28a33338b,"{""distance"":5,""physical_error_rate"":0.0001}","{""detection_events"":2951,""detectors_checked"":6881280}"
      2432,         2,         0,    11.7,exact_mw,38b7ae1c4e8407fc325e0d9e43e9f92ff26dcb3f5cf7b98d24ea74c9e5188d39,"{""distance"":5,""physical_error_rate"":0.005}","{""detection_events"":11163,""detectors_checked"":544768,""obs_mistake_mask=E"":2}"
      6144,         0,         0,   0.120,exact_mw,cb12ae119b9b2ba18d0216e7235b403229e92fd0743ede48fe7f1a2c6f45d594,"{""distance"":5,""physical_error_rate"":0.0005}","{""detection_events"":2885,""detectors_checked"":1376256}"
      7168,         0,         0,   0.423,exact_mw,bb90ec3459e353008cf9a5bb9142bf1e8515517a9e167021b225104594e48e8a,"{""distance"":5,""physical_error_rate"":0.001}","{""detection_events"":7098,""detectors_checked"":1605632}"
      1024,         0,         0,   0.274,exact_mw,3208f56225bbcac0e2804eb6f92d0a8b681652a702ca1ec920ccd7367f0e0899,"{""distance"":5,""physical_error_rate"":0.002}","{""detection_events"":1930,""detectors_checked"":229376}"
      7168,         0,         0,   0.149,exact_mw,cb12ae119b9b2ba18d0216e7235b403229e92fd0743ede48fe7f1a2c6f45d594,"{""distance"":5,""physical_error_rate"":0.0005}","{""detection_events"":3383,""detectors_checked"":1605632}"
     15360,         0,         0,   0.292,exact_mw,cdc4a450a40af8e24899239080e4c40992fb5baf91c5a31ab3a165eacb3a1ab3,"{""distance"":5,""physical_error_rate"":0.0002}","{""detection_events"":3056,""detectors_checked"":3440640}"
      5120,        10,         0,    12.0,exact_mw,38b7ae1c4e8407fc325e0d9e43e9f92ff26dcb3f5cf7b98d24ea74c9e5188d39,"{""distance"":5,""physical_error_rate"":0.005}","{""detection_events"":24656,""detectors_checked"":1146880,""obs_mistake_mask=E"":10}"
      1024,         0,         0,   0.223,exact_mw,3208f56225bbcac0e2804eb6f92d0a8b681652a702ca1ec920ccd7367f0e0899,"{""distance"":5,""physical_error_rate"":0.002}","{""detection_events"":2045,""detectors_checked"":229376}"
      9216,         0,         0,   0.214,exact_mw,cb12ae119b9b2ba18d0216e7235b403229e92fd0743ede48fe7f1a2c6f45d594,"{""distance"":5,""physical_error_rate"":0.0005}","{""detection_events"":4666,""detectors_checked"":2064384}"
       640,         4,         0,    8.43,exact_mw,72230d8c06b5a71069df48ede6f7f3e6128cd83e8239dd1b2e5fe023578b6eb1,"{""distance"":5,""physical_error_rate"":0.01}","{""detection_events"":6035,""detectors_checked"":143360,""obs_mistake_mask=E"":4}"
     71680,         0,         0,   0.807,exact_mw,f32ebecd8e105e50ec838d33c5ed9b45444b6b44a3c6ac541111079f2b14e893,"{""distance"":5,""physical_error_rate"":5e-05}","{""detection_events"":3462,""detectors_checked"":16056320}"
       128,         2,         0,   0.678,exact_mw,72230d8c06b5a71069df48ede6f7f3e6128cd83e8239dd1b2e5fe023578b6eb1,"{""distance"":5,""physical_error_rate"":0.01}","{""detection_events"":1200,""detectors_checked"":28672,""obs_mistake_mask=E"":2}"
     71680,         0,         0,   0.792,exact_mw,70a969f5042aec17ac076c6379f4170fb7c69b8e925756ef3b7334e28a33338b,"{""distance"":5,""physical_error_rate"":0.0001}","{""detection_events"":7417,""detectors_checked"":16056320}"
      8192,         7,         0,    8.36,exact_mw,38b7ae1c4e8407fc325e0d9e43e9f92ff26dcb3f5cf7b98d24ea74c9e5188d39,"{""distance"":5,""physical_error_rate"":0.005}","{""detection_events"":39271,""detectors_checked"":1835008,""obs_mistake_mask=E"":7}"
      6144,        10,         0,    12.4,exact_mw,38b7ae1c4e8407fc325e0d9e43e9f92ff26dcb3f5cf7b98d24ea74c9e5188d39,"{""distance"":5,""physical_error_rate"":0.005}","{""detection_events"":29033,""detectors_checked"":1376256,""obs_mistake_mask=E"":10}"
     34816,         0,         0,   0.569,exact_mw,70a969f5042aec17ac076c6379f4170fb7c69b8e925756ef3b7334e28a33338b,"{""distance"":5,""physical_error_rate"":0.0001}","{""detection_events"":3301,""detectors_checked"":7798784}"
    102400,         0,         0,    1.11,exact_mw,f32ebecd8e105e50ec838d33c5ed9b45444b6b44a3c6ac541111079f2b14e893,"{""distance"":5,""physical_error_rate"":5e-05}","{""detection_events"":4782,""detectors_checked"":22937600}"
      1024,         0,         0,   0.272,exact_mw,3208f56225bbcac0e2804eb6f92d0a8b681652a702ca1ec920ccd7367f0e0899,"{""distance"":5,""physical_error_rate"":0.002}","{""detection_events"":2122,""detectors_checked"":229376}"
     26624,         0,         0,   0.422,exact_mw,cdc4a450a40af8e24899239080e4c40992fb5baf91c5a31ab3a165eacb3a1ab3,"{""distance"":5,""physical_error_rate"":0.0002}","{""detection_events"":5131,""detectors_checked"":5963776}"
     12288,         0,         0,   0.298,exact_mw,cb12ae119b9b2ba18d0216e7235b403229e92fd0743ede48fe7f1a2c6f45d594,"{""distance"":5,""physical_error_rate"":0.0005}","{""detection_events"":6123,""detectors_checked"":2752512}"
     11264,         0,         0,   0.581,exact_mw,bb90ec3459e353008cf9a5bb9142bf1e8515517a9e167021b225104594e48e8a,"{""distance"":5,""physical_error_rate"":0.001}","{""detection_events"":11215,""detectors_checked"":2523136}"
      3840,         5,         0,    12.3,exact_mw,38b7ae1c4e8407fc325e0d9e43e9f92ff26dcb3f5cf7b98d24ea74c9e5188d39,"{""distance"":5,""physical_error_rate"":0.005}","{""detection_events"":18166,""detectors_checked"":860160,""obs_mistake_mask=E"":5}"
      4096,         1,         0,    8.73,exact_mw,38b7ae1c4e8407fc325e0d9e43e9f92ff26dcb3f5cf7b98d24ea74c9e5188d39,"{""distance"":5,""physical_error_rate"":0.005}","{""detection_events"":19643,""detectors_checked"":917504,""obs_mistake_mask=E"":1}"
    358400,         0,         0,    8.32,exact_mw,cdc4a450a40af8e24899239080e4c40992fb5baf91c5a31ab3a165eacb3a1ab3,"{""distance"":5,""physical_error_rate"":0.0002}","{""detection_events"":70426,""detectors_checked"":80281600}"
      1024,         0,         0,   0.224,exact_mw,3208f56225bbcac0e2804eb6f92d0a8b681652a702ca1ec920ccd7367f0e0899,"{""distance"":5,""physical_error_rate"":0.002}","{""detection_events"":1903,""detectors_checked"":229376}"
      1568,         9,         0,    11.9,exact_mw,72230d8c06b5a71069df48ede6f7f3e6128cd83e8239dd1b2e5fe023578b6eb1,"{""distance"":5,""physical_error_rate"":0.01}","{""detection_events"":14333,""detectors_checked"":351232,""obs_mistake_mask=E"":9}"
      6912,         7,         0,    11.9,exact_mw,38b7ae1c4e8407fc325e0d9e43e9f92ff26dcb3f5cf7b98d24ea74c9e5188d39,"{""distance"":5,""physical_error_rate"":0.005}","{""detection_events"":33161,""detectors_checked"":1548288,""obs_mistake_mask=E"":7}"
       128,         0,         0,   0.592,exact_mw,72230d8c06b5a71069df48ede6f7f3e6128cd83e8239dd1b2e5fe023578b6eb1,"{""distance"":5,""physical_error_rate"":0.01}","{""detection_events"":1105,""detectors_checked"":28672}"
     17408,         0,         0,   0.422,exact_mw,cb12ae119b9b2ba18d0216e7235b403229e92fd0743ede48fe7f1a2c6f45d594,"{""distance"":5,""physical_error_rate"":0.0005}","{""detection_events"":8725,""detectors_checked"":3899392}"
     35840,         0,         0,   0.571,exact_mw,cdc4a450a40af8e24899239080e4c40992fb5baf91c5a31ab3a165eacb3a1ab3,"{""distance"":5,""physical_error_rate"":0.0002}","{""detection_events"":7118,""detectors_checked"":8028160}"
      2048,         0,         0,   0.425,exact_mw,3208f56225bbcac0e2804eb6f92d0a8b681652a702ca1ec920ccd7367f0e0899,"{""distance"":5,""physical_error_rate"":0.002}","{""detection_events"":3755,""detectors_checked"":458752}"
     48128,         0,         0,   0.803,exact_mw,70a969f5042aec17ac076c6379f4170fb7c69b8e925756ef3b7334e28a33338b,"{""distance"":5,""physical_error_rate"":0.0001}","{""detection_events"":4772,""detectors_checked"":10780672}"
    218112,         0,         0,    11.7,exact_mw,cb12ae119b9b2ba18d0216e7235b403229e92fd0743ede48fe7f1a2c6f45d594,"{""distance"":5,""physical_error_rate"":0.0005}","{""detection_events"":108075,""detectors_checked"":48857088}"
     16384,         0,         0,   0.821,exact_mw,bb90ec3459e353008cf9a5bb9142bf1e8515517a9e167021b225104594e48e8a,"{""distance"":5,""physical_error_rate"":0.001}","{""detection_events"":16553,""detectors_checked"":3670016}"
    101376,         0,         0,    1.09,exact_mw,f32ebecd8e105e50ec838d33c5ed9b45444b6b44a3c6ac541111079f2b14e893,"{""distance"":5,""physical_error_rate"":5e-05}","{""detection_events"":5161,""detectors_checked"":22708224}"
    102400,         0,         0,    1.11,exact_mw,70a969f5042aec17ac076c6379f4170fb7c69b8e925756ef3b7334e28a33338b,"{""distance"":5,""physical_error_rate"":0.0001}","{""detection_events"":9760,""detectors_checked"":22937600}"
     25600,         0,         0,   0.568,exact_mw,cb12ae119b9b2ba18d0216e7235b403229e92fd0743ede48fe7f1a2c6f45d594,"{""distance"":5,""physical_error_rate"":0.0005}","{""detection_events"":12375,""detectors_checked"":5734400}"
   1062912,         0,         0,    11.5,exact_mw,f32ebecd8e105e50ec838d33c5ed9b45444b6b44a3c6ac541111079f2b14e893,"{""distance"":5,""physical_error_rate"":5e-05}","{""detection_events"":52138,""detectors_checked"":238092288}"
       128,         2,         0,   0.613,exact_mw,72230d8c06b5a71069df48ede6f7f3e6128cd83e8239dd1b2e5fe023578b6eb1,"{""distance"":5,""physical_error_rate"":0.01}","{""detection_events"":1124,""detectors_checked"":28672,""obs_mistake_mask=E"":2}"
    696320,         0,         0,    11.6,exact_mw,cdc4a450a40af8e24899239080e4c40992fb5baf91c5a31ab3a165eacb3a1ab3,"{""distance"":5,""physical_error_rate"":0.0002}","{""detection_events"":136157,""detectors_checked"":155975680}"
      2048,         0,         0,   0.526,exact_mw,3208f56225bbcac0e2804eb6f92d0a8b681652a702ca1ec920ccd7367f0e0899,"{""distance"":5,""physical_error_rate"":0.002}","{""detection_events"":3853,""detectors_checked"":458752}"
      1280,         8,         0,    8.87,exact_mw,72230d8c06b5a71069df48ede6f7f3e6128cd83e8239dd1b2e5fe023578b6eb1,"{""distance"":5,""physical_error_rate"":0.01}","{""detection_events"":12064,""detectors_checked"":286720,""obs_mistake_mask=E"":8}"
      2816,         1,         0,    12.2,exact_mw,38b7ae1c4e8407fc325e0d9e43e9f92ff26dcb3f5cf7b98d24ea74c9e5188d39,"{""distance"":5,""physical_error_rate"":0.005}","{""detection_events"":13866,""detectors_checked"":630784,""obs_mistake_mask=E"":1}"
     49152,         0,         0,   0.811,exact_mw,cdc4a450a40af8e24899239080e4c40992fb5baf91c5a31ab3a165eacb3a1ab3,"{""distance"":5,""physical_error_rate"":0.0002}","{""detection_events"":9410,""detectors_checked"":11010048}"
    143360,         0,         0,    1.48,exact_mw,f32ebecd8e105e50ec838d33c5ed9b45444b6b44a3c6ac541111079f2b14e893,"{""distance"":5,""physical_error_rate"":5e-05}","{""detection_events"":7347,""detectors_checked"":32112640}"
      1664,        10,         0,    12.0,exact_mw,72230d8c06b5a71069df48ede6f7f3e6128cd83e8239dd1b2e5fe023578b6eb1,"{""distance"":5,""physical_error_rate"":0.01}","{""detection_events"":16119,""detectors_checked"":372736,""obs_mistake_mask=E"":10}"
    731136,         0,         0,    11.6,exact_mw,cb12ae119b9b2ba18d0216e7235b403229e92fd0743ede48fe7f1a2c6f45d594,"{""distance"":5,""physical_error_rate"":0.0005}","{""detection_events"":358958,""detectors_checked"":163774464}"
    856064,         0,         0,    11.6,exact_mw,f32ebecd8e105e50ec838d33c5ed9b45444b6b44a3c6ac541111079f2b14e893,"{""distance"":5,""physical_error_rate"":5e-05}","{""detection_events"":42529,""detectors_checked"":191758336}"
    302080,         0,         0,    11.5,exact_mw,f32ebecd8e105e50ec838d33c5ed9b45444b6b44a3c6ac541111079f2b14e893,"{""distance"":5,""physical_error_rate"":5e-05}","{""detection_events"":14933,""detectors_checked"":67665920}"
    284672,         1,         0,    11.6,exact_mw,bb90ec3459e353008cf9a5bb9142bf1e8515517a9e167021b225104594e48e8a,"{""distance"":5,""physical_error_rate"":0.001}","{""detection_events"":278537,""detectors_checked"":63766528,""obs_mistake_mask=E"":1}"
       128,         1,         0,   0.783,exact_mw,72230d8c06b5a71069df48ede6f7f3e6128cd83e8239dd1b2e5fe023578b6eb1,"{""distance"":5,""physical_error_rate"":0.01}","{""detection_events"":1228,""detectors_checked"":28672,""obs_mistake_mask=E"":1}"
     67584,         0,         0,    1.11,exact_mw,70a969f5042aec17ac076c6379f4170fb7c69b8e925756ef3b7334e28a33338b,"{""distance"":5,""physical_error_rate"":0.0001}","{""detection_events"":6652,""detectors_checked"":15138816}"
     33792,         0,         0,   0.784,exact_mw,cb12ae119b9b2ba18d0216e7235b403229e92fd0743ede48fe7f1a2c6f45d594,"{""distance"":5,""physical_error_rate"":0.0005}","{""detection_events"":16715,""detectors_checked"":7569408}"
    208896,         3,         0,    11.6,exact_mw,bb90ec3459e353008cf9a5bb9142bf1e8515517a9e167021b225104594e48e8a,"{""distance"":5,""physical_error_rate"":0.001}","{""detection_events"":205729,""detectors_checked"":46792704,""obs_mistake_mask=E"":3}"
      3840,         5,         0,    8.57,exact_mw,38b7ae1c4e8407fc325e0d9e43e9f92ff26dcb3f5cf7b98d24ea74c9e5188d39,"{""distance"":5,""physical_error_rate"":0.005}","{""detection_events"":18200,""detectors_checked"":860160,""obs_mistake_mask=E"":5}"
      3072,         0,         0,   0.776,exact_mw,3208f56225bbcac0e2804eb6f92d0a8b681652a702ca1ec920ccd7367f0e0899,"{""distance"":5,""physical_error_rate"":0.002}","{""detection_events"":5983,""detectors_checked"":688128}"
     21504,         0,         0,    1.12,exact_mw,bb90ec3459e353008cf9a5bb9142bf1e8515517a9e167021b225104594e48e8a,"{""distance"":5,""physical_error_rate"":0.001}","{""detection_events"":20941,""detectors_checked"":4816896}"
      1920,        11,         0,    11.9,exact_mw,72230d8c06b5a71069df48ede6f7f3e6128cd83e8239dd1b2e5fe023578b6eb1,"{""distance"":5,""physical_error_rate"":0.01}","{""detection_events"":17560,""detectors_checked"":430080,""obs_mistake_mask=E"":11}"
      1920,        16,         0,    11.7,exact_mw,72230d8c06b5a71069df48ede6f7f3e6128cd83e8239dd1b2e5fe023578b6eb1,"{""distance"":5,""physical_error_rate"":0.01}","{""detection_events"":17698,""detectors_checked"":430080,""obs_mistake_mask=E"":16}"
      1024,        11,         0,    11.8,exact_mw,72230d8c06b5a71069df48ede6f7f3e6128cd83e8239dd1b2e5fe023578b6eb1,"{""distance"":5,""physical_error_rate"":0.01}","{""detection_events"":9335,""detectors_checked"":229376,""obs_mistake_mask=E"":11}"
        17,         0,         0,   0.096,exact_mw,38b7ae1c4e8407fc325e0d9e43e9f92ff26dcb3f5cf7b98d24ea74c9e5188d39,"{""distance"":5,""physical_error_rate"":0.005}","{""detection_events"":60,""detectors_checked"":3808}"
      1472,        10,         0,    11.7,exact_mw,72230d8c06b5a71069df48ede6f7f3e6128cd83e8239dd1b2e5fe023578b6eb1,"{""distance"":5,""physical_error_rate"":0.01}","{""detection_events"":13538,""detectors_checked"":329728,""obs_mistake_mask=E"":10}"
    868352,         0,         0,    11.6,exact_mw,70a969f5042aec17ac076c6379f4170fb7c69b8e925756ef3b7334e28a33338b,"{""distance"":5,""physical_error_rate"":0.0001}","{""detection_events"":86395,""detectors_checked"":194510848}"
      2432,        23,         0,    8.49,exact_mw,72230d8c06b5a71069df48ede6f7f3e6128cd83e8239dd1b2e5fe023578b6eb1,"{""distance"":5,""physical_error_rate"":0.01}","{""detection_events"":22272,""detectors_checked"":544768,""obs_mistake_mask=E"":23}"
    243712,         1,         0,    11.6,exact_mw,bb90ec3459e353008cf9a5bb9142bf1e8515517a9e167021b225104594e48e8a,"{""distance"":5,""physical_error_rate"":0.001}","{""detection_events"":239089,""detectors_checked"":54591488,""obs_mistake_mask=E"":1}"
      2176,         0,         0,    11.8,exact_mw,38b7ae1c4e8407fc325e0d9e43e9f92ff26dcb3f5cf7b98d24ea74c9e5188d39,"{""distance"":5,""physical_error_rate"":0.005}","{""detection_events"":10367,""detectors_checked"":487424}"
    416768,         0,         0,    11.6,exact_mw,f32ebecd8e105e50ec838d33c5ed9b45444b6b44a3c6ac541111079f2b14e893,"{""distance"":5,""physical_error_rate"":5e-05}","{""detection_events"":20745,""detectors_checked"":93356032}"
      3072,         1,         0,    8.37,exact_mw,38b7ae1c4e8407fc325e0d9e43e9f92ff26dcb3f5cf7b98d24ea74c9e5188d39,"{""distance"":5,""physical_error_rate"":0.005}","{""detection_events"":15229,""detectors_checked"":688128,""obs_mistake_mask=E"":1}"
        64,         0,         0,   0.191,exact_mw,38b7ae1c4e8407fc325e0d9e43e9f92ff26dcb3f5cf7b98d24ea74c9e5188d39,"{""distance"":5,""physical_error_rate"":0.005}","{""detection_events"":250,""detectors_checked"":14336}"
    357376,         0,         0,    11.7,exact_mw,70a969f5042aec17ac076c6379f4170fb7c69b8e925756ef3b7334e28a33338b,"{""distance"":5,""physical_error_rate"":0.0001}","{""detection_events"":35160,""detectors_checked"":80052224}"
    138240,         0,         0,    1.53,exact_mw,70a969f5042aec17ac076c6379f4170fb7c69b8e925756ef3b7334e28a33338b,"{""distance"":5,""physical_error_rate"":0.0001}","{""detection_events"":13398,""detectors_checked"":30965760}"
    141312,         0,         0,    1.54,exact_mw,f32ebecd8e105e50ec838d33c5ed9b45444b6b44a3c6ac541111079f2b14e893,"{""distance"":5,""physical_error_rate"":5e-05}","{""detection_events"":6981,""detectors_checked"":31653888}"
    822272,         0,         0,    11.6,exact_mw,cdc4a450a40af8e24899239080e4c40992fb5baf91c5a31ab3a165eacb3a1ab3,"{""distance"":5,""physical_error_rate"":0.0002}","{""detection_events"":161709,""detectors_checked"":184188928}"
     69632,         0,         0,    1.12,exact_mw,cdc4a450a40af8e24899239080e4c40992fb5baf91c5a31ab3a165eacb3a1ab3,"{""distance"":5,""physical_error_rate"":0.0002}","{""detection_events"":13845,""detectors_checked"":15597568}"
       128,         2,         0,   0.706,exact_mw,72230d8c06b5a71069df48ede6f7f3e6128cd83e8239dd1b2e5fe023578b6eb1,"{""distance"":5,""physical_error_rate"":0.01}","{""detection_events"":1201,""detectors_checked"":28672,""obs_mistake_mask=E"":2}"
      3072,         0,         0,   0.825,exact_mw,3208f56225bbcac0e2804eb6f92d0a8b681652a702ca1ec920ccd7367f0e0899,"{""distance"":5,""physical_error_rate"":0.002}","{""detection_events"":5982,""detectors_checked"":688128}"
     48128,         0,         0,    1.13,exact_mw,cb12ae119b9b2ba18d0216e7235b403229e92fd0743ede48fe7f1a2c6f45d594,"{""distance"":5,""physical_error_rate"":0.0005}","{""detection_events"":23287,""detectors_checked"":10780672}"
    164864,         0,         0,    8.34,exact_mw,bb90ec3459e353008cf9a5bb9142bf1e8515517a9e167021b225104594e48e8a,"{""distance"":5,""physical_error_rate"":0.001}","{""detection_events"":161328,""detectors_checked"":36929536}"
       128,         0,         0,   0.720,exact_mw,38b7ae1c4e8407fc325e0d9e43e9f92ff26dcb3f5cf7b98d24ea74c9e5188d39,"{""distance"":5,""physical_error_rate"":0.005}","{""detection_events"":610,""detectors_checked"":28672}"
       128,         3,         0,   0.674,exact_mw,72230d8c06b5a71069df48ede6f7f3e6128cd83e8239dd1b2e5fe023578b6eb1,"{""distance"":5,""physical_error_rate"":0.01}","{""detection_events"":1188,""detectors_checked"":28672,""obs_mistake_mask=E"":3}"
     93184,         0,         0,    1.53,exact_mw,70a969f5042aec17ac076c6379f4170fb7c69b8e925756ef3b7334e28a33338b,"{""distance"":5,""physical_error_rate"":0.0001}","{""detection_events"":9077,""detectors_checked"":20873216}"
        17,         0,         0,   0.045,exact_mw,3208f56225bbcac0e2804eb6f92d0a8b681652a702ca1ec920ccd7367f0e0899,"{""distance"":5,""physical_error_rate"":0.002}","{""detection_events"":23,""detectors_checked"":3808}"
    653312,         0,         0,    11.4,exact_mw,cdc4a450a40af8e24899239080e4c40992fb5baf91c5a31ab3a165eacb3a1ab3,"{""distance"":5,""physical_error_rate"":0.0002}","{""detection_events"":128355,""detectors_checked"":146341888}"
       128,         0,         0,   0.112,exact_mw,3208f56225bbcac0e2804eb6f92d0a8b681652a702ca1ec920ccd7367f0e0899,"{""distance"":5,""physical_error_rate"":0.002}","{""detection_events"":228,""detectors_checked"":28672}"
     21504,         0,         0,    1.61,exact_mw,bb90ec3459e353008cf9a5bb9142bf1e8515517a9e167021b225104594e48e8a,"{""distance"":5,""physical_error_rate"":0.001}","{""detection_events"":20771,""detectors_checked"":4816896}"
    196608,         0,         0,    2.18,exact_mw,f32ebecd8e105e50ec838d33c5ed9b45444b6b44a3c6ac541111079f2b14e893,"{""distance"":5,""physical_error_rate"":5e-05}","{""detection_events"":9736,""detectors_checked"":44040192}"
       512,         0,         0,   0.271,exact_mw,3208f56225bbcac0e2804eb6f92d0a8b681652a702ca1ec920ccd7367f0e0899,"{""distance"":5,""physical_error_rate"":0.002}","{""detection_events"":1023,""detectors_checked"":114688}"
       128,         0,         0,   0.697,exact_mw,38b7ae1c4e8407fc325e0d9e43e9f92ff26dcb3f5cf7b98d24ea74c9e5188d39,"{""distance"":5,""physical_error_rate"":0.005}","{""detection_events"":659,""detectors_checked"":28672}"
       128,         0,         0,   0.751,exact_mw,72230d8c06b5a71069df48ede6f7f3e6128cd83e8239dd1b2e5fe023578b6eb1,"{""distance"":5,""physical_error_rate"":0.01}","{""detection_events"":1262,""detectors_checked"":28672}"
      5120,         1,         0,    1.20,exact_mw,3208f56225bbcac0e2804eb6f92d0a8b681652a702ca1ec920ccd7367f0e0899,"{""distance"":5,""physical_error_rate"":0.002}","{""detection_events"":9840,""detectors_checked"":1146880,""obs_mistake_mask=E"":1}"
     96256,         0,         0,    1.57,exact_mw,cdc4a450a40af8e24899239080e4c40992fb5baf91c5a31ab3a165eacb3a1ab3,"{""distance"":5,""physical_error_rate"":0.0002}","{""detection_events"":18965,""detectors_checked"":21561344}"
       544,         4,         0,    8.77,exact_mw,72230d8c06b5a71069df48ede6f7f3e6128cd83e8239dd1b2e5fe023578b6eb1,"{""distance"":5,""physical_error_rate"":0.01}","{""detection_events"":5123,""detectors_checked"":121856,""obs_mistake_mask=E"":4}"
      1297,         0,         0,   0.032,exact_mw,cb12ae119b9b2ba18d0216e7235b403229e92fd0743ede48fe7f1a2c6f45d594,"{""distance"":5,""physical_error_rate"":0.0005}","{""detection_events"":643,""detectors_checked"":290528}"
      1024,         0,         0,   0.032,exact_mw,cb12ae119b9b2ba18d0216e7235b403229e92fd0743ede48fe7f1a2c6f45d594,"{""distance"":5,""physical_error_rate"":0.0005}","{""detection_events"":462,""detectors_checked"":229376}"
      1024,         0,         0,   0.032,exact_mw,cb12ae119b9b2ba18d0216e7235b403229e92fd0743ede48fe7f1a2c6f45d594,"{""distance"":5,""physical_error_rate"":0.0005}","{""detection_events"":509,""detectors_checked"":229376}"
      1024,         0,         0,   0.033,exact_mw,cb12ae119b9b2ba18d0216e7235b403229e92fd0743ede48fe7f1a2c6f45d594,"{""distance"":5,""physical_error_rate"":0.0005}","{""detection_events"":540,""detectors_checked"":229376}"
    477184,         0,         0,    11.7,exact_mw,70a969f5042aec17ac076c6379f4170fb7c69b8e925756ef3b7334e28a33338b,"{""distance"":5,""physical_error_rate"":0.0001}","{""detection_events"":47477,""detectors_checked"":106889216}"
      2048,         0,         0,   0.064,exact_mw,cb12ae119b9b2ba18d0216e7235b403229e92fd0743ede48fe7f1a2c6f45d594,"{""distance"":5,""physical_error_rate"":0.0005}","{""detection_events"":963,""detectors_checked"":458752}"
      2048,         0,         0,   0.064,exact_mw,cb12ae119b9b2ba18d0216e7235b403229e92fd0743ede48fe7f1a2c6f45d594,"{""distance"":5,""physical_error_rate"":0.0005}","{""detection_events"":1013,""detectors_checked"":458752}"
      2176,         2,         0,    8.70,exact_mw,38b7ae1c4e8407fc325e0d9e43e9f92ff26dcb3f5cf7b98d24ea74c9e5188d39,"{""distance"":5,""physical_error_rate"":0.005}","{""detection_events"":10297,""detectors_checked"":487424,""obs_mistake_mask=E"":2}"
   1002496,         0,         0,    11.6,exact_mw,f32ebecd8e105e50ec838d33c5ed9b45444b6b44a3c6ac541111079f2b14e893,"{""distance"":5,""physical_error_rate"":5e-05}","{""detection_events"":49626,""detectors_checked"":224559104}"
     55296,         3,         0,    11.7,exact_mw,3208f56225bbcac0e2804eb6f92d0a8b681652a702ca1ec920ccd7367f0e0899,"{""distance"":5,""physical_error_rate"":0.002}","{""detection_events"":108258,""detectors_checked"":12386304,""obs_mistake_mask=E"":3}"
      1024,         0,         0,   0.679,exact_mw,3208f56225bbcac0e2804eb6f92d0a8b681652a702ca1ec920ccd7367f0e0899,"{""distance"":5,""physical_error_rate"":0.002}","{""detection_events"":2008,""detectors_checked"":229376}"
      3072,         0,         0,   0.094,exact_mw,cb12ae119b9b2ba18d0216e7235b403229e92fd0743ede48fe7f1a2c6f45d594,"{""distance"":5,""physical_error_rate"":0.0005}","{""detection_events"":1497,""detectors_checked"":688128}"
     95232,         0,         0,    1.55,exact_mw,cb12ae119b9b2ba18d0216e7235b403229e92fd0743ede48fe7f1a2c6f45d594,"{""distance"":5,""physical_error_rate"":0.0005}","{""detection_events"":46712,""detectors_checked"":21331968}"
      1297,         0,         0,   0.061,exact_mw,bb90ec3459e353008cf9a5bb9142bf1e8515517a9e167021b225104594e48e8a,"{""distance"":5,""physical_error_rate"":0.001}","{""detection_events"":1208,""detectors_checked"":290528}"
       128,         1,         0,   0.753,exact_mw,38b7ae1c4e8407fc325e0d9e43e9f92ff26dcb3f5cf7b98d24ea74c9e5188d39,"{""distance"":5,""physical_error_rate"":0.005}","{""detection_events"":598,""detectors_checked"":28672,""obs_mistake_mask=E"":1}"
      1024,         0,         0,   0.088,exact_mw,bb90ec3459e353008cf9a5bb9142bf1e8515517a9e167021b225104594e48e8a,"{""distance"":5,""physical_error_rate"":0.001}","{""detection_events"":1081,""detectors_checked"":229376}"
      5120,         0,         0,   0.131,exact_mw,cb12ae119b9b2ba18d0216e7235b403229e92fd0743ede48fe7f1a2c6f45d594,"{""distance"":5,""physical_error_rate"":0.0005}","{""detection_events"":2539,""detectors_checked"":1146880}"
       128,         0,         0,   0.730,exact_mw,72230d8c06b5a71069df48ede6f7f3e6128cd83e8239dd1b2e5fe023578b6eb1,"{""distance"":5,""physical_error_rate"":0.01}","{""detection_events"":1243,""detectors_checked"":28672}"
    195584,         0,         0,    2.15,exact_mw,f32ebecd8e105e50ec838d33c5ed9b45444b6b44a3c6ac541111079f2b14e893,"{""distance"":5,""physical_error_rate"":5e-05}","{""detection_events"":9639,""detectors_checked"":43810816}"
    131072,         0,         0,    2.18,exact_mw,70a969f5042aec17ac076c6379f4170fb7c69b8e925756ef3b7334e28a33338b,"{""distance"":5,""physical_error_rate"":0.0001}","{""detection_events"":13353,""detectors_checked"":29360128}"
      1024,         0,         0,   0.033,exact_mw,bb90ec3459e353008cf9a5bb9142bf1e8515517a9e167021b225104594e48e8a,"{""distance"":5,""physical_error_rate"":0.001}","{""detection_events"":959,""detectors_checked"":229376}"
      1024,         0,         0,   0.031,exact_mw,bb90ec3459e353008cf9a5bb9142bf1e8515517a9e167021b225104594e48e8a,"{""distance"":5,""physical_error_rate"":0.001}","{""detection_events"":975,""detectors_checked"":229376}"
      5120,         0,         0,   0.130,exact_mw,cb12ae119b9b2ba18d0216e7235b403229e92fd0743ede48fe7f1a2c6f45d594,"{""distance"":5,""physical_error_rate"":0.0005}","{""detection_events"":2516,""detectors_checked"":1146880}"
      1024,         0,         0,   0.089,exact_mw,bb90ec3459e353008cf9a5bb9142bf1e8515517a9e167021b225104594e48e8a,"{""distance"":5,""physical_error_rate"":0.001}","{""detection_events"":1049,""detectors_checked"":229376}"
      1024,         0,         0,   0.060,exact_mw,bb90ec3459e353008cf9a5bb9142bf1e8515517a9e167021b225104594e48e8a,"{""distance"":5,""physical_error_rate"":0.001}","{""detection_events"":1037,""detectors_checked"":229376}"
      2048,         0,         0,   0.094,exact_mw,bb90ec3459e353008cf9a5bb9142bf1e8515517a9e167021b225104594e48e8a,"{""distance"":5,""physical_error_rate"":0.001}","{""detection_events"":2130,""detectors_checked"":458752}"
      7168,         0,         0,   0.223,exact_mw,cb12ae119b9b2ba18d0216e7235b403229e92fd0743ede48fe7f1a2c6f45d594,"{""distance"":5,""physical_error_rate"":0.0005}","{""detection_events"":3356,""detectors_checked"":1605632}"
    866304,         1,         0,    16.3,exact_mw,cb12ae119b9b2ba18d0216e7235b403229e92fd0743ede48fe7f1a2c6f45d594,"{""distance"":5,""physical_error_rate"":0.0005}","{""detection_events"":426847,""detectors_checked"":194052096,""obs_mistake_mask=E"":1}"
      3072,         0,         0,   0.147,exact_mw,bb90ec3459e353008cf9a5bb9142bf1e8515517a9e167021b225104594e48e8a,"{""distance"":5,""physical_error_rate"":0.001}","{""detection_events"":3051,""detectors_checked"":688128}"
      1024,         0,         0,   0.719,exact_mw,3208f56225bbcac0e2804eb6f92d0a8b681652a702ca1ec920ccd7367f0e0899,"{""distance"":5,""physical_error_rate"":0.002}","{""detection_events"":2078,""detectors_checked"":229376}"
    306176,         1,         0,    16.3,exact_mw,bb90ec3459e353008cf9a5bb9142bf1e8515517a9e167021b225104594e48e8a,"{""distance"":5,""physical_error_rate"":0.001}","{""detection_events"":301586,""detectors_checked"":68583424,""obs_mistake_mask=E"":1}"
    988160,         1,         0,    16.2,exact_mw,cb12ae119b9b2ba18d0216e7235b403229e92fd0743ede48fe7f1a2c6f45d594,"{""distance"":5,""physical_error_rate"":0.0005}","{""detection_events"":488829,""detectors_checked"":221347840,""obs_mistake_mask=E"":1}"
      4096,         0,         0,   0.151,exact_mw,bb90ec3459e353008cf9a5bb9142bf1e8515517a9e167021b225104594e48e8a,"{""distance"":5,""physical_error_rate"":0.001}","{""detection_events"":4098,""detectors_checked"":917504}"
       128,         0,         0,   0.675,exact_mw,38b7ae1c4e8407fc325e0d9e43e9f92ff26dcb3f5cf7b98d24ea74c9e5188d39,"{""distance"":5,""physical_error_rate"":0.005}","{""detection_events"":596,""detectors_checked"":28672}"
     11264,         0,         0,   0.319,exact_mw,cb12ae119b9b2ba18d0216e7235b403229e92fd0743ede48fe7f1a2c6f45d594,"{""distance"":5,""physical_error_rate"":0.0005}","{""detection_events"":5563,""detectors_checked"":2523136}"
     46080,         2,         0,    11.9,exact_mw,3208f56225bbcac0e2804eb6f92d0a8b681652a702ca1ec920ccd7367f0e0899,"{""distance"":5,""physical_error_rate"":0.002}","{""detection_events"":89628,""detectors_checked"":10321920,""obs_mistake_mask=E"":2}"
     32768,         2,         0,    8.50,exact_mw,3208f56225bbcac0e2804eb6f92d0a8b681652a702ca1ec920ccd7367f0e0899,"{""distance"":5,""physical_error_rate"":0.002}","{""detection_events"":64650,""detectors_checked"":7340032,""obs_mistake_mask=E"":2}"
      5120,         0,         0,   0.250,exact_mw,bb90ec3459e353008cf9a5bb9142bf1e8515517a9e167021b225104594e48e8a,"{""distance"":5,""physical_error_rate"":0.001}","{""detection_events"":5146,""detectors_checked"":1146880}"
    130048,         0,         0,    2.18,exact_mw,70a969f5042aec17ac076c6379f4170fb7c69b8e925756ef3b7334e28a33338b,"{""distance"":5,""physical_error_rate"":0.0001}","{""detection_events"":12824,""detectors_checked"":29130752}"
   1059840,         0,         0,    11.5,exact_mw,f32ebecd8e105e50ec838d33c5ed9b45444b6b44a3c6ac541111079f2b14e893,"{""distance"":5,""physical_error_rate"":5e-05}","{""detection_events"":51861,""detectors_checked"":237404160}"
      1297,         0,         0,   0.029,exact_mw,cdc4a450a40af8e24899239080e4c40992fb5baf91c5a31ab3a165eacb3a1ab3,"{""distance"":5,""physical_error_rate"":0.0002}","{""detection_events"":270,""detectors_checked"":290528}"
      1024,         0,         0,   0.027,exact_mw,cdc4a450a40af8e24899239080e4c40992fb5baf91c5a31ab3a165eacb3a1ab3,"{""distance"":5,""physical_error_rate"":0.0002}","{""detection_events"":193,""detectors_checked"":229376}"
   1216512,         0,         0,    16.1,exact_mw,70a969f5042aec17ac076c6379f4170fb7c69b8e925756ef3b7334e28a33338b,"{""distance"":5,""physical_error_rate"":0.0001}","{""detection_events"":120091,""detectors_checked"":272498688}"
      1024,         0,         0,   0.027,exact_mw,cdc4a450a40af8e24899239080e4c40992fb5baf91c5a31ab3a165eacb3a1ab3,"{""distance"":5,""physical_error_rate"":0.0002}","{""detection_events"":207,""detectors_checked"":229376}"
      1024,         0,         0,   0.541,exact_mw,3208f56225bbcac0e2804eb6f92d0a8b681652a702ca1ec920ccd7367f0e0899,"{""distance"":5,""physical_error_rate"":0.002}","{""detection_events"":2008,""detectors_checked"":229376}"
     13312,         0,         0,   0.423,exact_mw,cb12ae119b9b2ba18d0216e7235b403229e92fd0743ede48fe7f1a2c6f45d594,"{""distance"":5,""physical_error_rate"":0.0005}","{""detection_events"":6567,""detectors_checked"":2981888}"
      2048,         0,         0,   0.030,exact_mw,cdc4a450a40af8e24899239080e4c40992fb5baf91c5a31ab3a165eacb3a1ab3,"{""distance"":5,""physical_error_rate"":0.0002}","{""detection_events"":393,""detectors_checked"":458752}"
      6144,         0,         0,   0.302,exact_mw,bb90ec3459e353008cf9a5bb9142bf1e8515517a9e167021b225104594e48e8a,"{""distance"":5,""physical_error_rate"":0.001}","{""detection_events"":5823,""detectors_checked"":1376256}"
      2048,         0,         0,   0.054,exact_mw,cdc4a450a40af8e24899239080e4c40992fb5baf91c5a31ab3a165eacb3a1ab3,"{""distance"":5,""physical_error_rate"":0.0002}","{""detection_events"":369,""detectors_checked"":458752}"
     27648,         0,         0,    2.21,exact_mw,bb90ec3459e353008cf9a5bb9142bf1e8515517a9e167021b225104594e48e8a,"{""distance"":5,""physical_error_rate"":0.001}","{""detection_events"":26633,""detectors_checked"":6193152}"
      7168,         0,         0,    1.90,exact_mw,3208f56225bbcac0e2804eb6f92d0a8b681652a702ca1ec920ccd7367f0e0899,"{""distance"":5,""physical_error_rate"":0.002}","{""detection_events"":14206,""detectors_checked"":1605632}"
       128,         0,         0,   0.573,exact_mw,38b7ae1c4e8407fc325e0d9e43e9f92ff26dcb3f5cf7b98d24ea74c9e5188d39,"{""distance"":5,""physical_error_rate"":0.005}","{""detection_events"":614,""detectors_checked"":28672}"
      3072,         0,         0,   0.057,exact_mw,cdc4a450a40af8e24899239080e4c40992fb5baf91c5a31ab3a165eacb3a1ab3,"{""distance"":5,""physical_error_rate"":0.0002}","{""detection_events"":637,""detectors_checked"":688128}"
      2176,        14,         0,    11.8,exact_mw,72230d8c06b5a71069df48ede6f7f3e6128cd83e8239dd1b2e5fe023578b6eb1,"{""distance"":5,""physical_error_rate"":0.01}","{""detection_events"":20193,""detectors_checked"":487424,""obs_mistake_mask=E"":14}"
      4096,         0,         0,   0.083,exact_mw,cdc4a450a40af8e24899239080e4c40992fb5baf91c5a31ab3a165eacb3a1ab3,"{""distance"":5,""physical_error_rate"":0.0002}","{""detection_events"":807,""detectors_checked"":917504}"
    228352,         0,         0,    16.4,exact_mw,bb90ec3459e353008cf9a5bb9142bf1e8515517a9e167021b225104594e48e8a,"{""distance"":5,""physical_error_rate"":0.001}","{""detection_events"":224493,""detectors_checked"":51150848}"
      8192,         0,         0,   0.119,exact_mw,cdc4a450a40af8e24899239080e4c40992fb5baf91c5a31ab3a165eacb3a1ab3,"{""distance"":5,""physical_error_rate"":0.0002}","{""detection_events"":1694,""detectors_checked"":1835008}"
       256,         1,         0,    1.50,exact_mw,72230d8c06b5a71069df48ede6f7f3e6128cd83e8239dd1b2e5fe023578b6eb1,"{""distance"":5,""physical_error_rate"":0.01}","{""detection_events"":2517,""detectors_checked"":57344,""obs_mistake_mask=E"":1}"
      1024,         0,         0,   0.438,exact_mw,3208f56225bbcac0e2804eb6f92d0a8b681652a702ca1ec920ccd7367f0e0899,"{""distance"":5,""physical_error_rate"":0.002}","{""detection_events"":2002,""detectors_checked"":229376}"
     14336,         0,         0,   0.148,exact_mw,cdc4a450a40af8e24899239080e4c40992fb5baf91c5a31ab3a165eacb3a1ab3,"{""distance"":5,""physical_error_rate"":0.0002}","{""detection_events"":2813,""detectors_checked"":3211264}"
     10240,         0,         0,   0.423,exact_mw,bb90ec3459e353008cf9a5bb9142bf1e8515517a9e167021b225104594e48e8a,"{""distance"":5,""physical_error_rate"":0.001}","{""detection_events"":9923,""detectors_checked"":2293760}"
     48128,         2,         0,    11.9,exact_mw,3208f56225bbcac0e2804eb6f92d0a8b681652a702ca1ec920ccd7367f0e0899,"{""distance"":5,""physical_error_rate"":0.002}","{""detection_events"":92616,""detectors_checked"":10780672,""obs_mistake_mask=E"":2}"
    138240,         0,         0,    2.13,exact_mw,cdc4a450a40af8e24899239080e4c40992fb5baf91c5a31ab3a165eacb3a1ab3,"{""distance"":5,""physical_error_rate"":0.0002}","{""detection_events"":27405,""detectors_checked"":30965760}"
     16384,         0,         0,   0.565,exact_mw,cb12ae119b9b2ba18d0216e7235b403229e92fd0743ede48fe7f1a2c6f45d594,"{""distance"":5,""physical_error_rate"":0.0005}","{""detection_events"":7904,""detectors_checked"":3670016}"
       128,         0,         0,   0.575,exact_mw,38b7ae1c4e8407fc325e0d9e43e9f92ff26dcb3f5cf7b98d24ea74c9e5188d39,"{""distance"":5,""physical_error_rate"":0.005}","{""detection_events"":603,""detectors_checked"":28672}"
   1299456,         0,         0,    16.2,exact_mw,cdc4a450a40af8e24899239080e4c40992fb5baf91c5a31ab3a165eacb3a1ab3,"{""distance"":5,""physical_error_rate"":0.0002}","{""detection_events"":256662,""detectors_checked"":291078144}"
     18432,         0,         0,   0.217,exact_mw,cdc4a450a40af8e24899239080e4c40992fb5baf91c5a31ab3a165eacb3a1ab3,"{""distance"":5,""physical_error_rate"":0.0002}","{""detection_events"":3668,""detectors_checked"":4128768}"
    290816,         3,         0,    11.6,exact_mw,bb90ec3459e353008cf9a5bb9142bf1e8515517a9e167021b225104594e48e8a,"{""distance"":5,""physical_error_rate"":0.001}","{""detection_events"":286189,""detectors_checked"":65142784,""obs_mistake_mask=E"":3}"
    279552,         0,         0,    3.04,exact_mw,f32ebecd8e105e50ec838d33c5ed9b45444b6b44a3c6ac541111079f2b14e893,"{""distance"":5,""physical_error_rate"":5e-05}","{""detection_events"":14304,""detectors_checked"":62619648}"
    121856,         1,         0,    2.14,exact_mw,cb12ae119b9b2ba18d0216e7235b403229e92fd0743ede48fe7f1a2c6f45d594,"{""distance"":5,""physical_error_rate"":0.0005}","{""detection_events"":59756,""detectors_checked"":27295744,""obs_mistake_mask=E"":1}"
     25600,         0,         0,   0.295,exact_mw,cdc4a450a40af8e24899239080e4c40992fb5baf91c5a31ab3a165eacb3a1ab3,"{""distance"":5,""physical_error_rate"":0.0002}","{""detection_events"":4952,""detectors_checked"":5734400}"
     10240,         0,         0,   0.575,exact_mw,bb90ec3459e353008cf9a5bb9142bf1e8515517a9e167021b225104594e48e8a,"{""distance"":5,""physical_error_rate"":0.001}","{""detection_events"":9739,""detectors_checked"":2293760}"
      1024,         0,         0,   0.658,exact_mw,3208f56225bbcac0e2804eb6f92d0a8b681652a702ca1ec920ccd7367f0e0899,"{""distance"":5,""physical_error_rate"":0.002}","{""detection_events"":2005,""detectors_checked"":229376}"
      1664,        16,         0,    8.87,exact_mw,72230d8c06b5a71069df48ede6f7f3e6128cd83e8239dd1b2e5fe023578b6eb1,"{""distance"":5,""physical_error_rate"":0.01}","{""detection_events"":15701,""detectors_checked"":372736,""obs_mistake_mask=E"":16}"
      1920,        13,         0,    12.1,exact_mw,72230d8c06b5a71069df48ede6f7f3e6128cd83e8239dd1b2e5fe023578b6eb1,"{""distance"":5,""physical_error_rate"":0.01}","{""detection_events"":17812,""detectors_checked"":430080,""obs_mistake_mask=E"":13}"
       128,         0,         0,   0.672,exact_mw,38b7ae1c4e8407fc325e0d9e43e9f92ff26dcb3f5cf7b98d24ea74c9e5188d39,"{""distance"":5,""physical_error_rate"":0.005}","{""detection_events"":663,""detectors_checked"":28672}"
     21504,         0,         0,   0.798,exact_mw,cb12ae119b9b2ba18d0216e7235b403229e92fd0743ede48fe7f1a2c6f45d594,"{""distance"":5,""physical_error_rate"":0.0005}","{""detection_events"":10373,""detectors_checked"":4816896}"
    305152,         0,         0,    11.6,exact_mw,cb12ae119b9b2ba18d0216e7235b403229e92fd0743ede48fe7f1a2c6f45d594,"{""distance"":5,""physical_error_rate"":0.0005}","{""detection_events"":149562,""detectors_checked"":68354048}"
     36864,         0,         0,   0.375,exact_mw,cdc4a450a40af8e24899239080e4c40992fb5baf91c5a31ab3a165eacb3a1ab3,"{""distance"":5,""physical_error_rate"":0.0002}","{""detection_events"":7377,""detectors_checked"":8257536}"
      1024,         0,         0,   0.446,exact_mw,3208f56225bbcac0e2804eb6f92d0a8b681652a702ca1ec920ccd7367f0e0899,"{""distance"":5,""physical_error_rate"":0.002}","{""detection_events"":1959,""detectors_checked"":229376}"
    606208,         0,         0,    11.6,exact_mw,cb12ae119b9b2ba18d0216e7235b403229e92fd0743ede48fe7f1a2c6f45d594,"{""distance"":5,""physical_error_rate"":0.0005}","{""detection_events"":296338,""detectors_checked"":135790592}"
   1487872,         0,         0,    16.1,exact_mw,f32ebecd8e105e50ec838d33c5ed9b45444b6b44a3c6ac541111079f2b14e893,"{""distance"":5,""physical_error_rate"":5e-05}","{""detection_events"":72994,""detectors_checked"":333283328}"
       256,         0,         0,    1.43,exact_mw,72230d8c06b5a71069df48ede6f7f3e6128cd83e8239dd1b2e5fe023578b6eb1,"{""distance"":5,""physical_error_rate"":0.01}","{""detection_events"":2385,""detectors_checked"":57344}"
    564224,         0,         0,    16.3,exact_mw,70a969f5042aec17ac076c6379f4170fb7c69b8e925756ef3b7334e28a33338b,"{""distance"":5,""physical_error_rate"":0.0001}","{""detection_events"":56212,""detectors_checked"":126386176}"
     16384,         0,         0,   0.779,exact_mw,bb90ec3459e353008cf9a5bb9142bf1e8515517a9e167021b225104594e48e8a,"{""distance"":5,""physical_error_rate"":0.001}","{""detection_events"":16490,""detectors_checked"":3670016}"
       128,         0,         0,   0.529,exact_mw,38b7ae1c4e8407fc325e0d9e43e9f92ff26dcb3f5cf7b98d24ea74c9e5188d39,"{""distance"":5,""physical_error_rate"":0.005}","{""detection_events"":589,""detectors_checked"":28672}"
    424960,         0,         0,    11.6,exact_mw,f32ebecd8e105e50ec838d33c5ed9b45444b6b44a3c6ac541111079f2b14e893,"{""distance"":5,""physical_error_rate"":5e-05}","{""detection_events"":21157,""detectors_checked"":95191040}"
    278528,         0,         0,    3.04,exact_mw,f32ebecd8e105e50ec838d33c5ed9b45444b6b44a3c6ac541111079f2b14e893,"{""distance"":5,""physical_error_rate"":5e-05}","{""detection_events"":13908,""detectors_checked"":62390272}"
    220160,         0,         0,    3.06,exact_mw,70a969f5042aec17ac076c6379f4170fb7c69b8e925756ef3b7334e28a33338b,"{""distance"":5,""physical_error_rate"":0.0001}","{""detection_events"":21625,""detectors_checked"":49315840}"
    885760,         2,         0,    16.2,exact_mw,cb12ae119b9b2ba18d0216e7235b403229e92fd0743ede48fe7f1a2c6f45d594,"{""distance"":5,""physical_error_rate"":0.0005}","{""detection_events"":435746,""detectors_checked"":198410240,""obs_mistake_mask=E"":2}"
     51200,         0,         0,   0.541,exact_mw,cdc4a450a40af8e24899239080e4c40992fb5baf91c5a31ab3a165eacb3a1ab3,"{""distance"":5,""physical_error_rate"":0.0002}","{""detection_events"":10081,""detectors_checked"":11468800}"
      1024,         0,         0,   0.525,exact_mw,3208f56225bbcac0e2804eb6f92d0a8b681652a702ca1ec920ccd7367f0e0899,"{""distance"":5,""physical_error_rate"":0.002}","{""detection_events"":2026,""detectors_checked"":229376}"
     48128,         5,         0,    12.0,exact_mw,3208f56225bbcac0e2804eb6f92d0a8b681652a702ca1ec920ccd7367f0e0899,"{""distance"":5,""physical_error_rate"":0.002}","{""detection_events"":94210,""detectors_checked"":10780672,""obs_mistake_mask=E"":5}"
       128,         0,         0,   0.561,exact_mw,38b7ae1c4e8407fc325e0d9e43e9f92ff26dcb3f5cf7b98d24ea74c9e5188d39,"{""distance"":5,""physical_error_rate"":0.005}","{""detection_events"":630,""detectors_checked"":28672}"
    933888,         2,         0,    16.2,exact_mw,cb12ae119b9b2ba18d0216e7235b403229e92fd0743ede48fe7f1a2c6f45d594,"{""distance"":5,""physical_error_rate"":0.0005}","{""detection_events"":457998,""detectors_checked"":209190912,""obs_mistake_mask=E"":2}"
     30720,         0,         0,    1.12,exact_mw,cb12ae119b9b2ba18d0216e7235b403229e92fd0743ede48fe7f1a2c6f45d594,"{""distance"":5,""physical_error_rate"":0.0005}","{""detection_events"":14854,""detectors_checked"":6881280}"
      1024,         0,         0,   0.443,exact_mw,3208f56225bbcac0e2804eb6f92d0a8b681652a702ca1ec920ccd7367f0e0899,"{""distance"":5,""physical_error_rate"":0.002}","{""detection_events"":1927,""detectors_checked"":229376}"
   1593344,         0,         0,    16.2,exact_mw,f32ebecd8e105e50ec838d33c5ed9b45444b6b44a3c6ac541111079f2b14e893,"{""distance"":5,""physical_error_rate"":5e-05}","{""detection_events"":78842,""detectors_checked"":356909056}"
      5120,         1,         0,    2.69,exact_mw,3208f56225bbcac0e2804eb6f92d0a8b681652a702ca1ec920ccd7367f0e0899,"{""distance"":5,""physical_error_rate"":0.002}","{""detection_events"":9999,""detectors_checked"":1146880,""obs_mistake_mask=E"":1}"
   1077248,         0,         0,    16.2,exact_mw,70a969f5042aec17ac076c6379f4170fb7c69b8e925756ef3b7334e28a33338b,"{""distance"":5,""physical_error_rate"":0.0001}","{""detection_events"":106421,""detectors_checked"":241303552}"
     72704,         0,         0,   0.807,exact_mw,cdc4a450a40af8e24899239080e4c40992fb5baf91c5a31ab3a165eacb3a1ab3,"{""distance"":5,""physical_error_rate"":0.0002}","{""detection_events"":14656,""detectors_checked"":16285696}"
    184320,         0,         0,    3.00,exact_mw,70a969f5042aec17ac076c6379f4170fb7c69b8e925756ef3b7334e28a33338b,"{""distance"":5,""physical_error_rate"":0.0001}","{""detection_events"":18177,""detectors_checked"":41287680}"
   1074176,         0,         0,    16.1,exact_mw,70a969f5042aec17ac076c6379f4170fb7c69b8e925756ef3b7334e28a33338b,"{""distance"":5,""physical_error_rate"":0.0001}","{""detection_events"":105332,""detectors_checked"":240615424}"
     23552,         0,         0,    1.15,exact_mw,bb90ec3459e353008cf9a5bb9142bf1e8515517a9e167021b225104594e48e8a,"{""distance"":5,""physical_error_rate"":0.001}","{""detection_events"":23496,""detectors_checked"":5275648}"
      1920,        14,         0,    12.3,exact_mw,72230d8c06b5a71069df48ede6f7f3e6128cd83e8239dd1b2e5fe023578b6eb1,"{""distance"":5,""physical_error_rate"":0.01}","{""detection_events"":17835,""detectors_checked"":430080,""obs_mistake_mask=E"":14}"
      5376,         5,         0,    11.8,exact_mw,38b7ae1c4e8407fc325e0d9e43e9f92ff26dcb3f5cf7b98d24ea74c9e5188d39,"{""distance"":5,""physical_error_rate"":0.005}","{""detection_events"":25697,""detectors_checked"":1204224,""obs_mistake_mask=E"":5}"
    398336,         0,         0,    11.6,exact_mw,70a969f5042aec17ac076c6379f4170fb7c69b8e925756ef3b7334e28a33338b,"{""distance"":5,""physical_error_rate"":0.0001}","{""detection_events"":39466,""detectors_checked"":89227264}"
   2530304,         0,         0,    16.0,exact_mw,cdc4a450a40af8e24899239080e4c40992fb5baf91c5a31ab3a165eacb3a1ab3,"{""distance"":5,""physical_error_rate"":0.0002}","{""detection_events"":498842,""detectors_checked"":566788096}"
       128,         0,         0,   0.721,exact_mw,38b7ae1c4e8407fc325e0d9e43e9f92ff26dcb3f5cf7b98d24ea74c9e5188d39,"{""distance"":5,""physical_error_rate"":0.005}","{""detection_events"":607,""detectors_checked"":28672}"
   1148928,         0,         0,    16.0,exact_mw,70a969f5042aec17ac076c6379f4170fb7c69b8e925756ef3b7334e28a33338b,"{""distance"":5,""physical_error_rate"":0.0001}","{""detection_events"":113083,""detectors_checked"":257359872}"
     29696,         0,         0,    3.08,exact_mw,bb90ec3459e353008cf9a5bb9142bf1e8515517a9e167021b225104594e48e8a,"{""distance"":5,""physical_error_rate"":0.001}","{""detection_events"":29559,""detectors_checked"":6651904}"
      1024,         0,         0,   0.657,exact_mw,3208f56225bbcac0e2804eb6f92d0a8b681652a702ca1ec920ccd7367f0e0899,"{""distance"":5,""physical_error_rate"":0.002}","{""detection_events"":1927,""detectors_checked"":229376}"
   1462272,         0,         0,    16.3,exact_mw,70a969f5042aec17ac076c6379f4170fb7c69b8e925756ef3b7334e28a33338b,"{""distance"":5,""physical_error_rate"":0.0001}","{""detection_events"":143509,""detectors_checked"":327548928}"
    806912,         0,         0,    11.5,exact_mw,cdc4a450a40af8e24899239080e4c40992fb5baf91c5a31ab3a165eacb3a1ab3,"{""distance"":5,""physical_error_rate"":0.0002}","{""detection_events"":157916,""detectors_checked"":180748288}"
    313344,         5,         0,    16.3,exact_mw,bb90ec3459e353008cf9a5bb9142bf1e8515517a9e167021b225104594e48e8a,"{""distance"":5,""physical_error_rate"":0.001}","{""detection_events"":307911,""detectors_checked"":70189056,""obs_mistake_mask=E"":5}"
    186368,         0,         0,    3.04,exact_mw,cdc4a450a40af8e24899239080e4c40992fb5baf91c5a31ab3a165eacb3a1ab3,"{""distance"":5,""physical_error_rate"":0.0002}","{""detection_events"":37040,""detectors_checked"":41746432}"
   1137664,         0,         0,    16.1,exact_mw,f32ebecd8e105e50ec838d33c5ed9b45444b6b44a3c6ac541111079f2b14e893,"{""distance"":5,""physical_error_rate"":5e-05}","{""detection_events"":55477,""detectors_checked"":254836736}"
   1091584,         0,         0,    16.2,exact_mw,70a969f5042aec17ac076c6379f4170fb7c69b8e925756ef3b7334e28a33338b,"{""distance"":5,""physical_error_rate"":0.0001}","{""detection_events"":107116,""detectors_checked"":244514816}"
       384,         0,         0,    1.94,exact_mw,72230d8c06b5a71069df48ede6f7f3e6128cd83e8239dd1b2e5fe023578b6eb1,"{""distance"":5,""physical_error_rate"":0.01}","{""detection_events"":3551,""detectors_checked"":86016}"
    189440,         3,         0,    16.2,exact_mw,bb90ec3459e353008cf9a5bb9142bf1e8515517a9e167021b225104594e48e8a,"{""distance"":5,""physical_error_rate"":0.001}","{""detection_events"":185656,""detectors_checked"":42434560,""obs_mistake_mask=E"":3}"
    513024,         0,         0,    11.6,exact_mw,70a969f5042aec17ac076c6379f4170fb7c69b8e925756ef3b7334e28a33338b,"{""distance"":5,""physical_error_rate"":0.0001}","{""detection_events"":49732,""detectors_checked"":114917376}"
      1024,         0,         0,   0.667,exact_mw,3208f56225bbcac0e2804eb6f92d0a8b681652a702ca1ec920ccd7367f0e0899,"{""distance"":5,""physical_error_rate"":0.002}","{""detection_events"":1908,""detectors_checked"":229376}"
   1331200,         0,         0,    16.3,exact_mw,f32ebecd8e105e50ec838d33c5ed9b45444b6b44a3c6ac541111079f2b14e893,"{""distance"":5,""physical_error_rate"":5e-05}","{""detection_events"":65855,""detectors_checked"":298188800}"
    101376,         0,         0,    1.09,exact_mw,cdc4a450a40af8e24899239080e4c40992fb5baf91c5a31ab3a165eacb3a1ab3,"{""distance"":5,""physical_error_rate"":0.0002}","{""detection_events"":19354,""detectors_checked"":22708224}"
   1551360,         5,         0,    16.3,exact_mw,bb90ec3459e353008cf9a5bb9142bf1e8515517a9e167021b225104594e48e8a,"{""distance"":5,""physical_error_rate"":0.001}","{""detection_events"":1523977,""detectors_checked"":347504640,""obs_mistake_mask=E"":5}"
   1138688,         0,         0,    16.1,exact_mw,f32ebecd8e105e50ec838d33c5ed9b45444b6b44a3c6ac541111079f2b14e893,"{""distance"":5,""physical_error_rate"":5e-05}","{""detection_events"":56552,""detectors_checked"":255066112}"
    163840,         0,         0,    3.04,exact_mw,cb12ae119b9b2ba18d0216e7235b403229e92fd0743ede48fe7f1a2c6f45d594,"{""distance"":5,""physical_error_rate"":0.0005}","{""detection_events"":80564,""detectors_checked"":36700160}"
       256,         0,         0,   0.863,exact_mw,38b7ae1c4e8407fc325e0d9e43e9f92ff26dcb3f5cf7b98d24ea74c9e5188d39,"{""distance"":5,""physical_error_rate"":0.005}","{""detection_events"":1161,""detectors_checked"":57344}"
     41984,         0,         0,    1.55,exact_mw,cb12ae119b9b2ba18d0216e7235b403229e92fd0743ede48fe7f1a2c6f45d594,"{""distance"":5,""physical_error_rate"":0.0005}","{""detection_events"":20268,""detectors_checked"":9404416}"
      3008,        22,         0,    12.1,exact_mw,72230d8c06b5a71069df48ede6f7f3e6128cd83e8239dd1b2e5fe023578b6eb1,"{""distance"":5,""physical_error_rate"":0.01}","{""detection_events"":27909,""detectors_checked"":673792,""obs_mistake_mask=E"":22}"
     88064,         7,         0,    16.4,exact_mw,3208f56225bbcac0e2804eb6f92d0a8b681652a702ca1ec920ccd7367f0e0899,"{""distance"":5,""physical_error_rate"":0.002}","{""detection_events"":172218,""detectors_checked"":19726336,""obs_mistake_mask=E"":7}"
    541696,         0,         0,    16.3,exact_mw,cdc4a450a40af8e24899239080e4c40992fb5baf91c5a31ab3a165eacb3a1ab3,"{""distance"":5,""physical_error_rate"":0.0002}","{""detection_events"":107133,""detectors_checked"":121339904}"
   1247232,         0,         0,    16.2,exact_mw,cdc4a450a40af8e24899239080e4c40992fb5baf91c5a31ab3a165eacb3a1ab3,"{""distance"":5,""physical_error_rate"":0.0002}","{""detection_events"":246261,""detectors_checked"":279379968}"
    121856,         5,         0,    16.5,exact_mw,3208f56225bbcac0e2804eb6f92d0a8b681652a702ca1ec920ccd7367f0e0899,"{""distance"":5,""physical_error_rate"":0.002}","{""detection_events"":238052,""detectors_checked"":27295744,""obs_mistake_mask=E"":5}"
    156672,         1,         0,    16.2,exact_mw,bb90ec3459e353008cf9a5bb9142bf1e8515517a9e167021b225104594e48e8a,"{""distance"":5,""physical_error_rate"":0.001}","{""detection_events"":154433,""detectors_checked"":35094528,""obs_mistake_mask=E"":1}"
   1125376,         0,         0,    16.2,exact_mw,cdc4a450a40af8e24899239080e4c40992fb5baf91c5a31ab3a165eacb3a1ab3,"{""distance"":5,""physical_error_rate"":0.0002}","{""detection_events"":220934,""detectors_checked"":252084224}"
    779264,         1,         0,    16.2,exact_mw,cb12ae119b9b2ba18d0216e7235b403229e92fd0743ede48fe7f1a2c6f45d594,"{""distance"":5,""physical_error_rate"":0.0005}","{""detection_events"":382098,""detectors_checked"":174555136,""obs_mistake_mask=E"":1}"
   1120256,         0,         0,    16.3,exact_mw,cdc4a450a40af8e24899239080e4c40992fb5baf91c5a31ab3a165eacb3a1ab3,"{""distance"":5,""physical_error_rate"":0.0002}","{""detection_events"":220533,""detectors_checked"":250937344}"
   1137664,         0,         0,    16.1,exact_mw,f32ebecd8e105e50ec838d33c5ed9b45444b6b44a3c6ac541111079f2b14e893,"{""distance"":5,""physical_error_rate"":5e-05}","{""detection_events"":55954,""detectors_checked"":254836736}"
    400384,         0,         0,    16.3,exact_mw,cb12ae119b9b2ba18d0216e7235b403229e92fd0743ede48fe7f1a2c6f45d594,"{""distance"":5,""physical_error_rate"":0.0005}","{""detection_events"":196637,""detectors_checked"":89686016}"
   1753088,         0,         0,    16.2,exact_mw,cdc4a450a40af8e24899239080e4c40992fb5baf91c5a31ab3a165eacb3a1ab3,"{""distance"":5,""physical_error_rate"":0.0002}","{""detection_events"":344615,""detectors_checked"":392691712}"
    303104,         2,         0,    16.3,exact_mw,bb90ec3459e353008cf9a5bb9142bf1e8515517a9e167021b225104594e48e8a,"{""distance"":5,""physical_error_rate"":0.001}","{""detection_events"":296810,""detectors_checked"":67895296,""obs_mistake_mask=E"":2}"
     32768,         0,         0,    1.58,exact_mw,bb90ec3459e353008cf9a5bb9142bf1e8515517a9e167021b225104594e48e8a,"{""distance"":5,""physical_error_rate"":0.001}","{""detection_events"":31928,""detectors_checked"":7340032}"
    791552,         0,         0,    16.2,exact_mw,cb12ae119b9b2ba18d0216e7235b403229e92fd0743ede48fe7f1a2c6f45d594,"{""distance"":5,""physical_error_rate"":0.0005}","{""detection_events"":390081,""detectors_checked"":177307648}"
     54272,         2,         0,    16.5,exact_mw,3208f56225bbcac0e2804eb6f92d0a8b681652a702ca1ec920ccd7367f0e0899,"{""distance"":5,""physical_error_rate"":0.002}","{""detection_events"":105870,""detectors_checked"":12156928,""obs_mistake_mask=E"":2}"
      2048,         0,         0,    1.32,exact_mw,3208f56225bbcac0e2804eb6f92d0a8b681652a702ca1ec920ccd7367f0e0899,"{""distance"":5,""physical_error_rate"":0.002}","{""detection_events"":4033,""detectors_checked"":458752}"
    389120,         0,         0,    4.26,exact_mw,f32ebecd8e105e50ec838d33c5ed9b45444b6b44a3c6ac541111079f2b14e893,"{""distance"":5,""physical_error_rate"":5e-05}","{""detection_events"":19185,""detectors_checked"":87162880}"
    139264,         0,         0,    1.54,exact_mw,cdc4a450a40af8e24899239080e4c40992fb5baf91c5a31ab3a165eacb3a1ab3,"{""distance"":5,""physical_error_rate"":0.0002}","{""detection_events"":27092,""detectors_checked"":31195136}"
    250880,         1,         0,    16.4,exact_mw,bb90ec3459e353008cf9a5bb9142bf1e8515517a9e167021b225104594e48e8a,"{""distance"":5,""physical_error_rate"":0.001}","{""detection_events"":247061,""detectors_checked"":56197120,""obs_mistake_mask=E"":1}"
       256,         0,         0,    1.58,exact_mw,38b7ae1c4e8407fc325e0d9e43e9f92ff26dcb3f5cf7b98d24ea74c9e5188d39,"{""distance"":5,""physical_error_rate"":0.005}","{""detection_events"":1323,""detectors_checked"":57344}"
   1285120,         0,         0,    16.2,exact_mw,70a969f5042aec17ac076c6379f4170fb7c69b8e925756ef3b7334e28a33338b,"{""distance"":5,""physical_error_rate"":0.0001}","{""detection_events"":126655,""detectors_checked"":287866880}"
   1317888,         1,         0,    16.2,exact_mw,cb12ae119b9b2ba18d0216e7235b403229e92fd0743ede48fe7f1a2c6f45d594,"{""distance"":5,""physical_error_rate"":0.0005}","{""detection_events"":648013,""detectors_checked"":295206912,""obs_mistake_mask=E"":1}"
     66560,         4,         0,    16.4,exact_mw,3208f56225bbcac0e2804eb6f92d0a8b681652a702ca1ec920ccd7367f0e0899,"{""distance"":5,""physical_error_rate"":0.002}","{""detection_events"":128946,""detectors_checked"":14909440,""obs_mistake_mask=E"":4}"
    408576,         0,         0,    16.1,exact_mw,cb12ae119b9b2ba18d0216e7235b403229e92fd0743ede48fe7f1a2c6f45d594,"{""distance"":5,""physical_error_rate"":0.0005}","{""detection_events"":201469,""detectors_checked"":91521024}"
     13824,        18,         0,    12.0,exact_mw,38b7ae1c4e8407fc325e0d9e43e9f92ff26dcb3f5cf7b98d24ea74c9e5188d39,"{""distance"":5,""physical_error_rate"":0.005}","{""detection_events"":66496,""detectors_checked"":3096576,""obs_mistake_mask=E"":18}"
      5120,         1,         0,    3.37,exact_mw,3208f56225bbcac0e2804eb6f92d0a8b681652a702ca1ec920ccd7367f0e0899,"{""distance"":5,""physical_error_rate"":0.002}","{""detection_events"":10022,""detectors_checked"":1146880,""obs_mistake_mask=E"":1}"
    358400,         0,         0,    11.7,exact_mw,cdc4a450a40af8e24899239080e4c40992fb5baf91c5a31ab3a165eacb3a1ab3,"{""distance"":5,""physical_error_rate"":0.0002}","{""detection_events"":70106,""detectors_checked"":80281600}"
    389120,         0,         0,    4.22,exact_mw,f32ebecd8e105e50ec838d33c5ed9b45444b6b44a3c6ac541111079f2b14e893,"{""distance"":5,""physical_error_rate"":5e-05}","{""detection_events"":19092,""detectors_checked"":87162880}"
    310272,         0,         0,    4.26,exact_mw,70a969f5042aec17ac076c6379f4170fb7c69b8e925756ef3b7334e28a33338b,"{""distance"":5,""physical_error_rate"":0.0001}","{""detection_events"":30989,""detectors_checked"":69500928}"
     57344,         0,         0,    2.20,exact_mw,cb12ae119b9b2ba18d0216e7235b403229e92fd0743ede48fe7f1a2c6f45d594,"{""distance"":5,""physical_error_rate"":0.0005}","{""detection_events"":27650,""detectors_checked"":12845056}"
    872448,         0,         0,    16.2,exact_mw,cdc4a450a40af8e24899239080e4c40992fb5baf91c5a31ab3a165eacb3a1ab3,"{""distance"":5,""physical_error_rate"":0.0002}","{""detection_events"":171537,""detectors_checked"":195428352}"
       768,         5,         0,    12.3,exact_mw,72230d8c06b5a71069df48ede6f7f3e6128cd83e8239dd1b2e5fe023578b6eb1,"{""distance"":5,""physical_error_rate"":0.01}","{""detection_events"":7207,""detectors_checked"":172032,""obs_mistake_mask=E"":5}"
    550912,         0,         0,    16.2,exact_mw,cdc4a450a40af8e24899239080e4c40992fb5baf91c5a31ab3a165eacb3a1ab3,"{""distance"":5,""physical_error_rate"":0.0002}","{""detection_events"":108450,""detectors_checked"":123404288}"
   1060864,         2,         0,    16.1,exact_mw,cb12ae119b9b2ba18d0216e7235b403229e92fd0743ede48fe7f1a2c6f45d594,"{""distance"":5,""physical_error_rate"":0.0005}","{""detection_events"":524017,""detectors_checked"":237633536,""obs_mistake_mask=E"":2}"
    102400,         8,         0,    16.4,exact_mw,3208f56225bbcac0e2804eb6f92d0a8b681652a702ca1ec920ccd7367f0e0899,"{""distance"":5,""physical_error_rate"":0.002}","{""detection_events"":199543,""detectors_checked"":22937600,""obs_mistake_mask=E"":8}"
      2432,         3,         0,    12.2,exact_mw,38b7ae1c4e8407fc325e0d9e43e9f92ff26dcb3f5cf7b98d24ea74c9e5188d39,"{""distance"":5,""physical_error_rate"":0.005}","{""detection_events"":11610,""detectors_checked"":544768,""obs_mistake_mask=E"":3}"
    545792,         0,         0,    16.3,exact_mw,70a969f5042aec17ac076c6379f4170fb7c69b8e925756ef3b7334e28a33338b,"{""distance"":5,""physical_error_rate"":0.0001}","{""detection_events"":54259,""detectors_checked"":122257408}"
       512,         5,         0,    2.87,exact_mw,72230d8c06b5a71069df48ede6f7f3e6128cd83e8239dd1b2e5fe023578b6eb1,"{""distance"":5,""physical_error_rate"":0.01}","{""detection_events"":4994,""detectors_checked"":114688,""obs_mistake_mask=E"":5}"
     45056,         0,         0,    2.18,exact_mw,bb90ec3459e353008cf9a5bb9142bf1e8515517a9e167021b225104594e48e8a,"{""distance"":5,""physical_error_rate"":0.001}","{""detection_events"":43961,""detectors_checked"":10092544}"
      2048,         3,         0,    1.74,exact_mw,3208f56225bbcac0e2804eb6f92d0a8b681652a702ca1ec920ccd7367f0e0899,"{""distance"":5,""physical_error_rate"":0.002}","{""detection_events"":4061,""detectors_checked"":458752,""obs_mistake_mask=E"":3}"
    335872,         2,         0,    16.3,exact_mw,bb90ec3459e353008cf9a5bb9142bf1e8515517a9e167021b225104594e48e8a,"{""distance"":5,""physical_error_rate"":0.001}","{""detection_events"":332131,""detectors_checked"":75235328,""obs_mistake_mask=E"":2}"
       256,         0,         0,    1.44,exact_mw,38b7ae1c4e8407fc325e0d9e43e9f92ff26dcb3f5cf7b98d24ea74c9e5188d39,"{""distance"":5,""physical_error_rate"":0.005}","{""detection_events"":1319,""detectors_checked"":57344}"
    132096,         0,         0,    4.27,exact_mw,70a969f5042aec17ac076c6379f4170fb7c69b8e925756ef3b7334e28a33338b,"{""distance"":5,""physical_error_rate"":0.0001}","{""detection_events"":12821,""detectors_checked"":29589504}"
     78848,         5,         0,    16.6,exact_mw,3208f56225bbcac0e2804eb6f92d0a8b681652a702ca1ec920ccd7367f0e0899,"{""distance"":5,""physical_error_rate"":0.002}","{""detection_events"":155056,""detectors_checked"":17661952,""obs_mistake_mask=E"":5}"
      3328,         2,         0,    17.2,exact_mw,38b7ae1c4e8407fc325e0d9e43e9f92ff26dcb3f5cf7b98d24ea74c9e5188d39,"{""distance"":5,""physical_error_rate"":0.005}","{""detection_events"":15786,""detectors_checked"":745472,""obs_mistake_mask=E"":2}"
      1536,         5,         0,    12.0,exact_mw,72230d8c06b5a71069df48ede6f7f3e6128cd83e8239dd1b2e5fe023578b6eb1,"{""distance"":5,""physical_error_rate"":0.01}","{""detection_events"":14337,""detectors_checked"":344064,""obs_mistake_mask=E"":5}"
     41984,         0,         0,    4.36,exact_mw,bb90ec3459e353008cf9a5bb9142bf1e8515517a9e167021b225104594e48e8a,"{""distance"":5,""physical_error_rate"":0.001}","{""detection_events"":41275,""detectors_checked"":9404416}"
     66560,         2,         0,    16.5,exact_mw,3208f56225bbcac0e2804eb6f92d0a8b681652a702ca1ec920ccd7367f0e0899,"{""distance"":5,""physical_error_rate"":0.002}","{""detection_events"":130124,""detectors_checked"":14909440,""obs_mistake_mask=E"":2}"
    192512,         0,         0,    2.13,exact_mw,cdc4a450a40af8e24899239080e4c40992fb5baf91c5a31ab3a165eacb3a1ab3,"{""distance"":5,""physical_error_rate"":0.0002}","{""detection_events"":38261,""detectors_checked"":43122688}"
    260096,         0,         0,    4.25,exact_mw,cdc4a450a40af8e24899239080e4c40992fb5baf91c5a31ab3a165eacb3a1ab3,"{""distance"":5,""physical_error_rate"":0.0002}","{""detection_events"":51015,""detectors_checked"":58261504}"
     24576,         0,         0,    16.4,exact_mw,3208f56225bbcac0e2804eb6f92d0a8b681652a702ca1ec920ccd7367f0e0899,"{""distance"":5,""physical_error_rate"":0.002}","{""detection_events"":48057,""detectors_checked"":5505024}"
      3584,         2,         0,    12.0,exact_mw,38b7ae1c4e8407fc325e0d9e43e9f92ff26dcb3f5cf7b98d24ea74c9e5188d39,"{""distance"":5,""physical_error_rate"":0.005}","{""detection_events"":16966,""detectors_checked"":802816,""obs_mistake_mask=E"":2}"
   1173504,         0,         0,    16.2,exact_mw,f32ebecd8e105e50ec838d33c5ed9b45444b6b44a3c6ac541111079f2b14e893,"{""distance"":5,""physical_error_rate"":5e-05}","{""detection_events"":57610,""detectors_checked"":262864896}"
    232448,         0,         0,    4.21,exact_mw,cb12ae119b9b2ba18d0216e7235b403229e92fd0743ede48fe7f1a2c6f45d594,"{""distance"":5,""physical_error_rate"":0.0005}","{""detection_events"":114456,""detectors_checked"":52068352}"
      2944,        23,         0,    11.8,exact_mw,72230d8c06b5a71069df48ede6f7f3e6128cd83e8239dd1b2e5fe023578b6eb1,"{""distance"":5,""physical_error_rate"":0.01}","{""detection_events"":27139,""detectors_checked"":659456,""obs_mistake_mask=E"":23}"
      5888,         9,         0,    12.2,exact_mw,38b7ae1c4e8407fc325e0d9e43e9f92ff26dcb3f5cf7b98d24ea74c9e5188d39,"{""distance"":5,""physical_error_rate"":0.005}","{""detection_events"":28169,""detectors_checked"":1318912,""obs_mistake_mask=E"":9}"
       384,         2,         0,    1.92,exact_mw,38b7ae1c4e8407fc325e0d9e43e9f92ff26dcb3f5cf7b98d24ea74c9e5188d39,"{""distance"":5,""physical_error_rate"":0.005}","{""detection_events"":1804,""detectors_checked"":86016,""obs_mistake_mask=E"":2}"
    234496,         1,         0,    11.7,exact_mw,bb90ec3459e353008cf9a5bb9142bf1e8515517a9e167021b225104594e48e8a,"{""distance"":5,""physical_error_rate"":0.001}","{""detection_events"":229313,""detectors_checked"":52527104,""obs_mistake_mask=E"":1}"
      3072,         1,         0,    2.24,exact_mw,3208f56225bbcac0e2804eb6f92d0a8b681652a702ca1ec920ccd7367f0e0899,"{""distance"":5,""physical_error_rate"":0.002}","{""detection_events"":5754,""detectors_checked"":688128,""obs_mistake_mask=E"":1}"
     51200,         0,         0,    3.08,exact_mw,cb12ae119b9b2ba18d0216e7235b403229e92fd0743ede48fe7f1a2c6f45d594,"{""distance"":5,""physical_error_rate"":0.0005}","{""detection_events"":25449,""detectors_checked"":11468800}"
     61440,         0,         0,    3.05,exact_mw,bb90ec3459e353008cf9a5bb9142bf1e8515517a9e167021b225104594e48e8a,"{""distance"":5,""physical_error_rate"":0.001}","{""detection_events"":60337,""detectors_checked"":13762560}"
     59392,         5,         0,    16.6,exact_mw,3208f56225bbcac0e2804eb6f92d0a8b681652a702ca1ec920ccd7367f0e0899,"{""distance"":5,""physical_error_rate"":0.002}","{""detection_events"":116410,""detectors_checked"":13303808,""obs_mistake_mask=E"":5}"
      7424,        12,         0,    16.5,exact_mw,38b7ae1c4e8407fc325e0d9e43e9f92ff26dcb3f5cf7b98d24ea74c9e5188d39,"{""distance"":5,""physical_error_rate"":0.005}","{""detection_events"":35556,""detectors_checked"":1662976,""obs_mistake_mask=E"":12}"
       800,         6,         0,    11.6,exact_mw,72230d8c06b5a71069df48ede6f7f3e6128cd83e8239dd1b2e5fe023578b6eb1,"{""distance"":5,""physical_error_rate"":0.01}","{""detection_events"":7348,""detectors_checked"":179200,""obs_mistake_mask=E"":6}"
       384,         3,         0,    3.50,exact_mw,72230d8c06b5a71069df48ede6f7f3e6128cd83e8239dd1b2e5fe023578b6eb1,"{""distance"":5,""physical_error_rate"":0.01}","{""detection_events"":3496,""detectors_checked"":86016,""obs_mistake_mask=E"":3}"
      7424,         8,         0,    16.7,exact_mw,38b7ae1c4e8407fc325e0d9e43e9f92ff26dcb3f5cf7b98d24ea74c9e5188d39,"{""distance"":5,""physical_error_rate"":0.005}","{""detection_events"":35380,""detectors_checked"":1662976,""obs_mistake_mask=E"":8}"
      8320,         3,         0,    16.9,exact_mw,38b7ae1c4e8407fc325e0d9e43e9f92ff26dcb3f5cf7b98d24ea74c9e5188d39,"{""distance"":5,""physical_error_rate"":0.005}","{""detection_events"":39792,""detectors_checked"":1863680,""obs_mistake_mask=E"":3}"
    274432,         0,         0,    3.02,exact_mw,cdc4a450a40af8e24899239080e4c40992fb5baf91c5a31ab3a165eacb3a1ab3,"{""distance"":5,""physical_error_rate"":0.0002}","{""detection_events"":53844,""detectors_checked"":61472768}"
      6144,         0,         0,    4.69,exact_mw,3208f56225bbcac0e2804eb6f92d0a8b681652a702ca1ec920ccd7367f0e0899,"{""distance"":5,""physical_error_rate"":0.002}","{""detection_events"":11974,""detectors_checked"":1376256}"
      3328,         4,         0,    16.5,exact_mw,38b7ae1c4e8407fc325e0d9e43e9f92ff26dcb3f5cf7b98d24ea74c9e5188d39,"{""distance"":5,""physical_error_rate"":0.005}","{""detection_events"":15626,""detectors_checked"":745472,""obs_mistake_mask=E"":4}"
      2688,         2,         0,    12.3,exact_mw,38b7ae1c4e8407fc325e0d9e43e9f92ff26dcb3f5cf7b98d24ea74c9e5188d39,"{""distance"":5,""physical_error_rate"":0.005}","{""detection_events"":12989,""detectors_checked"":602112,""obs_mistake_mask=E"":2}"
      2240,        17,         0,    16.6,exact_mw,72230d8c06b5a71069df48ede6f7f3e6128cd83e8239dd1b2e5fe023578b6eb1,"{""distance"":5,""physical_error_rate"":0.01}","{""detection_events"":20555,""detectors_checked"":501760,""obs_mistake_mask=E"":17}"
    357376,         0,         0,    5.89,exact_mw,f32ebecd8e105e50ec838d33c5ed9b45444b6b44a3c6ac541111079f2b14e893,"{""distance"":5,""physical_error_rate"":5e-05}","{""detection_events"":17473,""detectors_checked"":80052224}"
      9728,         8,         0,    17.1,exact_mw,38b7ae1c4e8407fc325e0d9e43e9f92ff26dcb3f5cf7b98d24ea74c9e5188d39,"{""distance"":5,""physical_error_rate"":0.005}","{""detection_events"":46487,""detectors_checked"":2179072,""obs_mistake_mask=E"":8}"
      7424,        10,         0,    16.7,exact_mw,38b7ae1c4e8407fc325e0d9e43e9f92ff26dcb3f5cf7b98d24ea74c9e5188d39,"{""distance"":5,""physical_error_rate"":0.005}","{""detection_events"":36177,""detectors_checked"":1662976,""obs_mistake_mask=E"":10}"
      3072,         0,         0,    2.30,exact_mw,3208f56225bbcac0e2804eb6f92d0a8b681652a702ca1ec920ccd7367f0e0899,"{""distance"":5,""physical_error_rate"":0.002}","{""detection_events"":5988,""detectors_checked"":688128}"
    678912,         0,         0,    16.3,exact_mw,cb12ae119b9b2ba18d0216e7235b403229e92fd0743ede48fe7f1a2c6f45d594,"{""distance"":5,""physical_error_rate"":0.0005}","{""detection_events"":334596,""detectors_checked"":152076288}"
       512,         2,         0,    2.55,exact_mw,38b7ae1c4e8407fc325e0d9e43e9f92ff26dcb3f5cf7b98d24ea74c9e5188d39,"{""distance"":5,""physical_error_rate"":0.005}","{""detection_events"":2446,""detectors_checked"":114688,""obs_mistake_mask=E"":2}"
   1935360,         0,         0,    16.0,exact_mw,f32ebecd8e105e50ec838d33c5ed9b45444b6b44a3c6ac541111079f2b14e893,"{""distance"":5,""physical_error_rate"":5e-05}","{""detection_events"":95244,""detectors_checked"":433520640}"
     46080,         5,         0,    11.9,exact_mw,3208f56225bbcac0e2804eb6f92d0a8b681652a702ca1ec920ccd7367f0e0899,"{""distance"":5,""physical_error_rate"":0.002}","{""detection_events"":90028,""detectors_checked"":10321920,""obs_mistake_mask=E"":5}"
    990208,         0,         0,    16.2,exact_mw,cdc4a450a40af8e24899239080e4c40992fb5baf91c5a31ab3a165eacb3a1ab3,"{""distance"":5,""physical_error_rate"":0.0002}","{""detection_events"":193923,""detectors_checked"":221806592}"
      3200,         2,         0,    16.5,exact_mw,38b7ae1c4e8407fc325e0d9e43e9f92ff26dcb3f5cf7b98d24ea74c9e5188d39,"{""distance"":5,""physical_error_rate"":0.005}","{""detection_events"":15664,""detectors_checked"":716800,""obs_mistake_mask=E"":2}"
   1080320,         0,         0,    16.3,exact_mw,cb12ae119b9b2ba18d0216e7235b403229e92fd0743ede48fe7f1a2c6f45d594,"{""distance"":5,""physical_error_rate"":0.0005}","{""detection_events"":530353,""detectors_checked"":241991680}"
    435200,         0,         0,    5.92,exact_mw,70a969f5042aec17ac076c6379f4170fb7c69b8e925756ef3b7334e28a33338b,"{""distance"":5,""physical_error_rate"":0.0001}","{""detection_events"":43096,""detectors_checked"":97484800}"
    544768,         0,         0,    5.97,exact_mw,f32ebecd8e105e50ec838d33c5ed9b45444b6b44a3c6ac541111079f2b14e893,"{""distance"":5,""physical_error_rate"":5e-05}","{""detection_events"":26720,""detectors_checked"":122028032}"
   1163264,         0,         0,    16.2,exact_mw,f32ebecd8e105e50ec838d33c5ed9b45444b6b44a3c6ac541111079f2b14e893,"{""distance"":5,""physical_error_rate"":5e-05}","{""detection_events"":57169,""detectors_checked"":260571136}"
   1076224,         0,         0,    16.2,exact_mw,f32ebecd8e105e50ec838d33c5ed9b45444b6b44a3c6ac541111079f2b14e893,"{""distance"":5,""physical_error_rate"":5e-05}","{""detection_events"":52660,""detectors_checked"":241074176}"
    596992,         4,         0,    16.2,exact_mw,bb90ec3459e353008cf9a5bb9142bf1e8515517a9e167021b225104594e48e8a,"{""distance"":5,""physical_error_rate"":0.001}","{""detection_events"":586982,""detectors_checked"":133726208,""obs_mistake_mask=E"":4}"
    288768,         0,         0,    16.3,exact_mw,bb90ec3459e353008cf9a5bb9142bf1e8515517a9e167021b225104594e48e8a,"{""distance"":5,""physical_error_rate"":0.001}","{""detection_events"":284080,""detectors_checked"":64684032}"
      1376,         9,         0,    17.0,exact_mw,72230d8c06b5a71069df48ede6f7f3e6128cd83e8239dd1b2e5fe023578b6eb1,"{""distance"":5,""physical_error_rate"":0.01}","{""detection_events"":12822,""detectors_checked"":308224,""obs_mistake_mask=E"":9}"
   1170432,         0,         0,    16.2,exact_mw,70a969f5042aec17ac076c6379f4170fb7c69b8e925756ef3b7334e28a33338b,"{""distance"":5,""physical_error_rate"":0.0001}","{""detection_events"":114381,""detectors_checked"":262176768}"
    325632,         5,         0,    16.3,exact_mw,bb90ec3459e353008cf9a5bb9142bf1e8515517a9e167021b225104594e48e8a,"{""distance"":5,""physical_error_rate"":0.001}","{""detection_events"":320476,""detectors_checked"":72941568,""obs_mistake_mask=E"":5}"
    536576,         0,         0,    16.4,exact_mw,f32ebecd8e105e50ec838d33c5ed9b45444b6b44a3c6ac541111079f2b14e893,"{""distance"":5,""physical_error_rate"":5e-05}","{""detection_events"":26526,""detectors_checked"":120193024}"
    193536,         0,         0,    5.95,exact_mw,70a969f5042aec17ac076c6379f4170fb7c69b8e925756ef3b7334e28a33338b,"{""distance"":5,""physical_error_rate"":0.0001}","{""detection_events"":18937,""detectors_checked"":43352064}"
   1436672,         0,         0,    16.2,exact_mw,cdc4a450a40af8e24899239080e4c40992fb5baf91c5a31ab3a165eacb3a1ab3,"{""distance"":5,""physical_error_rate"":0.0002}","{""detection_events"":283563,""detectors_checked"":321814528}"
    499712,         0,         0,    16.3,exact_mw,70a969f5042aec17ac076c6379f4170fb7c69b8e925756ef3b7334e28a33338b,"{""distance"":5,""physical_error_rate"":0.0001}","{""detection_events"":49953,""detectors_checked"":111935488}"
      2432,        33,         0,    16.9,exact_mw,72230d8c06b5a71069df48ede6f7f3e6128cd83e8239dd1b2e5fe023578b6eb1,"{""distance"":5,""physical_error_rate"":0.01}","{""detection_events"":22630,""detectors_checked"":544768,""obs_mistake_mask=E"":33}"
      2432,        15,         0,    17.0,exact_mw,72230d8c06b5a71069df48ede6f7f3e6128cd83e8239dd1b2e5fe023578b6eb1,"{""distance"":5,""physical_error_rate"":0.01}","{""detection_events"":23503,""detectors_checked"":544768,""obs_mistake_mask=E"":15}"
      2944,        21,         0,    12.1,exact_mw,72230d8c06b5a71069df48ede6f7f3e6128cd83e8239dd1b2e5fe023578b6eb1,"{""distance"":5,""physical_error_rate"":0.01}","{""detection_events"":27836,""detectors_checked"":659456,""obs_mistake_mask=E"":21}"
      1984,        14,         0,    17.0,exact_mw,72230d8c06b5a71069df48ede6f7f3e6128cd83e8239dd1b2e5fe023578b6eb1,"{""distance"":5,""physical_error_rate"":0.01}","{""detection_events"":18746,""detectors_checked"":444416,""obs_mistake_mask=E"":14}"
      1024,        12,         0,    17.1,exact_mw,72230d8c06b5a71069df48ede6f7f3e6128cd83e8239dd1b2e5fe023578b6eb1,"{""distance"":5,""physical_error_rate"":0.01}","{""detection_events"":9890,""detectors_checked"":229376,""obs_mistake_mask=E"":12}"
      3584,         4,         0,    17.0,exact_mw,38b7ae1c4e8407fc325e0d9e43e9f92ff26dcb3f5cf7b98d24ea74c9e5188d39,"{""distance"":5,""physical_error_rate"":0.005}","{""detection_events"":17156,""detectors_checked"":802816,""obs_mistake_mask=E"":4}"
     38912,         1,         0,    5.89,exact_mw,bb90ec3459e353008cf9a5bb9142bf1e8515517a9e167021b225104594e48e8a,"{""distance"":5,""physical_error_rate"":0.001}","{""detection_events"":37867,""detectors_checked"":8716288,""obs_mistake_mask=E"":1}"
     72704,         0,         0,    4.34,exact_mw,cb12ae119b9b2ba18d0216e7235b403229e92fd0743ede48fe7f1a2c6f45d594,"{""distance"":5,""physical_error_rate"":0.0005}","{""detection_events"":35353,""detectors_checked"":16285696}"
    365568,         0,         0,    5.89,exact_mw,cdc4a450a40af8e24899239080e4c40992fb5baf91c5a31ab3a165eacb3a1ab3,"{""distance"":5,""physical_error_rate"":0.0002}","{""detection_events"":72032,""detectors_checked"":81887232}"
     87040,         0,         0,    4.25,exact_mw,bb90ec3459e353008cf9a5bb9142bf1e8515517a9e167021b225104594e48e8a,"{""distance"":5,""physical_error_rate"":0.001}","{""detection_events"":85675,""detectors_checked"":19496960}"
   1176576,         0,         0,    16.3,exact_mw,cdc4a450a40af8e24899239080e4c40992fb5baf91c5a31ab3a165eacb3a1ab3,"{""distance"":5,""physical_error_rate"":0.0002}","{""detection_events"":232909,""detectors_checked"":263553024}"
    311296,         0,         0,    5.93,exact_mw,cb12ae119b9b2ba18d0216e7235b403229e92fd0743ede48fe7f1a2c6f45d594,"{""distance"":5,""physical_error_rate"":0.0005}","{""detection_events"":152559,""detectors_checked"":69730304}"
       448,         6,         0,    4.59,exact_mw,72230d8c06b5a71069df48ede6f7f3e6128cd83e8239dd1b2e5fe023578b6eb1,"{""distance"":5,""physical_error_rate"":0.01}","{""detection_events"":4264,""detectors_checked"":100352,""obs_mistake_mask=E"":6}"
       640,         0,         0,    3.31,exact_mw,38b7ae1c4e8407fc325e0d9e43e9f92ff26dcb3f5cf7b98d24ea74c9e5188d39,"{""distance"":5,""physical_error_rate"":0.005}","{""detection_events"":3062,""detectors_checked"":143360}"
    496640,         0,         0,    16.3,exact_mw,70a969f5042aec17ac076c6379f4170fb7c69b8e925756ef3b7334e28a33338b,"{""distance"":5,""physical_error_rate"":0.0001}","{""detection_events"":49132,""detectors_checked"":111247360}"
    381952,         0,         0,    4.25,exact_mw,cdc4a450a40af8e24899239080e4c40992fb5baf91c5a31ab3a165eacb3a1ab3,"{""distance"":5,""physical_error_rate"":0.0002}","{""detection_events"":75943,""detectors_checked"":85557248}"
   1189888,         0,         0,    16.2,exact_mw,f32ebecd8e105e50ec838d33c5ed9b45444b6b44a3c6ac541111079f2b14e893,"{""distance"":5,""physical_error_rate"":5e-05}","{""detection_events"":58598,""detectors_checked"":266534912}"
      4096,         0,         0,    3.71,exact_mw,3208f56225bbcac0e2804eb6f92d0a8b681652a702ca1ec920ccd7367f0e0899,"{""distance"":5,""physical_error_rate"":0.002}","{""detection_events"":8192,""detectors_checked"":917504}"
     65536,         6,         0,    16.6,exact_mw,3208f56225bbcac0e2804eb6f92d0a8b681652a702ca1ec920ccd7367f0e0899,"{""distance"":5,""physical_error_rate"":0.002}","{""detection_events"":127230,""detectors_checked"":14680064,""obs_mistake_mask=E"":6}"
    129024,         7,         0,    16.4,exact_mw,3208f56225bbcac0e2804eb6f92d0a8b681652a702ca1ec920ccd7367f0e0899,"{""distance"":5,""physical_error_rate"":0.002}","{""detection_events"":250669,""detectors_checked"":28901376,""obs_mistake_mask=E"":7}"
   1505280,         0,         0,    16.3,exact_mw,f32ebecd8e105e50ec838d33c5ed9b45444b6b44a3c6ac541111079f2b14e893,"{""distance"":5,""physical_error_rate"":5e-05}","{""detection_events"":73644,""detectors_checked"":337182720}"
     69632,         5,         0,    16.4,exact_mw,3208f56225bbcac0e2804eb6f92d0a8b681652a702ca1ec920ccd7367f0e0899,"{""distance"":5,""physical_error_rate"":0.002}","{""detection_events"":136504,""detectors_checked"":15597568,""obs_mistake_mask=E"":5}"
      3072,        22,         0,    16.9,exact_mw,72230d8c06b5a71069df48ede6f7f3e6128cd83e8239dd1b2e5fe023578b6eb1,"{""distance"":5,""physical_error_rate"":0.01}","{""detection_events"":28677,""detectors_checked"":688128,""obs_mistake_mask=E"":22}"
    409600,         2,         0,    16.3,exact_mw,bb90ec3459e353008cf9a5bb9142bf1e8515517a9e167021b225104594e48e8a,"{""distance"":5,""physical_error_rate"":0.001}","{""detection_events"":404292,""detectors_checked"":91750400,""obs_mistake_mask=E"":2}"
      8192,         0,         0,    6.39,exact_mw,3208f56225bbcac0e2804eb6f92d0a8b681652a702ca1ec920ccd7367f0e0899,"{""distance"":5,""physical_error_rate"":0.002}","{""detection_events"":15825,""detectors_checked"":1835008}"
      3072,        19,         0,    16.5,exact_mw,72230d8c06b5a71069df48ede6f7f3e6128cd83e8239dd1b2e5fe023578b6eb1,"{""distance"":5,""physical_error_rate"":0.01}","{""detection_events"":28620,""detectors_checked"":688128,""obs_mistake_mask=E"":19}"
    365568,         0,         0,    16.4,exact_mw,cb12ae119b9b2ba18d0216e7235b403229e92fd0743ede48fe7f1a2c6f45d594,"{""distance"":5,""physical_error_rate"":0.0005}","{""detection_events"":179380,""detectors_checked"":81887232}"
    839680,         1,         0,    16.2,exact_mw,cb12ae119b9b2ba18d0216e7235b403229e92fd0743ede48fe7f1a2c6f45d594,"{""distance"":5,""physical_error_rate"":0.0005}","{""detection_events"":413755,""detectors_checked"":188088320,""obs_mistake_mask=E"":1}"
    538624,         0,         0,    16.3,exact_mw,f32ebecd8e105e50ec838d33c5ed9b45444b6b44a3c6ac541111079f2b14e893,"{""distance"":5,""physical_error_rate"":5e-05}","{""detection_events"":26333,""detectors_checked"":120651776}"
     62464,         4,         0,    16.6,exact_mw,3208f56225bbcac0e2804eb6f92d0a8b681652a702ca1ec920ccd7367f0e0899,"{""distance"":5,""physical_error_rate"":0.002}","{""detection_events"":121462,""detectors_checked"":13991936,""obs_mistake_mask=E"":4}"
    492544,         0,         0,    16.3,exact_mw,70a969f5042aec17ac076c6379f4170fb7c69b8e925756ef3b7334e28a33338b,"{""distance"":5,""physical_error_rate"":0.0001}","{""detection_events"":48304,""detectors_checked"":110329856}"
   1050624,         0,         0,    8.31,exact_mw,f32ebecd8e105e50ec838d33c5ed9b45444b6b44a3c6ac541111079f2b14e893,"{""distance"":5,""physical_error_rate"":5e-05}","{""detection_events"":51666,""detectors_checked"":235339776}"
    101376,         0,         0,    5.83,exact_mw,cb12ae119b9b2ba18d0216e7235b403229e92fd0743ede48fe7f1a2c6f45d594,"{""distance"":5,""physical_error_rate"":0.0005}","{""detection_events"":50183,""detectors_checked"":22708224}"
      2432,        13,         0,    16.7,exact_mw,72230d8c06b5a71069df48ede6f7f3e6128cd83e8239dd1b2e5fe023578b6eb1,"{""distance"":5,""physical_error_rate"":0.01}","{""detection_events"":22901,""detectors_checked"":544768,""obs_mistake_mask=E"":13}"
   1155072,         0,         0,    16.2,exact_mw,cdc4a450a40af8e24899239080e4c40992fb5baf91c5a31ab3a165eacb3a1ab3,"{""distance"":5,""physical_error_rate"":0.0002}","{""detection_events"":228433,""detectors_checked"":258736128}"
      5120,         0,         0,    4.67,exact_mw,3208f56225bbcac0e2804eb6f92d0a8b681652a702ca1ec920ccd7367f0e0899,"{""distance"":5,""physical_error_rate"":0.002}","{""detection_events"":10518,""detectors_checked"":1146880}"
       896,         1,         0,    5.04,exact_mw,38b7ae1c4e8407fc325e0d9e43e9f92ff26dcb3f5cf7b98d24ea74c9e5188d39,"{""distance"":5,""physical_error_rate"":0.005}","{""detection_events"":4536,""detectors_checked"":200704,""obs_mistake_mask=E"":1}"
    117760,         1,         0,    5.95,exact_mw,bb90ec3459e353008cf9a5bb9142bf1e8515517a9e167021b225104594e48e8a,"{""distance"":5,""physical_error_rate"":0.001}","{""detection_events"":114955,""detectors_checked"":26378240,""obs_mistake_mask=E"":1}"
      4736,         3,         0,    17.0,exact_mw,38b7ae1c4e8407fc325e0d9e43e9f92ff26dcb3f5cf7b98d24ea74c9e5188d39,"{""distance"":5,""physical_error_rate"":0.005}","{""detection_events"":22818,""detectors_checked"":1060864,""obs_mistake_mask=E"":3}"
    530432,         0,         0,    16.4,exact_mw,70a969f5042aec17ac076c6379f4170fb7c69b8e925756ef3b7334e28a33338b,"{""distance"":5,""physical_error_rate"":0.0001}","{""detection_events"":52853,""detectors_checked"":118816768}"
    604160,         0,         0,    8.19,exact_mw,70a969f5042aec17ac076c6379f4170fb7c69b8e925756ef3b7334e28a33338b,"{""distance"":5,""physical_error_rate"":0.0001}","{""detection_events"":60744,""detectors_checked"":135331840}"
    760832,         0,         0,    8.28,exact_mw,f32ebecd8e105e50ec838d33c5ed9b45444b6b44a3c6ac541111079f2b14e893,"{""distance"":5,""physical_error_rate"":5e-05}","{""detection_events"":37874,""detectors_checked"":170426368}"
      3968,        31,         0,    16.6,exact_mw,72230d8c06b5a71069df48ede6f7f3e6128cd83e8239dd1b2e5fe023578b6eb1,"{""distance"":5,""physical_error_rate"":0.01}","{""detection_events"":37738,""detectors_checked"":888832,""obs_mistake_mask=E"":31}"
    424960,         0,         0,    5.92,exact_mw,cdc4a450a40af8e24899239080e4c40992fb5baf91c5a31ab3a165eacb3a1ab3,"{""distance"":5,""physical_error_rate"":0.0002}","{""detection_events"":84019,""detectors_checked"":95191040}"
       576,         2,         0,    6.52,exact_mw,72230d8c06b5a71069df48ede6f7f3e6128cd83e8239dd1b2e5fe023578b6eb1,"{""distance"":5,""physical_error_rate"":0.01}","{""detection_events"":5478,""detectors_checked"":129024,""obs_mistake_mask=E"":2}"
    250880,         0,         0,    8.34,exact_mw,70a969f5042aec17ac076c6379f4170fb7c69b8e925756ef3b7334e28a33338b,"{""distance"":5,""physical_error_rate"":0.0001}","{""detection_events"":24650,""detectors_checked"":56197120}"
     53248,         0,         0,    8.34,exact_mw,bb90ec3459e353008cf9a5bb9142bf1e8515517a9e167021b225104594e48e8a,"{""distance"":5,""physical_error_rate"":0.001}","{""detection_events"":51770,""detectors_checked"":11927552}"
    525312,         0,         0,    8.26,exact_mw,cdc4a450a40af8e24899239080e4c40992fb5baf91c5a31ab3a165eacb3a1ab3,"{""distance"":5,""physical_error_rate"":0.0002}","{""detection_events"":103611,""detectors_checked"":117669888}"
    420864,         0,         0,    22.9,exact_mw,cb12ae119b9b2ba18d0216e7235b403229e92fd0743ede48fe7f1a2c6f45d594,"{""distance"":5,""physical_error_rate"":0.0005}","{""detection_events"":207147,""detectors_checked"":94273536}"
    421888,         1,         0,    22.9,exact_mw,bb90ec3459e353008cf9a5bb9142bf1e8515517a9e167021b225104594e48e8a,"{""distance"":5,""physical_error_rate"":0.001}","{""detection_events"":413735,""detectors_checked"":94502912,""obs_mistake_mask=E"":1}"
   1213440,         1,         0,    22.7,exact_mw,cb12ae119b9b2ba18d0216e7235b403229e92fd0743ede48fe7f1a2c6f45d594,"{""distance"":5,""physical_error_rate"":0.0005}","{""detection_events"":599310,""detectors_checked"":271810560,""obs_mistake_mask=E"":1}"
    478208,         0,         0,    16.1,exact_mw,cdc4a450a40af8e24899239080e4c40992fb5baf91c5a31ab3a165eacb3a1ab3,"{""distance"":5,""physical_error_rate"":0.0002}","{""detection_events"":93958,""detectors_checked"":107118592}"
    440320,         0,         0,    8.31,exact_mw,cb12ae119b9b2ba18d0216e7235b403229e92fd0743ede48fe7f1a2c6f45d594,"{""distance"":5,""physical_error_rate"":0.0005}","{""detection_events"":215812,""detectors_checked"":98631680}"
     19456,        20,         0,    16.7,exact_mw,38b7ae1c4e8407fc325e0d9e43e9f92ff26dcb3f5cf7b98d24ea74c9e5188d39,"{""distance"":5,""physical_error_rate"":0.005}","{""detection_events"":92893,""detectors_checked"":4358144,""obs_mistake_mask=E"":20}"
       960,         5,         0,    16.6,exact_mw,72230d8c06b5a71069df48ede6f7f3e6128cd83e8239dd1b2e5fe023578b6eb1,"{""distance"":5,""physical_error_rate"":0.01}","{""detection_events"":8856,""detectors_checked"":215040,""obs_mistake_mask=E"":5}"
   1636352,         0,         0,    22.8,exact_mw,70a969f5042aec17ac076c6379f4170fb7c69b8e925756ef3b7334e28a33338b,"{""distance"":5,""physical_error_rate"":0.0001}","{""detection_events"":161317,""detectors_checked"":366542848}"
    179200,         0,         0,    22.7,exact_mw,bb90ec3459e353008cf9a5bb9142bf1e8515517a9e167021b225104594e48e8a,"{""distance"":5,""physical_error_rate"":0.001}","{""detection_events"":176955,""detectors_checked"":40140800}"
      2816,         2,         0,    16.6,exact_mw,38b7ae1c4e8407fc325e0d9e43e9f92ff26dcb3f5cf7b98d24ea74c9e5188d39,"{""distance"":5,""physical_error_rate"":0.005}","{""detection_events"":13478,""detectors_checked"":630784,""obs_mistake_mask=E"":2}"
   1559552,         0,         0,    22.6,exact_mw,cdc4a450a40af8e24899239080e4c40992fb5baf91c5a31ab3a165eacb3a1ab3,"{""distance"":5,""physical_error_rate"":0.0002}","{""detection_events"":306546,""detectors_checked"":349339648}"
      2432,        24,         0,    16.7,exact_mw,72230d8c06b5a71069df48ede6f7f3e6128cd83e8239dd1b2e5fe023578b6eb1,"{""distance"":5,""physical_error_rate"":0.01}","{""detection_events"":22944,""detectors_checked"":544768,""obs_mistake_mask=E"":24}"
   2091008,         0,         0,    22.7,exact_mw,f32ebecd8e105e50ec838d33c5ed9b45444b6b44a3c6ac541111079f2b14e893,"{""distance"":5,""physical_error_rate"":5e-05}","{""detection_events"":102409,""detectors_checked"":468385792}"
   1665024,         0,         0,    22.7,exact_mw,70a969f5042aec17ac076c6379f4170fb7c69b8e925756ef3b7334e28a33338b,"{""distance"":5,""physical_error_rate"":0.0001}","{""detection_events"":164279,""detectors_checked"":372965376}"
   1403904,         0,         0,    22.8,exact_mw,cb12ae119b9b2ba18d0216e7235b403229e92fd0743ede48fe7f1a2c6f45d594,"{""distance"":5,""physical_error_rate"":0.0005}","{""detection_events"":692780,""detectors_checked"":314474496}"
      2944,         3,         0,    17.0,exact_mw,38b7ae1c4e8407fc325e0d9e43e9f92ff26dcb3f5cf7b98d24ea74c9e5188d39,"{""distance"":5,""physical_error_rate"":0.005}","{""detection_events"":14384,""detectors_checked"":659456,""obs_mistake_mask=E"":3}"
      4224,        23,         0,    16.8,exact_mw,72230d8c06b5a71069df48ede6f7f3e6128cd83e8239dd1b2e5fe023578b6eb1,"{""distance"":5,""physical_error_rate"":0.01}","{""detection_events"":39317,""detectors_checked"":946176,""obs_mistake_mask=E"":23}"
      5376,         8,         0,    16.5,exact_mw,38b7ae1c4e8407fc325e0d9e43e9f92ff26dcb3f5cf7b98d24ea74c9e5188d39,"{""distance"":5,""physical_error_rate"":0.005}","{""detection_events"":26016,""detectors_checked"":1204224,""obs_mistake_mask=E"":8}"
    336896,         1,         0,    16.2,exact_mw,bb90ec3459e353008cf9a5bb9142bf1e8515517a9e167021b225104594e48e8a,"{""distance"":5,""physical_error_rate"":0.001}","{""detection_events"":329572,""detectors_checked"":75464704,""obs_mistake_mask=E"":1}"
   1524736,         0,         0,    22.7,exact_mw,cb12ae119b9b2ba18d0216e7235b403229e92fd0743ede48fe7f1a2c6f45d594,"{""distance"":5,""physical_error_rate"":0.0005}","{""detection_events"":747560,""detectors_checked"":341540864}"
   1153024,         0,         0,    22.5,exact_mw,f32ebecd8e105e50ec838d33c5ed9b45444b6b44a3c6ac541111079f2b14e893,"{""distance"":5,""physical_error_rate"":5e-05}","{""detection_events"":57411,""detectors_checked"":258277376}"
     14336,         0,         0,    8.41,exact_mw,3208f56225bbcac0e2804eb6f92d0a8b681652a702ca1ec920ccd7367f0e0899,"{""distance"":5,""physical_error_rate"":0.002}","{""detection_events"":27598,""detectors_checked"":3211264}"
    534528,         0,         0,    22.8,exact_mw,70a969f5042aec17ac076c6379f4170fb7c69b8e925756ef3b7334e28a33338b,"{""distance"":5,""physical_error_rate"":0.0001}","{""detection_events"":51986,""detectors_checked"":119734272}"
   1908736,         0,         0,    22.7,exact_mw,70a969f5042aec17ac076c6379f4170fb7c69b8e925756ef3b7334e28a33338b,"{""distance"":5,""physical_error_rate"":0.0001}","{""detection_events"":187793,""detectors_checked"":427556864}"
   3906560,         0,         0,    22.6,exact_mw,cdc4a450a40af8e24899239080e4c40992fb5baf91c5a31ab3a165eacb3a1ab3,"{""distance"":5,""physical_error_rate"":0.0002}","{""detection_events"":770392,""detectors_checked"":875069440}"
   3473408,         0,         0,    22.7,exact_mw,70a969f5042aec17ac076c6379f4170fb7c69b8e925756ef3b7334e28a33338b,"{""distance"":5,""physical_error_rate"":0.0001}","{""detection_events"":342172,""detectors_checked"":778043392}"
   2064384,         0,         0,    22.7,exact_mw,70a969f5042aec17ac076c6379f4170fb7c69b8e925756ef3b7334e28a33338b,"{""distance"":5,""physical_error_rate"":0.0001}","{""detection_events"":202910,""detectors_checked"":462422016}"
      7168,         0,         0,    6.36,exact_mw,3208f56225bbcac0e2804eb6f92d0a8b681652a702ca1ec920ccd7367f0e0899,"{""distance"":5,""physical_error_rate"":0.002}","{""detection_events"":13778,""detectors_checked"":1605632}"
       704,         2,         0,    16.4,exact_mw,72230d8c06b5a71069df48ede6f7f3e6128cd83e8239dd1b2e5fe023578b6eb1,"{""distance"":5,""physical_error_rate"":0.01}","{""detection_events"":6527,""detectors_checked"":157696,""obs_mistake_mask=E"":2}"
    237568,         3,         0,    22.9,exact_mw,bb90ec3459e353008cf9a5bb9142bf1e8515517a9e167021b225104594e48e8a,"{""distance"":5,""physical_error_rate"":0.001}","{""detection_events"":233235,""detectors_checked"":53215232,""obs_mistake_mask=E"":3}"
      1024,         3,         0,    6.61,exact_mw,38b7ae1c4e8407fc325e0d9e43e9f92ff26dcb3f5cf7b98d24ea74c9e5188d39,"{""distance"":5,""physical_error_rate"":0.005}","{""detection_events"":5181,""detectors_checked"":229376,""obs_mistake_mask=E"":3}"
   3782656,         0,         0,    22.7,exact_mw,f32ebecd8e105e50ec838d33c5ed9b45444b6b44a3c6ac541111079f2b14e893,"{""distance"":5,""physical_error_rate"":5e-05}","{""detection_events"":185248,""detectors_checked"":847314944}"
   1894400,         0,         0,    22.7,exact_mw,70a969f5042aec17ac076c6379f4170fb7c69b8e925756ef3b7334e28a33338b,"{""distance"":5,""physical_error_rate"":0.0001}","{""detection_events"":188520,""detectors_checked"":424345600}"
    521216,         0,         0,    22.8,exact_mw,bb90ec3459e353008cf9a5bb9142bf1e8515517a9e167021b225104594e48e8a,"{""distance"":5,""physical_error_rate"":0.001}","{""detection_events"":512183,""detectors_checked"":116752384}"
   1709056,         0,         0,    22.6,exact_mw,f32ebecd8e105e50ec838d33c5ed9b45444b6b44a3c6ac541111079f2b14e893,"{""distance"":5,""physical_error_rate"":5e-05}","{""detection_events"":84158,""detectors_checked"":382828544}"
   2285568,        16,         0,    22.8,exact_mw,bb90ec3459e353008cf9a5bb9142bf1e8515517a9e167021b225104594e48e8a,"{""distance"":5,""physical_error_rate"":0.001}","{""detection_events"":2244273,""detectors_checked"":511967232,""obs_mistake_mask=E"":16}"
   3951616,         0,         0,    22.7,exact_mw,f32ebecd8e105e50ec838d33c5ed9b45444b6b44a3c6ac541111079f2b14e893,"{""distance"":5,""physical_error_rate"":5e-05}","{""detection_events"":194863,""detectors_checked"":885161984}"
    495616,         0,         0,    22.9,exact_mw,cdc4a450a40af8e24899239080e4c40992fb5baf91c5a31ab3a165eacb3a1ab3,"{""distance"":5,""physical_error_rate"":0.0002}","{""detection_events"":97935,""detectors_checked"":111017984}"
   1610752,         0,         0,    22.6,exact_mw,cdc4a450a40af8e24899239080e4c40992fb5baf91c5a31ab3a165eacb3a1ab3,"{""distance"":5,""physical_error_rate"":0.0002}","{""detection_events"":316916,""detectors_checked"":360808448}"
    203776,         0,         0,    22.8,exact_mw,bb90ec3459e353008cf9a5bb9142bf1e8515517a9e167021b225104594e48e8a,"{""distance"":5,""physical_error_rate"":0.001}","{""detection_events"":199654,""detectors_checked"":45645824}"
    159744,        10,         0,    23.0,exact_mw,3208f56225bbcac0e2804eb6f92d0a8b681652a702ca1ec920ccd7367f0e0899,"{""distance"":5,""physical_error_rate"":0.002}","{""detection_events"":312564,""detectors_checked"":35782656,""obs_mistake_mask=E"":10}"
   1598464,         0,         0,    22.7,exact_mw,cdc4a450a40af8e24899239080e4c40992fb5baf91c5a31ab3a165eacb3a1ab3,"{""distance"":5,""physical_error_rate"":0.0002}","{""detection_events"":317148,""detectors_checked"":358055936}"
   1589248,         0,         0,    22.8,exact_mw,cdc4a450a40af8e24899239080e4c40992fb5baf91c5a31ab3a165eacb3a1ab3,"{""distance"":5,""physical_error_rate"":0.0002}","{""detection_events"":313731,""detectors_checked"":355991552}"
   1221632,         0,         0,    22.7,exact_mw,cb12ae119b9b2ba18d0216e7235b403229e92fd0743ede48fe7f1a2c6f45d594,"{""distance"":5,""physical_error_rate"":0.0005}","{""detection_events"":599259,""detectors_checked"":273645568}"
   1039360,         0,         0,    22.8,exact_mw,f32ebecd8e105e50ec838d33c5ed9b45444b6b44a3c6ac541111079f2b14e893,"{""distance"":5,""physical_error_rate"":5e-05}","{""detection_events"":50881,""detectors_checked"":232816640}"
   2720768,         0,         0,    22.7,exact_mw,cdc4a450a40af8e24899239080e4c40992fb5baf91c5a31ab3a165eacb3a1ab3,"{""distance"":5,""physical_error_rate"":0.0002}","{""detection_events"":537747,""detectors_checked"":609452032}"
    480256,         0,         0,    22.7,exact_mw,cb12ae119b9b2ba18d0216e7235b403229e92fd0743ede48fe7f1a2c6f45d594,"{""distance"":5,""physical_error_rate"":0.0005}","{""detection_events"":234160,""detectors_checked"":107577344}"
    468992,         4,         0,    22.9,exact_mw,bb90ec3459e353008cf9a5bb9142bf1e8515517a9e167021b225104594e48e8a,"{""distance"":5,""physical_error_rate"":0.001}","{""detection_events"":460899,""detectors_checked"":105054208,""obs_mistake_mask=E"":4}"
     62464,         1,         0,    23.3,exact_mw,3208f56225bbcac0e2804eb6f92d0a8b681652a702ca1ec920ccd7367f0e0899,"{""distance"":5,""physical_error_rate"":0.002}","{""detection_events"":120139,""detectors_checked"":13991936,""obs_mistake_mask=E"":1}"
   1211392,         0,         0,    22.8,exact_mw,cb12ae119b9b2ba18d0216e7235b403229e92fd0743ede48fe7f1a2c6f45d594,"{""distance"":5,""physical_error_rate"":0.0005}","{""detection_events"":595990,""detectors_checked"":271351808}"
      2944,         2,         0,    16.7,exact_mw,38b7ae1c4e8407fc325e0d9e43e9f92ff26dcb3f5cf7b98d24ea74c9e5188d39,"{""distance"":5,""physical_error_rate"":0.005}","{""detection_events"":14127,""detectors_checked"":659456,""obs_mistake_mask=E"":2}"
     95232,         4,         0,    22.9,exact_mw,3208f56225bbcac0e2804eb6f92d0a8b681652a702ca1ec920ccd7367f0e0899,"{""distance"":5,""physical_error_rate"":0.002}","{""detection_events"":185010,""detectors_checked"":21331968,""obs_mistake_mask=E"":4}"
    151552,         0,         0,    8.29,exact_mw,cb12ae119b9b2ba18d0216e7235b403229e92fd0743ede48fe7f1a2c6f45d594,"{""distance"":5,""physical_error_rate"":0.0005}","{""detection_events"":75099,""detectors_checked"":33947648}"
     67584,         4,         0,    16.5,exact_mw,3208f56225bbcac0e2804eb6f92d0a8b681652a702ca1ec920ccd7367f0e0899,"{""distance"":5,""physical_error_rate"":0.002}","{""detection_events"":132511,""detectors_checked"":15138816,""obs_mistake_mask=E"":4}"
    173056,         1,         0,    8.30,exact_mw,bb90ec3459e353008cf9a5bb9142bf1e8515517a9e167021b225104594e48e8a,"{""distance"":5,""physical_error_rate"":0.001}","{""detection_events"":169865,""detectors_checked"":38764544,""obs_mistake_mask=E"":1}"
    193536,         1,         0,    23.0,exact_mw,bb90ec3459e353008cf9a5bb9142bf1e8515517a9e167021b225104594e48e8a,"{""distance"":5,""physical_error_rate"":0.001}","{""detection_events"":189087,""detectors_checked"":43352064,""obs_mistake_mask=E"":1}"
   1838080,         0,         0,    22.8,exact_mw,70a969f5042aec17ac076c6379f4170fb7c69b8e925756ef3b7334e28a33338b,"{""distance"":5,""physical_error_rate"":0.0001}","{""detection_events"":180382,""detectors_checked"":411729920}"
   1929216,         1,         0,    22.5,exact_mw,cb12ae119b9b2ba18d0216e7235b403229e92fd0743ede48fe7f1a2c6f45d594,"{""distance"":5,""physical_error_rate"":0.0005}","{""detection_events"":949691,""detectors_checked"":432144384,""obs_mistake_mask=E"":1}"
    470016,         0,         0,    22.7,exact_mw,cb12ae119b9b2ba18d0216e7235b403229e92fd0743ede48fe7f1a2c6f45d594,"{""distance"":5,""physical_error_rate"":0.0005}","{""detection_events"":231286,""detectors_checked"":105283584}"
     96256,         3,         0,    23.2,exact_mw,3208f56225bbcac0e2804eb6f92d0a8b681652a702ca1ec920ccd7367f0e0899,"{""distance"":5,""physical_error_rate"":0.002}","{""detection_events"":186719,""detectors_checked"":21561344,""obs_mistake_mask=E"":3}"
    659456,         0,         0,    22.5,exact_mw,cdc4a450a40af8e24899239080e4c40992fb5baf91c5a31ab3a165eacb3a1ab3,"{""distance"":5,""physical_error_rate"":0.0002}","{""detection_events"":129641,""detectors_checked"":147718144}"
    715776,         0,         0,    22.6,exact_mw,cdc4a450a40af8e24899239080e4c40992fb5baf91c5a31ab3a165eacb3a1ab3,"{""distance"":5,""physical_error_rate"":0.0002}","{""detection_events"":141796,""detectors_checked"":160333824}"
   1505280,         1,         0,    22.8,exact_mw,cb12ae119b9b2ba18d0216e7235b403229e92fd0743ede48fe7f1a2c6f45d594,"{""distance"":5,""physical_error_rate"":0.0005}","{""detection_events"":740724,""detectors_checked"":337182720,""obs_mistake_mask=E"":1}"
    595968,         0,         0,    8.19,exact_mw,cdc4a450a40af8e24899239080e4c40992fb5baf91c5a31ab3a165eacb3a1ab3,"{""distance"":5,""physical_error_rate"":0.0002}","{""detection_events"":116862,""detectors_checked"":133496832}"
    148480,         8,         0,    22.9,exact_mw,3208f56225bbcac0e2804eb6f92d0a8b681652a702ca1ec920ccd7367f0e0899,"{""distance"":5,""physical_error_rate"":0.002}","{""detection_events"":290246,""detectors_checked"":33259520,""obs_mistake_mask=E"":8}"
    647168,         0,         0,    22.7,exact_mw,70a969f5042aec17ac076c6379f4170fb7c69b8e925756ef3b7334e28a33338b,"{""distance"":5,""physical_error_rate"":0.0001}","{""detection_events"":64156,""detectors_checked"":144965632}"
      2560,        18,         0,    16.5,exact_mw,72230d8c06b5a71069df48ede6f7f3e6128cd83e8239dd1b2e5fe023578b6eb1,"{""distance"":5,""physical_error_rate"":0.01}","{""detection_events"":23495,""detectors_checked"":573440,""obs_mistake_mask=E"":18}"
       544,         5,         0,    8.59,exact_mw,72230d8c06b5a71069df48ede6f7f3e6128cd83e8239dd1b2e5fe023578b6eb1,"{""distance"":5,""physical_error_rate"":0.01}","{""detection_events"":5031,""detectors_checked"":121856,""obs_mistake_mask=E"":5}"
    467968,         3,         0,    22.8,exact_mw,bb90ec3459e353008cf9a5bb9142bf1e8515517a9e167021b225104594e48e8a,"{""distance"":5,""physical_error_rate"":0.001}","{""detection_events"":457898,""detectors_checked"":104824832,""obs_mistake_mask=E"":3}"
    115712,         9,         0,    23.0,exact_mw,3208f56225bbcac0e2804eb6f92d0a8b681652a702ca1ec920ccd7367f0e0899,"{""distance"":5,""physical_error_rate"":0.002}","{""detection_events"":225960,""detectors_checked"":25919488,""obs_mistake_mask=E"":9}"
     90112,         8,         0,    23.0,exact_mw,3208f56225bbcac0e2804eb6f92d0a8b681652a702ca1ec920ccd7367f0e0899,"{""distance"":5,""physical_error_rate"":0.002}","{""detection_events"":176123,""detectors_checked"":20185088,""obs_mistake_mask=E"":8}"
     34816,         0,         0,    23.0,exact_mw,3208f56225bbcac0e2804eb6f92d0a8b681652a702ca1ec920ccd7367f0e0899,"{""distance"":5,""physical_error_rate"":0.002}","{""detection_events"":68173,""detectors_checked"":7798784}"
      4224,         4,         0,    23.5,exact_mw,38b7ae1c4e8407fc325e0d9e43e9f92ff26dcb3f5cf7b98d24ea74c9e5188d39,"{""distance"":5,""physical_error_rate"":0.005}","{""detection_events"":20741,""detectors_checked"":946176,""obs_mistake_mask=E"":4}"
   1669120,         0,         0,    22.6,exact_mw,f32ebecd8e105e50ec838d33c5ed9b45444b6b44a3c6ac541111079f2b14e893,"{""distance"":5,""physical_error_rate"":5e-05}","{""detection_events"":81603,""detectors_checked"":373882880}"
   2048000,         0,         0,    11.6,exact_mw,f32ebecd8e105e50ec838d33c5ed9b45444b6b44a3c6ac541111079f2b14e893,"{""distance"":5,""physical_error_rate"":5e-05}","{""detection_events"":101000,""detectors_checked"":458752000}"
    986112,         0,         0,    11.6,exact_mw,70a969f5042aec17ac076c6379f4170fb7c69b8e925756ef3b7334e28a33338b,"{""distance"":5,""physical_error_rate"":0.0001}","{""detection_events"":96338,""detectors_checked"":220889088}"
   1061888,         0,         0,    11.6,exact_mw,f32ebecd8e105e50ec838d33c5ed9b45444b6b44a3c6ac541111079f2b14e893,"{""distance"":5,""physical_error_rate"":5e-05}","{""detection_events"":52677,""detectors_checked"":237862912}"
     10752,        13,         0,    23.1,exact_mw,38b7ae1c4e8407fc325e0d9e43e9f92ff26dcb3f5cf7b98d24ea74c9e5188d39,"{""distance"":5,""physical_error_rate"":0.005}","{""detection_events"":51765,""detectors_checked"":2408448,""obs_mistake_mask=E"":13}"
     83968,         5,         0,    23.0,exact_mw,3208f56225bbcac0e2804eb6f92d0a8b681652a702ca1ec920ccd7367f0e0899,"{""distance"":5,""physical_error_rate"":0.002}","{""detection_events"":162809,""detectors_checked"":18808832,""obs_mistake_mask=E"":5}"
    259072,         0,         0,    11.6,exact_mw,70a969f5042aec17ac076c6379f4170fb7c69b8e925756ef3b7334e28a33338b,"{""distance"":5,""physical_error_rate"":0.0001}","{""detection_events"":25305,""detectors_checked"":58032128}"
      5440,         5,         0,    23.3,exact_mw,38b7ae1c4e8407fc325e0d9e43e9f92ff26dcb3f5cf7b98d24ea74c9e5188d39,"{""distance"":5,""physical_error_rate"":0.005}","{""detection_events"":26158,""detectors_checked"":1218560,""obs_mistake_mask=E"":5}"
     11776,         7,         0,    23.3,exact_mw,38b7ae1c4e8407fc325e0d9e43e9f92ff26dcb3f5cf7b98d24ea74c9e5188d39,"{""distance"":5,""physical_error_rate"":0.005}","{""detection_events"":56068,""detectors_checked"":2637824,""obs_mistake_mask=E"":7}"
     72704,         1,         0,    11.6,exact_mw,bb90ec3459e353008cf9a5bb9142bf1e8515517a9e167021b225104594e48e8a,"{""distance"":5,""physical_error_rate"":0.001}","{""detection_events"":71425,""detectors_checked"":16285696,""obs_mistake_mask=E"":1}"
    729088,         0,         0,    11.6,exact_mw,cdc4a450a40af8e24899239080e4c40992fb5baf91c5a31ab3a165eacb3a1ab3,"{""distance"":5,""physical_error_rate"":0.0002}","{""detection_events"":145134,""detectors_checked"":163315712}"
    621568,         0,         0,    11.6,exact_mw,cb12ae119b9b2ba18d0216e7235b403229e92fd0743ede48fe7f1a2c6f45d594,"{""distance"":5,""physical_error_rate"":0.0005}","{""detection_events"":305349,""detectors_checked"":139231232}"
      3968,         7,         0,    23.6,exact_mw,38b7ae1c4e8407fc325e0d9e43e9f92ff26dcb3f5cf7b98d24ea74c9e5188d39,"{""distance"":5,""physical_error_rate"":0.005}","{""detection_events"":19181,""detectors_checked"":888832,""obs_mistake_mask=E"":7}"
   1196032,         0,         0,    22.6,exact_mw,cb12ae119b9b2ba18d0216e7235b403229e92fd0743ede48fe7f1a2c6f45d594,"{""distance"":5,""physical_error_rate"":0.0005}","{""detection_events"":587117,""detectors_checked"":267911168}"
      3456,        25,         0,    23.4,exact_mw,72230d8c06b5a71069df48ede6f7f3e6128cd83e8239dd1b2e5fe023578b6eb1,"{""distance"":5,""physical_error_rate"":0.01}","{""detection_events"":31765,""detectors_checked"":774144,""obs_mistake_mask=E"":25}"
      1120,         7,         0,    21.8,exact_mw,72230d8c06b5a71069df48ede6f7f3e6128cd83e8239dd1b2e5fe023578b6eb1,"{""distance"":5,""physical_error_rate"":0.01}","{""detection_events"":10469,""detectors_checked"":250880,""obs_mistake_mask=E"":7}"
      2304,        15,         0,    9.40,exact_mw,72230d8c06b5a71069df48ede6f7f3e6128cd83e8239dd1b2e5fe023578b6eb1,"{""distance"":5,""physical_error_rate"":0.01}","{""detection_events"":21320,""detectors_checked"":516096,""obs_mistake_mask=E"":15}"
     10752,        11,         0,    23.4,exact_mw,38b7ae1c4e8407fc325e0d9e43e9f92ff26dcb3f5cf7b98d24ea74c9e5188d39,"{""distance"":5,""physical_error_rate"":0.005}","{""detection_events"":52018,""detectors_checked"":2408448,""obs_mistake_mask=E"":11}"
   2707456,         0,         0,    22.5,exact_mw,f32ebecd8e105e50ec838d33c5ed9b45444b6b44a3c6ac541111079f2b14e893,"{""distance"":5,""physical_error_rate"":5e-05}","{""detection_events"":133465,""detectors_checked"":606470144}"
       224,         0,         0,    4.87,exact_mw,72230d8c06b5a71069df48ede6f7f3e6128cd83e8239dd1b2e5fe023578b6eb1,"{""distance"":5,""physical_error_rate"":0.01}","{""detection_events"":2126,""detectors_checked"":50176}"
       512,         3,         0,    4.76,exact_mw,72230d8c06b5a71069df48ede6f7f3e6128cd83e8239dd1b2e5fe023578b6eb1,"{""distance"":5,""physical_error_rate"":0.01}","{""detection_events"":4732,""detectors_checked"":114688,""obs_mistake_mask=E"":3}"
     11776,        12,         0,    23.5,exact_mw,38b7ae1c4e8407fc325e0d9e43e9f92ff26dcb3f5cf7b98d24ea74c9e5188d39,"{""distance"":5,""physical_error_rate"":0.005}","{""detection_events"":56343,""detectors_checked"":2637824,""obs_mistake_mask=E"":12}"
   1396736,         0,         0,    22.5,exact_mw,cdc4a450a40af8e24899239080e4c40992fb5baf91c5a31ab3a165eacb3a1ab3,"{""distance"":5,""physical_error_rate"":0.0002}","{""detection_events"":276849,""detectors_checked"":312868864}"
      1024,         6,         0,    14.1,exact_mw,72230d8c06b5a71069df48ede6f7f3e6128cd83e8239dd1b2e5fe023578b6eb1,"{""distance"":5,""physical_error_rate"":0.01}","{""detection_events"":9369,""detectors_checked"":229376,""obs_mistake_mask=E"":6}"
      1120,        13,         0,    21.3,exact_mw,72230d8c06b5a71069df48ede6f7f3e6128cd83e8239dd1b2e5fe023578b6eb1,"{""distance"":5,""physical_error_rate"":0.01}","{""detection_events"":10648,""detectors_checked"":250880,""obs_mistake_mask=E"":13}"
      1504,         9,         0,    8.31,exact_mw,72230d8c06b5a71069df48ede6f7f3e6128cd83e8239dd1b2e5fe023578b6eb1,"{""distance"":5,""physical_error_rate"":0.01}","{""detection_events"":14013,""detectors_checked"":336896,""obs_mistake_mask=E"":9}"
      3200,        21,         0,    17.7,exact_mw,72230d8c06b5a71069df48ede6f7f3e6128cd83e8239dd1b2e5fe023578b6eb1,"{""distance"":5,""physical_error_rate"":0.01}","{""detection_events"":30323,""detectors_checked"":716800,""obs_mistake_mask=E"":21}"
      1440,         9,         0,    21.4,exact_mw,72230d8c06b5a71069df48ede6f7f3e6128cd83e8239dd1b2e5fe023578b6eb1,"{""distance"":5,""physical_error_rate"":0.01}","{""detection_events"":13746,""detectors_checked"":322560,""obs_mistake_mask=E"":9}"
        64,         0,         0,   0.402,exact_mw,72230d8c06b5a71069df48ede6f7f3e6128cd83e8239dd1b2e5fe023578b6eb1,"{""distance"":5,""physical_error_rate"":0.01}","{""detection_events"":659,""detectors_checked"":14336}"
      1920,         1,         0,    8.41,exact_mw,38b7ae1c4e8407fc325e0d9e43e9f92ff26dcb3f5cf7b98d24ea74c9e5188d39,"{""distance"":5,""physical_error_rate"":0.005}","{""detection_events"":9089,""detectors_checked"":430080,""obs_mistake_mask=E"":1}"
      4800,        33,         0,    21.7,exact_mw,72230d8c06b5a71069df48ede6f7f3e6128cd83e8239dd1b2e5fe023578b6eb1,"{""distance"":5,""physical_error_rate"":0.01}","{""detection_events"":44524,""detectors_checked"":1075200,""obs_mistake_mask=E"":33}"
       576,         4,         0,    12.2,exact_mw,72230d8c06b5a71069df48ede6f7f3e6128cd83e8239dd1b2e5fe023578b6eb1,"{""distance"":5,""physical_error_rate"":0.01}","{""detection_events"":5541,""detectors_checked"":129024,""obs_mistake_mask=E"":4}"
      3200,        24,         0,    17.3,exact_mw,72230d8c06b5a71069df48ede6f7f3e6128cd83e8239dd1b2e5fe023578b6eb1,"{""distance"":5,""physical_error_rate"":0.01}","{""detection_events"":29908,""detectors_checked"":716800,""obs_mistake_mask=E"":24}"
      1664,        11,         0,    10.9,exact_mw,72230d8c06b5a71069df48ede6f7f3e6128cd83e8239dd1b2e5fe023578b6eb1,"{""distance"":5,""physical_error_rate"":0.01}","{""detection_events"":15305,""detectors_checked"":372736,""obs_mistake_mask=E"":11}"
      2688,        12,         0,    15.4,exact_mw,72230d8c06b5a71069df48ede6f7f3e6128cd83e8239dd1b2e5fe023578b6eb1,"{""distance"":5,""physical_error_rate"":0.01}","{""detection_events"":25077,""detectors_checked"":602112,""obs_mistake_mask=E"":12}"
   1520640,         1,         0,    22.7,exact_mw,cb12ae119b9b2ba18d0216e7235b403229e92fd0743ede48fe7f1a2c6f45d594,"{""distance"":5,""physical_error_rate"":0.0005}","{""detection_events"":752236,""detectors_checked"":340623360,""obs_mistake_mask=E"":1}"
     14336,         1,         0,    8.97,exact_mw,3208f56225bbcac0e2804eb6f92d0a8b681652a702ca1ec920ccd7367f0e0899,"{""distance"":5,""physical_error_rate"":0.002}","{""detection_events"":28211,""detectors_checked"":3211264,""obs_mistake_mask=E"":1}"
   1686528,         0,         0,    22.6,exact_mw,f32ebecd8e105e50ec838d33c5ed9b45444b6b44a3c6ac541111079f2b14e893,"{""distance"":5,""physical_error_rate"":5e-05}","{""detection_events"":84284,""detectors_checked"":377782272}"
   1875968,         0,         0,    22.8,exact_mw,f32ebecd8e105e50ec838d33c5ed9b45444b6b44a3c6ac541111079f2b14e893,"{""distance"":5,""physical_error_rate"":5e-05}","{""detection_events"":92118,""detectors_checked"":420216832}"
      4736,         3,         0,    23.3,exact_mw,38b7ae1c4e8407fc325e0d9e43e9f92ff26dcb3f5cf7b98d24ea74c9e5188d39,"{""distance"":5,""physical_error_rate"":0.005}","{""detection_events"":22540,""detectors_checked"":1060864,""obs_mistake_mask=E"":3}"
    498688,         2,         0,    22.9,exact_mw,bb90ec3459e353008cf9a5bb9142bf1e8515517a9e167021b225104594e48e8a,"{""distance"":5,""physical_error_rate"":0.001}","{""detection_events"":490213,""detectors_checked"":111706112,""obs_mistake_mask=E"":2}"
      3200,        23,         0,    22.3,exact_mw,72230d8c06b5a71069df48ede6f7f3e6128cd83e8239dd1b2e5fe023578b6eb1,"{""distance"":5,""physical_error_rate"":0.01}","{""detection_events"":30243,""detectors_checked"":716800,""obs_mistake_mask=E"":23}"
    415744,         2,         0,    22.8,exact_mw,bb90ec3459e353008cf9a5bb9142bf1e8515517a9e167021b225104594e48e8a,"{""distance"":5,""physical_error_rate"":0.001}","{""detection_events"":409448,""detectors_checked"":93126656,""obs_mistake_mask=E"":2}"
   1632256,         0,         0,    22.6,exact_mw,70a969f5042aec17ac076c6379f4170fb7c69b8e925756ef3b7334e28a33338b,"{""distance"":5,""physical_error_rate"":0.0001}","{""detection_events"":160833,""detectors_checked"":365625344}"
    473088,         3,         0,    22.8,exact_mw,bb90ec3459e353008cf9a5bb9142bf1e8515517a9e167021b225104594e48e8a,"{""distance"":5,""physical_error_rate"":0.001}","{""detection_events"":463906,""detectors_checked"":105971712,""obs_mistake_mask=E"":3}"
    621568,         0,         0,    22.8,exact_mw,f32ebecd8e105e50ec838d33c5ed9b45444b6b44a3c6ac541111079f2b14e893,"{""distance"":5,""physical_error_rate"":5e-05}","{""detection_events"":30794,""detectors_checked"":139231232}"
    679936,         0,         0,    22.6,exact_mw,70a969f5042aec17ac076c6379f4170fb7c69b8e925756ef3b7334e28a33338b,"{""distance"":5,""physical_error_rate"":0.0001}","{""detection_events"":66725,""detectors_checked"":152305664}"
   2048000,         0,         0,    22.6,exact_mw,cdc4a450a40af8e24899239080e4c40992fb5baf91c5a31ab3a165eacb3a1ab3,"{""distance"":5,""physical_error_rate"":0.0002}","{""detection_events"":401537,""detectors_checked"":458752000}"
      5632,         6,         0,    22.9,exact_mw,38b7ae1c4e8407fc325e0d9e43e9f92ff26dcb3f5cf7b98d24ea74c9e5188d39,"{""distance"":5,""physical_error_rate"":0.005}","{""detection_events"":27189,""detectors_checked"":1261568,""obs_mistake_mask=E"":6}"
   1638400,         0,         0,    22.8,exact_mw,cdc4a450a40af8e24899239080e4c40992fb5baf91c5a31ab3a165eacb3a1ab3,"{""distance"":5,""physical_error_rate"":0.0002}","{""detection_events"":324903,""detectors_checked"":367001600}"
         1,         0,         0,   0.000,exact_mw,cdc4a450a40af8e24899239080e4c40992fb5baf91c5a31ab3a165eacb3a1ab3,"{""distance"":5,""physical_error_rate"":0.0002}","{""detectors_checked"":224}"
      4368,         0,         0,   0.027,exact_mw,cdc4a450a40af8e24899239080e4c40992fb5baf91c5a31ab3a165eacb3a1ab3,"{""distance"":5,""physical_error_rate"":0.0002}","{""detection_events"":822,""detectors_checked"":978432}"
      4096,         0,         0,   0.020,exact_mw,cdc4a450a40af8e24899239080e4c40992fb5baf91c5a31ab3a165eacb3a1ab3,"{""distance"":5,""physical_error_rate"":0.0002}","{""detection_events"":969,""detectors_checked"":917504}"
     56320,         0,         0,    11.9,exact_mw,3208f56225bbcac0e2804eb6f92d0a8b681652a702ca1ec920ccd7367f0e0899,"{""distance"":5,""physical_error_rate"":0.002}","{""detection_events"":109357,""detectors_checked"":12615680}"
      6144,         0,         0,   0.031,exact_mw,cdc4a450a40af8e24899239080e4c40992fb5baf91c5a31ab3a165eacb3a1ab3,"{""distance"":5,""physical_error_rate"":0.0002}","{""detection_events"":1262,""detectors_checked"":1376256}"
      8192,         0,         0,   0.036,exact_mw,cdc4a450a40af8e24899239080e4c40992fb5baf91c5a31ab3a165eacb3a1ab3,"{""distance"":5,""physical_error_rate"":0.0002}","{""detection_events"":1513,""detectors_checked"":1835008}"
      9216,         0,         0,   0.060,exact_mw,cdc4a450a40af8e24899239080e4c40992fb5baf91c5a31ab3a165eacb3a1ab3,"{""distance"":5,""physical_error_rate"":0.0002}","{""detection_events"":1790,""detectors_checked"":2064384}"
     12288,         0,         0,   0.075,exact_mw,cdc4a450a40af8e24899239080e4c40992fb5baf91c5a31ab3a165eacb3a1ab3,"{""distance"":5,""physical_error_rate"":0.0002}","{""detection_events"":2426,""detectors_checked"":2752512}"
     20480,         0,         0,   0.099,exact_mw,cdc4a450a40af8e24899239080e4c40992fb5baf91c5a31ab3a165eacb3a1ab3,"{""distance"":5,""physical_error_rate"":0.0002}","{""detection_events"":4124,""detectors_checked"":4587520}"
    745472,         0,         0,    22.5,exact_mw,70a969f5042aec17ac076c6379f4170fb7c69b8e925756ef3b7334e28a33338b,"{""distance"":5,""physical_error_rate"":0.0001}","{""detection_events"":74004,""detectors_checked"":166985728}"
     25600,         0,         0,   0.160,exact_mw,cdc4a450a40af8e24899239080e4c40992fb5baf91c5a31ab3a165eacb3a1ab3,"{""distance"":5,""physical_error_rate"":0.0002}","{""detection_events"":5093,""detectors_checked"":5734400}"
   1556480,         0,         0,    22.8,exact_mw,f32ebecd8e105e50ec838d33c5ed9b45444b6b44a3c6ac541111079f2b14e893,"{""distance"":5,""physical_error_rate"":5e-05}","{""detection_events"":76385,""detectors_checked"":348651520}"
     37888,         0,         0,   0.212,exact_mw,cdc4a450a40af8e24899239080e4c40992fb5baf91c5a31ab3a165eacb3a1ab3,"{""distance"":5,""physical_error_rate"":0.0002}","{""detection_events"":7425,""detectors_checked"":8486912}"
     92160,         6,         0,    23.2,exact_mw,3208f56225bbcac0e2804eb6f92d0a8b681652a702ca1ec920ccd7367f0e0899,"{""distance"":5,""physical_error_rate"":0.002}","{""detection_events"":179997,""detectors_checked"":20643840,""obs_mistake_mask=E"":6}"
     47104,         0,         0,   0.291,exact_mw,cdc4a450a40af8e24899239080e4c40992fb5baf91c5a31ab3a165eacb3a1ab3,"{""distance"":5,""physical_error_rate"":0.0002}","{""detection_events"":9259,""detectors_checked"":10551296}"
      1297,         0,         0,   0.022,exact_mw,70a969f5042aec17ac076c6379f4170fb7c69b8e925756ef3b7334e28a33338b,"{""distance"":5,""physical_error_rate"":0.0001}","{""detection_events"":152,""detectors_checked"":290528}"
      3072,         0,         0,   0.016,exact_mw,70a969f5042aec17ac076c6379f4170fb7c69b8e925756ef3b7334e28a33338b,"{""distance"":5,""physical_error_rate"":0.0001}","{""detection_events"":264,""detectors_checked"":688128}"
      4096,         0,         0,   0.029,exact_mw,70a969f5042aec17ac076c6379f4170fb7c69b8e925756ef3b7334e28a33338b,"{""distance"":5,""physical_error_rate"":0.0001}","{""detection_events"":377,""detectors_checked"":917504}"
      4096,         0,         0,   0.029,exact_mw,70a969f5042aec17ac076c6379f4170fb7c69b8e925756ef3b7334e28a33338b,"{""distance"":5,""physical_error_rate"":0.0001}","{""detection_events"":486,""detectors_checked"":917504}"
      5120,         0,         0,   0.032,exact_mw,70a969f5042aec17ac076c6379f4170fb7c69b8e925756ef3b7334e28a33338b,"{""distance"":5,""physical_error_rate"":0.0001}","{""detection_events"":608,""detectors_checked"":1146880}"
      6144,         0,         0,   0.051,exact_mw,70a969f5042aec17ac076c6379f4170fb7c69b8e925756ef3b7334e28a33338b,"{""distance"":5,""physical_error_rate"":0.0001}","{""detection_events"":575,""detectors_checked"":1376256}"
     10240,         0,         0,   0.085,exact_mw,70a969f5042aec17ac076c6379f4170fb7c69b8e925756ef3b7334e28a33338b,"{""distance"":5,""physical_error_rate"":0.0001}","{""detection_events"":1056,""detectors_checked"":2293760}"
     69632,         0,         0,   0.407,exact_mw,cdc4a450a40af8e24899239080e4c40992fb5baf91c5a31ab3a165eacb3a1ab3,"{""distance"":5,""physical_error_rate"":0.0002}","{""detection_events"":13781,""detectors_checked"":15597568}"
     14336,         0,         0,   0.113,exact_mw,70a969f5042aec17ac076c6379f4170fb7c69b8e925756ef3b7334e28a33338b,"{""distance"":5,""physical_error_rate"":0.0001}","{""detection_events"":1472,""detectors_checked"":3211264}"
     18432,         0,         0,   0.152,exact_mw,70a969f5042aec17ac076c6379f4170fb7c69b8e925756ef3b7334e28a33338b,"{""distance"":5,""physical_error_rate"":0.0001}","{""detection_events"":1720,""detectors_checked"":4128768}"
    177152,        10,         0,    23.1,exact_mw,3208f56225bbcac0e2804eb6f92d0a8b681652a702ca1ec920ccd7367f0e0899,"{""distance"":5,""physical_error_rate"":0.002}","{""detection_events"":344537,""detectors_checked"":39682048,""obs_mistake_mask=E"":10}"
      2321,         0,         0,   0.032,exact_mw,cb12ae119b9b2ba18d0216e7235b403229e92fd0743ede48fe7f1a2c6f45d594,"{""distance"":5,""physical_error_rate"":0.0005}","{""detection_events"":1178,""detectors_checked"":519904}"
   1977344,         0,         0,    22.7,exact_mw,f32ebecd8e105e50ec838d33c5ed9b45444b6b44a3c6ac541111079f2b14e893,"{""distance"":5,""physical_error_rate"":5e-05}","{""detection_events"":98061,""detectors_checked"":442925056}"
      1024,         0,         0,   0.025,exact_mw,cb12ae119b9b2ba18d0216e7235b403229e92fd0743ede48fe7f1a2c6f45d594,"{""distance"":5,""physical_error_rate"":0.0005}","{""detection_events"":583,""detectors_checked"":229376}"
      2048,         0,         0,   0.007,exact_mw,cb12ae119b9b2ba18d0216e7235b403229e92fd0743ede48fe7f1a2c6f45d594,"{""distance"":5,""physical_error_rate"":0.0005}","{""detection_events"":1052,""detectors_checked"":458752}"
     21504,         0,         0,   0.221,exact_mw,70a969f5042aec17ac076c6379f4170fb7c69b8e925756ef3b7334e28a33338b,"{""distance"":5,""physical_error_rate"":0.0001}","{""detection_events"":2048,""detectors_checked"":4816896}"
      2048,         0,         0,   0.028,exact_mw,cb12ae119b9b2ba18d0216e7235b403229e92fd0743ede48fe7f1a2c6f45d594,"{""distance"":5,""physical_error_rate"":0.0005}","{""detection_events"":886,""detectors_checked"":458752}"
      2048,         0,         0,   0.042,exact_mw,cb12ae119b9b2ba18d0216e7235b403229e92fd0743ede48fe7f1a2c6f45d594,"{""distance"":5,""physical_error_rate"":0.0005}","{""detection_events"":975,""detectors_checked"":458752}"
       273,         0,         0,   0.022,exact_mw,70a969f5042aec17ac076c6379f4170fb7c69b8e925756ef3b7334e28a33338b,"{""distance"":5,""physical_error_rate"":0.0001}","{""detection_events"":32,""detectors_checked"":61152}"
      5120,         0,         0,   0.073,exact_mw,cb12ae119b9b2ba18d0216e7235b403229e92fd0743ede48fe7f1a2c6f45d594,"{""distance"":5,""physical_error_rate"":0.0005}","{""detection_events"":2479,""detectors_checked"":1146880}"
      3072,         0,         0,   0.029,exact_mw,70a969f5042aec17ac076c6379f4170fb7c69b8e925756ef3b7334e28a33338b,"{""distance"":5,""physical_error_rate"":0.0001}","{""detection_events"":281,""detectors_checked"":688128}"
      2048,         0,         0,   0.027,exact_mw,70a969f5042aec17ac076c6379f4170fb7c69b8e925756ef3b7334e28a33338b,"{""distance"":5,""physical_error_rate"":0.0001}","{""detection_events"":242,""detectors_checked"":458752}"
     90112,         0,         0,   0.550,exact_mw,cdc4a450a40af8e24899239080e4c40992fb5baf91c5a31ab3a165eacb3a1ab3,"{""distance"":5,""physical_error_rate"":0.0002}","{""detection_events"":17797,""detectors_checked"":20185088}"
      3072,         0,         0,   0.029,exact_mw,70a969f5042aec17ac076c6379f4170fb7c69b8e925756ef3b7334e28a33338b,"{""distance"":5,""physical_error_rate"":0.0001}","{""detection_events"":360,""detectors_checked"":688128}"
      5120,         0,         0,   0.082,exact_mw,cb12ae119b9b2ba18d0216e7235b403229e92fd0743ede48fe7f1a2c6f45d594,"{""distance"":5,""physical_error_rate"":0.0005}","{""detection_events"":2356,""detectors_checked"":1146880}"
      5120,         0,         0,   0.056,exact_mw,70a969f5042aec17ac076c6379f4170fb7c69b8e925756ef3b7334e28a33338b,"{""distance"":5,""physical_error_rate"":0.0001}","{""detection_events"":482,""detectors_checked"":1146880}"
     27648,         0,         0,   0.307,exact_mw,70a969f5042aec17ac076c6379f4170fb7c69b8e925756ef3b7334e28a33338b,"{""distance"":5,""physical_error_rate"":0.0001}","{""detection_events"":2759,""detectors_checked"":6193152}"
      5120,         0,         0,   0.056,exact_mw,70a969f5042aec17ac076c6379f4170fb7c69b8e925756ef3b7334e28a33338b,"{""distance"":5,""physical_error_rate"":0.0001}","{""detection_events"":416,""detectors_checked"":1146880}"
      7168,         0,         0,   0.111,exact_mw,cb12ae119b9b2ba18d0216e7235b403229e92fd0743ede48fe7f1a2c6f45d594,"{""distance"":5,""physical_error_rate"":0.0005}","{""detection_events"":3576,""detectors_checked"":1605632}"
      7168,         0,         0,   0.082,exact_mw,70a969f5042aec17ac076c6379f4170fb7c69b8e925756ef3b7334e28a33338b,"{""distance"":5,""physical_error_rate"":0.0001}","{""detection_events"":617,""detectors_checked"":1605632}"
      1297,         0,         0,   0.057,exact_mw,bb90ec3459e353008cf9a5bb9142bf1e8515517a9e167021b225104594e48e8a,"{""distance"":5,""physical_error_rate"":0.001}","{""detection_events"":1288,""detectors_checked"":290528}"
       273,         0,         0,   0.022,exact_mw,f32ebecd8e105e50ec838d33c5ed9b45444b6b44a3c6ac541111079f2b14e893,"{""distance"":5,""physical_error_rate"":5e-05}","{""detection_events"":4,""detectors_checked"":61152}"
      1024,         0,         0,   0.029,exact_mw,bb90ec3459e353008cf9a5bb9142bf1e8515517a9e167021b225104594e48e8a,"{""distance"":5,""physical_error_rate"":0.001}","{""detection_events"":1025,""detectors_checked"":229376}"
      3072,         0,         0,   0.029,exact_mw,f32ebecd8e105e50ec838d33c5ed9b45444b6b44a3c6ac541111079f2b14e893,"{""distance"":5,""physical_error_rate"":5e-05}","{""detection_events"":106,""detectors_checked"":688128}"
       273,         0,         0,   0.024,exact_mw,bb90ec3459e353008cf9a5bb9142bf1e8515517a9e167021b225104594e48e8a,"{""distance"":5,""physical_error_rate"":0.001}","{""detection_events"":265,""detectors_checked"":61152}"
      2048,         0,         0,   0.027,exact_mw,f32ebecd8e105e50ec838d33c5ed9b45444b6b44a3c6ac541111079f2b14e893,"{""distance"":5,""physical_error_rate"":5e-05}","{""detection_events"":118,""detectors_checked"":458752}"
    430080,         1,         0,    11.5,exact_mw,cb12ae119b9b2ba18d0216e7235b403229e92fd0743ede48fe7f1a2c6f45d594,"{""distance"":5,""physical_error_rate"":0.0005}","{""detection_events"":211120,""detectors_checked"":96337920,""obs_mistake_mask=E"":1}"
      1024,         0,         0,   0.033,exact_mw,bb90ec3459e353008cf9a5bb9142bf1e8515517a9e167021b225104594e48e8a,"{""distance"":5,""physical_error_rate"":0.001}","{""detection_events"":1087,""detectors_checked"":229376}"
      1024,         0,         0,   0.053,exact_mw,bb90ec3459e353008cf9a5bb9142bf1e8515517a9e167021b225104594e48e8a,"{""distance"":5,""physical_error_rate"":0.001}","{""detection_events"":1050,""detectors_checked"":229376}"
      3072,         0,         0,   0.030,exact_mw,f32ebecd8e105e50ec838d33c5ed9b45444b6b44a3c6ac541111079f2b14e893,"{""distance"":5,""physical_error_rate"":5e-05}","{""detection_events"":166,""detectors_checked"":688128}"
     11264,         0,         0,   0.168,exact_mw,cb12ae119b9b2ba18d0216e7235b403229e92fd0743ede48fe7f1a2c6f45d594,"{""distance"":5,""physical_error_rate"":0.0005}","{""detection_events"":5363,""detectors_checked"":2523136}"
     10240,         0,         0,   0.112,exact_mw,70a969f5042aec17ac076c6379f4170fb7c69b8e925756ef3b7334e28a33338b,"{""distance"":5,""physical_error_rate"":0.0001}","{""detection_events"":1079,""detectors_checked"":2293760}"
      1024,         0,         0,   0.028,exact_mw,bb90ec3459e353008cf9a5bb9142bf1e8515517a9e167021b225104594e48e8a,"{""distance"":5,""physical_error_rate"":0.001}","{""detection_events"":1039,""detectors_checked"":229376}"
      5120,         0,         0,   0.056,exact_mw,f32ebecd8e105e50ec838d33c5ed9b45444b6b44a3c6ac541111079f2b14e893,"{""distance"":5,""physical_error_rate"":5e-05}","{""detection_events"":241,""detectors_checked"":1146880}"
    198656,        13,         0,    22.9,exact_mw,3208f56225bbcac0e2804eb6f92d0a8b681652a702ca1ec920ccd7367f0e0899,"{""distance"":5,""physical_error_rate"":0.002}","{""detection_events"":390502,""detectors_checked"":44498944,""obs_mistake_mask=E"":13}"
      1024,         0,         0,   0.081,exact_mw,bb90ec3459e353008cf9a5bb9142bf1e8515517a9e167021b225104594e48e8a,"{""distance"":5,""physical_error_rate"":0.001}","{""detection_events"":1050,""detectors_checked"":229376}"
      2048,         0,         0,   0.074,exact_mw,bb90ec3459e353008cf9a5bb9142bf1e8515517a9e167021b225104594e48e8a,"{""distance"":5,""physical_error_rate"":0.001}","{""detection_events"":1964,""detectors_checked"":458752}"
      5120,         0,         0,   0.056,exact_mw,f32ebecd8e105e50ec838d33c5ed9b45444b6b44a3c6ac541111079f2b14e893,"{""distance"":5,""physical_error_rate"":5e-05}","{""detection_events"":270,""detectors_checked"":1146880}"
      2048,         0,         0,   0.056,exact_mw,bb90ec3459e353008cf9a5bb9142bf1e8515517a9e167021b225104594e48e8a,"{""distance"":5,""physical_error_rate"":0.001}","{""detection_events"":2034,""detectors_checked"":458752}"
      2048,         0,         0,   0.059,exact_mw,bb90ec3459e353008cf9a5bb9142bf1e8515517a9e167021b225104594e48e8a,"{""distance"":5,""physical_error_rate"":0.001}","{""detection_events"":1783,""detectors_checked"":458752}"
     14336,         0,         0,   0.166,exact_mw,70a969f5042aec17ac076c6379f4170fb7c69b8e925756ef3b7334e28a33338b,"{""distance"":5,""physical_error_rate"":0.0001}","{""detection_events"":1272,""detectors_checked"":3211264}"
      1024,         0,         0,   0.053,exact_mw,bb90ec3459e353008cf9a5bb9142bf1e8515517a9e167021b225104594e48e8a,"{""distance"":5,""physical_error_rate"":0.001}","{""detection_events"":1081,""detectors_checked"":229376}"
      7168,         0,         0,   0.083,exact_mw,f32ebecd8e105e50ec838d33c5ed9b45444b6b44a3c6ac541111079f2b14e893,"{""distance"":5,""physical_error_rate"":5e-05}","{""detection_events"":384,""detectors_checked"":1605632}"
     14336,         0,         0,   0.220,exact_mw,cb12ae119b9b2ba18d0216e7235b403229e92fd0743ede48fe7f1a2c6f45d594,"{""distance"":5,""physical_error_rate"":0.0005}","{""detection_events"":6852,""detectors_checked"":3211264}"
     37888,         0,         0,   0.398,exact_mw,70a969f5042aec17ac076c6379f4170fb7c69b8e925756ef3b7334e28a33338b,"{""distance"":5,""physical_error_rate"":0.0001}","{""detection_events"":3689,""detectors_checked"":8486912}"
      2048,         0,         0,   0.085,exact_mw,bb90ec3459e353008cf9a5bb9142bf1e8515517a9e167021b225104594e48e8a,"{""distance"":5,""physical_error_rate"":0.001}","{""detection_events"":2090,""detectors_checked"":458752}"
      2048,         0,         0,   0.061,exact_mw,bb90ec3459e353008cf9a5bb9142bf1e8515517a9e167021b225104594e48e8a,"{""distance"":5,""physical_error_rate"":0.001}","{""detection_events"":1813,""detectors_checked"":458752}"
    589824,         1,         0,    22.8,exact_mw,bb90ec3459e353008cf9a5bb9142bf1e8515517a9e167021b225104594e48e8a,"{""distance"":5,""physical_error_rate"":0.001}","{""detection_events"":581633,""detectors_checked"":132120576,""obs_mistake_mask=E"":1}"
      9216,         0,         0,   0.110,exact_mw,f32ebecd8e105e50ec838d33c5ed9b45444b6b44a3c6ac541111079f2b14e893,"{""distance"":5,""physical_error_rate"":5e-05}","{""detection_events"":414,""detectors_checked"":2064384}"
      2048,         0,         0,   0.108,exact_mw,bb90ec3459e353008cf9a5bb9142bf1e8515517a9e167021b225104594e48e8a,"{""distance"":5,""physical_error_rate"":0.001}","{""detection_events"":1888,""detectors_checked"":458752}"
      2048,         0,         0,   0.110,exact_mw,bb90ec3459e353008cf9a5bb9142bf1e8515517a9e167021b225104594e48e8a,"{""distance"":5,""physical_error_rate"":0.001}","{""detection_events"":1884,""detectors_checked"":458752}"
    261120,         0,         0,    11.6,exact_mw,bb90ec3459e353008cf9a5bb9142bf1e8515517a9e167021b225104594e48e8a,"{""distance"":5,""physical_error_rate"":0.001}","{""detection_events"":254834,""detectors_checked"":58490880}"
     20480,         0,         0,   0.225,exact_mw,70a969f5042aec17ac076c6379f4170fb7c69b8e925756ef3b7334e28a33338b,"{""distance"":5,""physical_error_rate"":0.0001}","{""detection_events"":2019,""detectors_checked"":4587520}"
      1297,         0,         0,   0.027,exact_mw,cb12ae119b9b2ba18d0216e7235b403229e92fd0743ede48fe7f1a2c6f45d594,"{""distance"":5,""physical_error_rate"":0.0005}","{""detection_events"":628,""detectors_checked"":290528}"
      1024,         0,         0,   0.007,exact_mw,cb12ae119b9b2ba18d0216e7235b403229e92fd0743ede48fe7f1a2c6f45d594,"{""distance"":5,""physical_error_rate"":0.0005}","{""detection_events"":460,""detectors_checked"":229376}"
      1024,         0,         0,   0.026,exact_mw,cb12ae119b9b2ba18d0216e7235b403229e92fd0743ede48fe7f1a2c6f45d594,"{""distance"":5,""physical_error_rate"":0.0005}","{""detection_events"":491,""detectors_checked"":229376}"
      3072,         0,         0,   0.117,exact_mw,bb90ec3459e353008cf9a5bb9142bf1e8515517a9e167021b225104594e48e8a,"{""distance"":5,""physical_error_rate"":0.001}","{""detection_events"":2990,""detectors_checked"":688128}"
     15360,         0,         0,   0.168,exact_mw,f32ebecd8e105e50ec838d33c5ed9b45444b6b44a3c6ac541111079f2b14e893,"{""distance"":5,""physical_error_rate"":5e-05}","{""detection_events"":608,""detectors_checked"":3440640}"
    135168,         0,         0,   0.801,exact_mw,cdc4a450a40af8e24899239080e4c40992fb5baf91c5a31ab3a165eacb3a1ab3,"{""distance"":5,""physical_error_rate"":0.0002}","{""detection_events"":26550,""detectors_checked"":30277632}"
      3072,         0,         0,   0.028,exact_mw,cb12ae119b9b2ba18d0216e7235b403229e92fd0743ede48fe7f1a2c6f45d594,"{""distance"":5,""physical_error_rate"":0.0005}","{""detection_events"":1500,""detectors_checked"":688128}"
     20480,         0,         0,   0.310,exact_mw,cb12ae119b9b2ba18d0216e7235b403229e92fd0743ede48fe7f1a2c6f45d594,"{""distance"":5,""physical_error_rate"":0.0005}","{""detection_events"":10064,""detectors_checked"":4587520}"
      4096,         0,         0,   0.196,exact_mw,bb90ec3459e353008cf9a5bb9142bf1e8515517a9e167021b225104594e48e8a,"{""distance"":5,""physical_error_rate"":0.001}","{""detection_events"":4052,""detectors_checked"":917504}"
      3072,         0,         0,   0.055,exact_mw,cb12ae119b9b2ba18d0216e7235b403229e92fd0743ede48fe7f1a2c6f45d594,"{""distance"":5,""physical_error_rate"":0.0005}","{""detection_events"":1516,""detectors_checked"":688128}"
      4096,         0,         0,   0.063,exact_mw,cb12ae119b9b2ba18d0216e7235b403229e92fd0743ede48fe7f1a2c6f45d594,"{""distance"":5,""physical_error_rate"":0.0005}","{""detection_events"":1947,""detectors_checked"":917504}"
         1,         0,         0,   0.000,exact_mw,38b7ae1c4e8407fc325e0d9e43e9f92ff26dcb3f5cf7b98d24ea74c9e5188d39,"{""distance"":5,""physical_error_rate"":0.005}","{""detection_events"":1,""detectors_checked"":224}"
        16,         0,         0,   0.021,exact_mw,38b7ae1c4e8407fc325e0d9e43e9f92ff26dcb3f5cf7b98d24ea74c9e5188d39,"{""distance"":5,""physical_error_rate"":0.005}","{""detection_events"":53,""detectors_checked"":3584}"
      4096,         0,         0,   0.189,exact_mw,bb90ec3459e353008cf9a5bb9142bf1e8515517a9e167021b225104594e48e8a,"{""distance"":5,""physical_error_rate"":0.001}","{""detection_events"":4189,""detectors_checked"":917504}"
     20480,         0,         0,   0.209,exact_mw,f32ebecd8e105e50ec838d33c5ed9b45444b6b44a3c6ac541111079f2b14e893,"{""distance"":5,""physical_error_rate"":5e-05}","{""detection_events"":982,""detectors_checked"":4587520}"
     27648,         0,         0,   0.306,exact_mw,70a969f5042aec17ac076c6379f4170fb7c69b8e925756ef3b7334e28a33338b,"{""distance"":5,""physical_error_rate"":0.0001}","{""detection_events"":2835,""detectors_checked"":6193152}"
      5120,         0,         0,   0.076,exact_mw,cb12ae119b9b2ba18d0216e7235b403229e92fd0743ede48fe7f1a2c6f45d594,"{""distance"":5,""physical_error_rate"":0.0005}","{""detection_events"":2472,""detectors_checked"":1146880}"
      6144,         0,         0,   0.220,exact_mw,bb90ec3459e353008cf9a5bb9142bf1e8515517a9e167021b225104594e48e8a,"{""distance"":5,""physical_error_rate"":0.001}","{""detection_events"":5954,""detectors_checked"":1376256}"
     52224,         0,         0,   0.575,exact_mw,70a969f5042aec17ac076c6379f4170fb7c69b8e925756ef3b7334e28a33338b,"{""distance"":5,""physical_error_rate"":0.0001}","{""detection_events"":5161,""detectors_checked"":11698176}"
      7168,         0,         0,   0.103,exact_mw,cb12ae119b9b2ba18d0216e7235b403229e92fd0743ede48fe7f1a2c6f45d594,"{""distance"":5,""physical_error_rate"":0.0005}","{""detection_events"":3493,""detectors_checked"":1605632}"
      6144,         0,         0,   0.226,exact_mw,bb90ec3459e353008cf9a5bb9142bf1e8515517a9e167021b225104594e48e8a,"{""distance"":5,""physical_error_rate"":0.001}","{""detection_events"":6158,""detectors_checked"":1376256}"
    456704,         0,         0,    22.6,exact_mw,cb12ae119b9b2ba18d0216e7235b403229e92fd0743ede48fe7f1a2c6f45d594,"{""distance"":5,""physical_error_rate"":0.0005}","{""detection_events"":223182,""detectors_checked"":102301696}"
     32768,         0,         0,   0.424,exact_mw,cb12ae119b9b2ba18d0216e7235b403229e92fd0743ede48fe7f1a2c6f45d594,"{""distance"":5,""physical_error_rate"":0.0005}","{""detection_events"":15962,""detectors_checked"":7340032}"
      9216,         0,         0,   0.151,exact_mw,cb12ae119b9b2ba18d0216e7235b403229e92fd0743ede48fe7f1a2c6f45d594,"{""distance"":5,""physical_error_rate"":0.0005}","{""detection_events"":4631,""detectors_checked"":2064384}"
     28672,         0,         0,   0.307,exact_mw,f32ebecd8e105e50ec838d33c5ed9b45444b6b44a3c6ac541111079f2b14e893,"{""distance"":5,""physical_error_rate"":5e-05}","{""detection_events"":1400,""detectors_checked"":6422528}"
       256,         0,         0,   0.376,exact_mw,38b7ae1c4e8407fc325e0d9e43e9f92ff26dcb3f5cf7b98d24ea74c9e5188d39,"{""distance"":5,""physical_error_rate"":0.005}","{""detection_events"":1153,""detectors_checked"":57344}"
      6144,         0,         0,   0.300,exact_mw,bb90ec3459e353008cf9a5bb9142bf1e8515517a9e167021b225104594e48e8a,"{""distance"":5,""physical_error_rate"":0.001}","{""detection_events"":5858,""detectors_checked"":1376256}"
     38912,         0,         0,   0.420,exact_mw,70a969f5042aec17ac076c6379f4170fb7c69b8e925756ef3b7334e28a33338b,"{""distance"":5,""physical_error_rate"":0.0001}","{""detection_events"":4024,""detectors_checked"":8716288}"
   1204224,         0,         0,    22.6,exact_mw,cb12ae119b9b2ba18d0216e7235b403229e92fd0743ede48fe7f1a2c6f45d594,"{""distance"":5,""physical_error_rate"":0.0005}","{""detection_events"":591935,""detectors_checked"":269746176}"
     12288,         0,         0,   0.226,exact_mw,cb12ae119b9b2ba18d0216e7235b403229e92fd0743ede48fe7f1a2c6f45d594,"{""distance"":5,""physical_error_rate"":0.0005}","{""detection_events"":6365,""detectors_checked"":2752512}"
      7168,         0,         0,   0.336,exact_mw,bb90ec3459e353008cf9a5bb9142bf1e8515517a9e167021b225104594e48e8a,"{""distance"":5,""physical_error_rate"":0.001}","{""detection_events"":7136,""detectors_checked"":1605632}"
    929792,         0,         0,    11.6,exact_mw,cdc4a450a40af8e24899239080e4c40992fb5baf91c5a31ab3a165eacb3a1ab3,"{""distance"":5,""physical_error_rate"":0.0002}","{""detection_events"":182186,""detectors_checked"":208273408}"
      1297,         0,         0,   0.025,exact_mw,70a969f5042aec17ac076c6379f4170fb7c69b8e925756ef3b7334e28a33338b,"{""distance"":5,""physical_error_rate"":0.0001}","{""detection_events"":120,""detectors_checked"":290528}"
     38912,         0,         0,   0.420,exact_mw,f32ebecd8e105e50ec838d33c5ed9b45444b6b44a3c6ac541111079f2b14e893,"{""distance"":5,""physical_error_rate"":5e-05}","{""detection_events"":1815,""detectors_checked"":8716288}"
      1024,         0,         0,   0.023,exact_mw,70a969f5042aec17ac076c6379f4170fb7c69b8e925756ef3b7334e28a33338b,"{""distance"":5,""physical_error_rate"":0.0001}","{""detection_events"":86,""detectors_checked"":229376}"
    931840,         0,         0,    22.6,exact_mw,f32ebecd8e105e50ec838d33c5ed9b45444b6b44a3c6ac541111079f2b14e893,"{""distance"":5,""physical_error_rate"":5e-05}","{""detection_events"":45708,""detectors_checked"":208732160}"
      2048,         0,         0,   0.026,exact_mw,70a969f5042aec17ac076c6379f4170fb7c69b8e925756ef3b7334e28a33338b,"{""distance"":5,""physical_error_rate"":0.0001}","{""detection_events"":164,""detectors_checked"":458752}"
      3072,         0,         0,   0.049,exact_mw,70a969f5042aec17ac076c6379f4170fb7c69b8e925756ef3b7334e28a33338b,"{""distance"":5,""physical_error_rate"":0.0001}","{""detection_events"":287,""detectors_checked"":688128}"
     14336,         0,         0,   0.298,exact_mw,cb12ae119b9b2ba18d0216e7235b403229e92fd0743ede48fe7f1a2c6f45d594,"{""distance"":5,""physical_error_rate"":0.0005}","{""detection_events"":7403,""detectors_checked"":3211264}"
      8192,         0,         0,   0.449,exact_mw,bb90ec3459e353008cf9a5bb9142bf1e8515517a9e167021b225104594e48e8a,"{""distance"":5,""physical_error_rate"":0.001}","{""detection_events"":8128,""detectors_checked"":1835008}"
     38912,         0,         0,   0.585,exact_mw,cb12ae119b9b2ba18d0216e7235b403229e92fd0743ede48fe7f1a2c6f45d594,"{""distance"":5,""physical_error_rate"":0.0005}","{""detection_events"":19511,""detectors_checked"":8716288}"
      3072,         0,         0,   0.049,exact_mw,70a969f5042aec17ac076c6379f4170fb7c69b8e925756ef3b7334e28a33338b,"{""distance"":5,""physical_error_rate"":0.0001}","{""detection_events"":325,""detectors_checked"":688128}"
       256,         1,         0,   0.523,exact_mw,38b7ae1c4e8407fc325e0d9e43e9f92ff26dcb3f5cf7b98d24ea74c9e5188d39,"{""distance"":5,""physical_error_rate"":0.005}","{""detection_events"":1222,""detectors_checked"":57344,""obs_mistake_mask=E"":1}"
    184320,         0,         0,    1.09,exact_mw,cdc4a450a40af8e24899239080e4c40992fb5baf91c5a31ab3a165eacb3a1ab3,"{""distance"":5,""physical_error_rate"":0.0002}","{""detection_events"":35876,""detectors_checked"":41287680}"
     74752,         0,         0,   0.812,exact_mw,70a969f5042aec17ac076c6379f4170fb7c69b8e925756ef3b7334e28a33338b,"{""distance"":5,""physical_error_rate"":0.0001}","{""detection_events"":7546,""detectors_checked"":16744448}"
      5120,         0,         0,   0.075,exact_mw,70a969f5042aec17ac076c6379f4170fb7c69b8e925756ef3b7334e28a33338b,"{""distance"":5,""physical_error_rate"":0.0001}","{""detection_events"":559,""detectors_checked"":1146880}"
     12288,         0,         0,   0.449,exact_mw,bb90ec3459e353008cf9a5bb9142bf1e8515517a9e167021b225104594e48e8a,"{""distance"":5,""physical_error_rate"":0.001}","{""detection_events"":12089,""detectors_checked"":2752512}"
      5120,         0,         0,   0.075,exact_mw,70a969f5042aec17ac076c6379f4170fb7c69b8e925756ef3b7334e28a33338b,"{""distance"":5,""physical_error_rate"":0.0001}","{""detection_events"":466,""detectors_checked"":1146880}"
     52224,         0,         0,   0.579,exact_mw,70a969f5042aec17ac076c6379f4170fb7c69b8e925756ef3b7334e28a33338b,"{""distance"":5,""physical_error_rate"":0.0001}","{""detection_events"":5232,""detectors_checked"":11698176}"
      8192,         0,         0,   0.124,exact_mw,70a969f5042aec17ac076c6379f4170fb7c69b8e925756ef3b7334e28a33338b,"{""distance"":5,""physical_error_rate"":0.0001}","{""detection_events"":961,""detectors_checked"":1835008}"
     21504,         0,         0,   0.425,exact_mw,cb12ae119b9b2ba18d0216e7235b403229e92fd0743ede48fe7f1a2c6f45d594,"{""distance"":5,""physical_error_rate"":0.0005}","{""detection_events"":10416,""detectors_checked"":4816896}"
      9216,         0,         0,   0.149,exact_mw,70a969f5042aec17ac076c6379f4170fb7c69b8e925756ef3b7334e28a33338b,"{""distance"":5,""physical_error_rate"":0.0001}","{""detection_events"":937,""detectors_checked"":2064384}"
     53248,         0,         0,   0.544,exact_mw,f32ebecd8e105e50ec838d33c5ed9b45444b6b44a3c6ac541111079f2b14e893,"{""distance"":5,""physical_error_rate"":5e-05}","{""detection_events"":2663,""detectors_checked"":11927552}"
     11264,         0,         0,   0.599,exact_mw,bb90ec3459e353008cf9a5bb9142bf1e8515517a9e167021b225104594e48e8a,"{""distance"":5,""physical_error_rate"":0.001}","{""detection_events"":11095,""detectors_checked"":2523136}"
       256,         1,         0,   0.575,exact_mw,38b7ae1c4e8407fc325e0d9e43e9f92ff26dcb3f5cf7b98d24ea74c9e5188d39,"{""distance"":5,""physical_error_rate"":0.005}","{""detection_events"":1277,""detectors_checked"":57344,""obs_mistake_mask=E"":1}"
     14336,         0,         0,   0.226,exact_mw,70a969f5042aec17ac076c6379f4170fb7c69b8e925756ef3b7334e28a33338b,"{""distance"":5,""physical_error_rate"":0.0001}","{""detection_events"":1418,""detectors_checked"":3211264}"
     15360,         0,         0,   0.592,exact_mw,bb90ec3459e353008cf9a5bb9142bf1e8515517a9e167021b225104594e48e8a,"{""distance"":5,""physical_error_rate"":0.001}","{""detection_events"":14894,""detectors_checked"":3440640}"
     54272,         0,         0,   0.793,exact_mw,cb12ae119b9b2ba18d0216e7235b403229e92fd0743ede48fe7f1a2c6f45d594,"{""distance"":5,""physical_error_rate"":0.0005}","{""detection_events"":26689,""detectors_checked"":12156928}"
     98304,         7,         0,    23.6,exact_mw,3208f56225bbcac0e2804eb6f92d0a8b681652a702ca1ec920ccd7367f0e0899,"{""distance"":5,""physical_error_rate"":0.002}","{""detection_events"":192014,""detectors_checked"":22020096,""obs_mistake_mask=E"":7}"
     71680,         0,         0,   0.762,exact_mw,70a969f5042aec17ac076c6379f4170fb7c69b8e925756ef3b7334e28a33338b,"{""distance"":5,""physical_error_rate"":0.0001}","{""detection_events"":7095,""detectors_checked"":16056320}"
     19456,         0,         0,   0.298,exact_mw,70a969f5042aec17ac076c6379f4170fb7c69b8e925756ef3b7334e28a33338b,"{""distance"":5,""physical_error_rate"":0.0001}","{""detection_events"":1900,""detectors_checked"":4358144}"
     28672,         0,         0,   0.573,exact_mw,cb12ae119b9b2ba18d0216e7235b403229e92fd0743ede48fe7f1a2c6f45d594,"{""distance"":5,""physical_error_rate"":0.0005}","{""detection_events"":14323,""detectors_checked"":6422528}"
    704512,         0,         0,    22.8,exact_mw,70a969f5042aec17ac076c6379f4170fb7c69b8e925756ef3b7334e28a33338b,"{""distance"":5,""physical_error_rate"":0.0001}","{""detection_events"":69867,""detectors_checked"":157810688}"
    125952,         0,         0,    1.09,exact_mw,70a969f5042aec17ac076c6379f4170fb7c69b8e925756ef3b7334e28a33338b,"{""distance"":5,""physical_error_rate"":0.0001}","{""detection_events"":12474,""detectors_checked"":28213248}"
     70656,         0,         0,   0.781,exact_mw,f32ebecd8e105e50ec838d33c5ed9b45444b6b44a3c6ac541111079f2b14e893,"{""distance"":5,""physical_error_rate"":5e-05}","{""detection_events"":3293,""detectors_checked"":15826944}"
       256,         0,         0,   0.676,exact_mw,38b7ae1c4e8407fc325e0d9e43e9f92ff26dcb3f5cf7b98d24ea74c9e5188d39,"{""distance"":5,""physical_error_rate"":0.005}","{""detection_events"":1197,""detectors_checked"":57344}"
         1,         0,         0,   0.024,exact_mw,f32ebecd8e105e50ec838d33c5ed9b45444b6b44a3c6ac541111079f2b14e893,"{""distance"":5,""physical_error_rate"":5e-05}","{""detectors_checked"":224}"
      1296,         0,         0,   0.028,exact_mw,f32ebecd8e105e50ec838d33c5ed9b45444b6b44a3c6ac541111079f2b14e893,"{""distance"":5,""physical_error_rate"":5e-05}","{""detection_events"":55,""detectors_checked"":290304}"
   1725440,         0,         0,    22.7,exact_mw,cdc4a450a40af8e24899239080e4c40992fb5baf91c5a31ab3a165eacb3a1ab3,"{""distance"":5,""physical_error_rate"":0.0002}","{""detection_events"":340174,""detectors_checked"":386498560}"
      2048,         0,         0,   0.030,exact_mw,f32ebecd8e105e50ec838d33c5ed9b45444b6b44a3c6ac541111079f2b14e893,"{""distance"":5,""physical_error_rate"":5e-05}","{""detection_events"":92,""detectors_checked"":458752}"
     15360,         0,         0,   0.776,exact_mw,bb90ec3459e353008cf9a5bb9142bf1e8515517a9e167021b225104594e48e8a,"{""distance"":5,""physical_error_rate"":0.001}","{""detection_events"":15172,""detectors_checked"":3440640}"
     29696,         0,         0,   0.404,exact_mw,70a969f5042aec17ac076c6379f4170fb7c69b8e925756ef3b7334e28a33338b,"{""distance"":5,""physical_error_rate"":0.0001}","{""detection_events"":2932,""detectors_checked"":6651904}"
      2048,         0,         0,   0.054,exact_mw,f32ebecd8e105e50ec838d33c5ed9b45444b6b44a3c6ac541111079f2b14e893,"{""distance"":5,""physical_error_rate"":5e-05}","{""detection_events"":105,""detectors_checked"":458752}"
      3072,         0,         0,   0.057,exact_mw,f32ebecd8e105e50ec838d33c5ed9b45444b6b44a3c6ac541111079f2b14e893,"{""distance"":5,""physical_error_rate"":5e-05}","{""detection_events"":187,""detectors_checked"":688128}"
      3072,         0,         0,   0.057,exact_mw,f32ebecd8e105e50ec838d33c5ed9b45444b6b44a3c6ac541111079f2b14e893,"{""distance"":5,""physical_error_rate"":5e-05}","{""detection_events"":164,""detectors_checked"":688128}"
     20480,         0,         0,   0.808,exact_mw,bb90ec3459e353008cf9a5bb9142bf1e8515517a9e167021b225104594e48e8a,"{""distance"":5,""physical_error_rate"":0.001}","{""detection_events"":20057,""detectors_checked"":4587520}"
      1297,         0,         0,   0.028,exact_mw,f32ebecd8e105e50ec838d33c5ed9b45444b6b44a3c6ac541111079f2b14e893,"{""distance"":5,""physical_error_rate"":5e-05}","{""detection_events"":70,""detectors_checked"":290528}"
      4096,         0,         0,   0.083,exact_mw,f32ebecd8e105e50ec838d33c5ed9b45444b6b44a3c6ac541111079f2b14e893,"{""distance"":5,""physical_error_rate"":5e-05}","{""detection_events"":226,""detectors_checked"":917504}"
    164864,         0,         0,    1.52,exact_mw,cdc4a450a40af8e24899239080e4c40992fb5baf91c5a31ab3a165eacb3a1ab3,"{""distance"":5,""physical_error_rate"":0.0002}","{""detection_events"":32859,""detectors_checked"":36929536}"
      1024,         0,         0,   0.027,exact_mw,f32ebecd8e105e50ec838d33c5ed9b45444b6b44a3c6ac541111079f2b14e893,"{""distance"":5,""physical_error_rate"":5e-05}","{""detection_events"":54,""detectors_checked"":229376}"
      1024,         0,         0,   0.027,exact_mw,f32ebecd8e105e50ec838d33c5ed9b45444b6b44a3c6ac541111079f2b14e893,"{""distance"":5,""physical_error_rate"":5e-05}","{""detection_events"":57,""detectors_checked"":229376}"
      2048,         0,         0,   0.006,exact_mw,f32ebecd8e105e50ec838d33c5ed9b45444b6b44a3c6ac541111079f2b14e893,"{""distance"":5,""physical_error_rate"":5e-05}","{""detection_events"":116,""detectors_checked"":458752}"
      5120,         0,         0,   0.110,exact_mw,f32ebecd8e105e50ec838d33c5ed9b45444b6b44a3c6ac541111079f2b14e893,"{""distance"":5,""physical_error_rate"":5e-05}","{""detection_events"":292,""detectors_checked"":1146880}"
      2048,         0,         0,   0.054,exact_mw,f32ebecd8e105e50ec838d33c5ed9b45444b6b44a3c6ac541111079f2b14e893,"{""distance"":5,""physical_error_rate"":5e-05}","{""detection_events"":94,""detectors_checked"":458752}"
     41984,         0,         0,   0.796,exact_mw,cb12ae119b9b2ba18d0216e7235b403229e92fd0743ede48fe7f1a2c6f45d594,"{""distance"":5,""physical_error_rate"":0.0005}","{""detection_events"":20741,""detectors_checked"":9404416}"
      3072,         0,         0,   0.033,exact_mw,f32ebecd8e105e50ec838d33c5ed9b45444b6b44a3c6ac541111079f2b14e893,"{""distance"":5,""physical_error_rate"":5e-05}","{""detection_events"":109,""detectors_checked"":688128}"
      4416,         2,         0,    23.1,exact_mw,38b7ae1c4e8407fc325e0d9e43e9f92ff26dcb3f5cf7b98d24ea74c9e5188d39,"{""distance"":5,""physical_error_rate"":0.005}","{""detection_events"":21475,""detectors_checked"":989184,""obs_mistake_mask=E"":2}"
    873472,         0,         0,    22.7,exact_mw,70a969f5042aec17ac076c6379f4170fb7c69b8e925756ef3b7334e28a33338b,"{""distance"":5,""physical_error_rate"":0.0001}","{""detection_events"":86314,""detectors_checked"":195657728}"
       256,         0,         0,   0.575,exact_mw,38b7ae1c4e8407fc325e0d9e43e9f92ff26dcb3f5cf7b98d24ea74c9e5188d39,"{""distance"":5,""physical_error_rate"":0.005}","{""detection_events"":1171,""detectors_checked"":57344}"
      4096,         0,         0,   0.084,exact_mw,f32ebecd8e105e50ec838d33c5ed9b45444b6b44a3c6ac541111079f2b14e893,"{""distance"":5,""physical_error_rate"":5e-05}","{""detection_events"":234,""detectors_checked"":917504}"
      9216,         0,         0,   0.169,exact_mw,f32ebecd8e105e50ec838d33c5ed9b45444b6b44a3c6ac541111079f2b14e893,"{""distance"":5,""physical_error_rate"":5e-05}","{""detection_events"":400,""detectors_checked"":2064384}"
     74752,         0,         0,    1.09,exact_mw,cb12ae119b9b2ba18d0216e7235b403229e92fd0743ede48fe7f1a2c6f45d594,"{""distance"":5,""physical_error_rate"":0.0005}","{""detection_events"":37227,""detectors_checked"":16744448}"
     38912,         0,         0,   0.572,exact_mw,70a969f5042aec17ac076c6379f4170fb7c69b8e925756ef3b7334e28a33338b,"{""distance"":5,""physical_error_rate"":0.0001}","{""detection_events"":3924,""detectors_checked"":8716288}"
      5120,         0,         0,   0.110,exact_mw,f32ebecd8e105e50ec838d33c5ed9b45444b6b44a3c6ac541111079f2b14e893,"{""distance"":5,""physical_error_rate"":5e-05}","{""detection_events"":232,""detectors_checked"":1146880}"
    100352,         0,         0,    1.11,exact_mw,70a969f5042aec17ac076c6379f4170fb7c69b8e925756ef3b7334e28a33338b,"{""distance"":5,""physical_error_rate"":0.0001}","{""detection_events"":10231,""detectors_checked"":22478848}"
     11264,         0,         0,   0.199,exact_mw,f32ebecd8e105e50ec838d33c5ed9b45444b6b44a3c6ac541111079f2b14e893,"{""distance"":5,""physical_error_rate"":5e-05}","{""detection_events"":484,""detectors_checked"":2523136}"
        17,         0,         0,   0.062,exact_mw,38b7ae1c4e8407fc325e0d9e43e9f92ff26dcb3f5cf7b98d24ea74c9e5188d39,"{""distance"":5,""physical_error_rate"":0.005}","{""detection_events"":76,""detectors_checked"":3808}"
      8192,         0,         0,   0.167,exact_mw,f32ebecd8e105e50ec838d33c5ed9b45444b6b44a3c6ac541111079f2b14e893,"{""distance"":5,""physical_error_rate"":5e-05}","{""detection_events"":414,""detectors_checked"":1835008}"
       256,         0,         0,   0.425,exact_mw,38b7ae1c4e8407fc325e0d9e43e9f92ff26dcb3f5cf7b98d24ea74c9e5188d39,"{""distance"":5,""physical_error_rate"":0.005}","{""detection_events"":1229,""detectors_checked"":57344}"
    101376,         0,         0,    1.11,exact_mw,f32ebecd8e105e50ec838d33c5ed9b45444b6b44a3c6ac541111079f2b14e893,"{""distance"":5,""physical_error_rate"":5e-05}","{""detection_events"":5049,""detectors_checked"":22708224}"
     11264,         0,         0,   0.223,exact_mw,f32ebecd8e105e50ec838d33c5ed9b45444b6b44a3c6ac541111079f2b14e893,"{""distance"":5,""physical_error_rate"":5e-05}","{""detection_events"":549,""detectors_checked"":2523136}"
     15360,         0,         0,   0.306,exact_mw,f32ebecd8e105e50ec838d33c5ed9b45444b6b44a3c6ac541111079f2b14e893,"{""distance"":5,""physical_error_rate"":5e-05}","{""detection_events"":792,""detectors_checked"":3440640}"
     21504,         0,         0,    1.12,exact_mw,bb90ec3459e353008cf9a5bb9142bf1e8515517a9e167021b225104594e48e8a,"{""distance"":5,""physical_error_rate"":0.001}","{""detection_events"":21517,""detectors_checked"":4816896}"
       128,         1,         0,   0.477,exact_mw,38b7ae1c4e8407fc325e0d9e43e9f92ff26dcb3f5cf7b98d24ea74c9e5188d39,"{""distance"":5,""physical_error_rate"":0.005}","{""detection_events"":644,""detectors_checked"":28672,""obs_mistake_mask=E"":1}"
     26624,         0,         0,    1.08,exact_mw,bb90ec3459e353008cf9a5bb9142bf1e8515517a9e167021b225104594e48e8a,"{""distance"":5,""physical_error_rate"":0.001}","{""detection_events"":26232,""detectors_checked"":5963776}"
     16384,         0,         0,   0.310,exact_mw,f32ebecd8e105e50ec838d33c5ed9b45444b6b44a3c6ac541111079f2b14e893,"{""distance"":5,""physical_error_rate"":5e-05}","{""detection_events"":804,""detectors_checked"":3670016}"
    176128,         0,         0,    1.52,exact_mw,70a969f5042aec17ac076c6379f4170fb7c69b8e925756ef3b7334e28a33338b,"{""distance"":5,""physical_error_rate"":0.0001}","{""detection_events"":17471,""detectors_checked"":39452672}"
     56320,         0,         0,   0.797,exact_mw,70a969f5042aec17ac076c6379f4170fb7c69b8e925756ef3b7334e28a33338b,"{""distance"":5,""physical_error_rate"":0.0001}","{""detection_events"":5317,""detectors_checked"":12615680}"
       256,         1,         0,   0.572,exact_mw,38b7ae1c4e8407fc325e0d9e43e9f92ff26dcb3f5cf7b98d24ea74c9e5188d39,"{""distance"":5,""physical_error_rate"":0.005}","{""detection_events"":1239,""detectors_checked"":57344,""obs_mistake_mask=E"":1}"
     21504,         0,         0,   0.419,exact_mw,f32ebecd8e105e50ec838d33c5ed9b45444b6b44a3c6ac541111079f2b14e893,"{""distance"":5,""physical_error_rate"":5e-05}","{""detection_events"":1099,""detectors_checked"":4816896}"
     58368,         0,         0,    1.12,exact_mw,cb12ae119b9b2ba18d0216e7235b403229e92fd0743ede48fe7f1a2c6f45d594,"{""distance"":5,""physical_error_rate"":0.0005}","{""detection_events"":28573,""detectors_checked"":13074432}"
       128,         0,         0,   0.323,exact_mw,38b7ae1c4e8407fc325e0d9e43e9f92ff26dcb3f5cf7b98d24ea74c9e5188d39,"{""distance"":5,""physical_error_rate"":0.005}","{""detection_events"":577,""detectors_checked"":28672}"
     20480,         0,         0,   0.417,exact_mw,f32ebecd8e105e50ec838d33c5ed9b45444b6b44a3c6ac541111079f2b14e893,"{""distance"":5,""physical_error_rate"":5e-05}","{""detection_events"":967,""detectors_checked"":4587520}"
       128,         0,         0,   0.387,exact_mw,38b7ae1c4e8407fc325e0d9e43e9f92ff26dcb3f5cf7b98d24ea74c9e5188d39,"{""distance"":5,""physical_error_rate"":0.005}","{""detection_events"":613,""detectors_checked"":28672}"
       256,         0,         0,   0.549,exact_mw,38b7ae1c4e8407fc325e0d9e43e9f92ff26dcb3f5cf7b98d24ea74c9e5188d39,"{""distance"":5,""physical_error_rate"":0.005}","{""detection_events"":1262,""detectors_checked"":57344}"
     30720,         0,         0,   0.588,exact_mw,f32ebecd8e105e50ec838d33c5ed9b45444b6b44a3c6ac541111079f2b14e893,"{""distance"":5,""physical_error_rate"":5e-05}","{""detection_events"":1508,""detectors_checked"":6881280}"
    106496,         0,         0,    1.52,exact_mw,cb12ae119b9b2ba18d0216e7235b403229e92fd0743ede48fe7f1a2c6f45d594,"{""distance"":5,""physical_error_rate"":0.0005}","{""detection_events"":51786,""detectors_checked"":23855104}"
    142336,         0,         0,    1.56,exact_mw,70a969f5042aec17ac076c6379f4170fb7c69b8e925756ef3b7334e28a33338b,"{""distance"":5,""physical_error_rate"":0.0001}","{""detection_events"":14174,""detectors_checked"":31883264}"
     29696,         0,         0,   0.582,exact_mw,f32ebecd8e105e50ec838d33c5ed9b45444b6b44a3c6ac541111079f2b14e893,"{""distance"":5,""physical_error_rate"":5e-05}","{""detection_events"":1465,""detectors_checked"":6651904}"
       273,         0,         0,   0.064,exact_mw,3208f56225bbcac0e2804eb6f92d0a8b681652a702ca1ec920ccd7367f0e0899,"{""distance"":5,""physical_error_rate"":0.002}","{""detection_events"":491,""detectors_checked"":61152}"
    241664,         0,         0,    2.18,exact_mw,cdc4a450a40af8e24899239080e4c40992fb5baf91c5a31ab3a165eacb3a1ab3,"{""distance"":5,""physical_error_rate"":0.0002}","{""detection_events"":47523,""detectors_checked"":54132736}"
       128,         0,         0,   0.424,exact_mw,38b7ae1c4e8407fc325e0d9e43e9f92ff26dcb3f5cf7b98d24ea74c9e5188d39,"{""distance"":5,""physical_error_rate"":0.005}","{""detection_events"":619,""detectors_checked"":28672}"
     76800,         0,         0,    1.12,exact_mw,70a969f5042aec17ac076c6379f4170fb7c69b8e925756ef3b7334e28a33338b,"{""distance"":5,""physical_error_rate"":0.0001}","{""detection_events"":7623,""detectors_checked"":17203200}"
    144384,         0,         0,    1.56,exact_mw,f32ebecd8e105e50ec838d33c5ed9b45444b6b44a3c6ac541111079f2b14e893,"{""distance"":5,""physical_error_rate"":5e-05}","{""detection_events"":7260,""detectors_checked"":32342016}"
       256,         0,         0,   0.562,exact_mw,38b7ae1c4e8407fc325e0d9e43e9f92ff26dcb3f5cf7b98d24ea74c9e5188d39,"{""distance"":5,""physical_error_rate"":0.005}","{""detection_events"":1262,""detectors_checked"":57344}"
     29696,         1,         0,    1.55,exact_mw,bb90ec3459e353008cf9a5bb9142bf1e8515517a9e167021b225104594e48e8a,"{""distance"":5,""physical_error_rate"":0.001}","{""detection_events"":29254,""detectors_checked"":6651904,""obs_mistake_mask=E"":1}"
   1701888,         0,         0,    22.8,exact_mw,cdc4a450a40af8e24899239080e4c40992fb5baf91c5a31ab3a165eacb3a1ab3,"{""distance"":5,""physical_error_rate"":0.0002}","{""detection_events"":334709,""detectors_checked"":381222912}"
      1024,         0,         0,   0.353,exact_mw,3208f56225bbcac0e2804eb6f92d0a8b681652a702ca1ec920ccd7367f0e0899,"{""distance"":5,""physical_error_rate"":0.002}","{""detection_events"":2056,""detectors_checked"":229376}"
       128,         0,         0,   0.352,exact_mw,38b7ae1c4e8407fc325e0d9e43e9f92ff26dcb3f5cf7b98d24ea74c9e5188d39,"{""distance"":5,""physical_error_rate"":0.005}","{""detection_events"":623,""detectors_checked"":28672}"
     40960,         0,         0,   0.808,exact_mw,f32ebecd8e105e50ec838d33c5ed9b45444b6b44a3c6ac541111079f2b14e893,"{""distance"":5,""physical_error_rate"":5e-05}","{""detection_events"":2060,""detectors_checked"":9175040}"
     38912,         1,         0,    1.58,exact_mw,bb90ec3459e353008cf9a5bb9142bf1e8515517a9e167021b225104594e48e8a,"{""distance"":5,""physical_error_rate"":0.001}","{""detection_events"":37706,""detectors_checked"":8716288,""obs_mistake_mask=E"":1}"
       256,         0,         0,   0.424,exact_mw,38b7ae1c4e8407fc325e0d9e43e9f92ff26dcb3f5cf7b98d24ea74c9e5188d39,"{""distance"":5,""physical_error_rate"":0.005}","{""detection_events"":1097,""detectors_checked"":57344}"
     80896,         0,         0,    1.57,exact_mw,cb12ae119b9b2ba18d0216e7235b403229e92fd0743ede48fe7f1a2c6f45d594,"{""distance"":5,""physical_error_rate"":0.0005}","{""detection_events"":40006,""detectors_checked"":18120704}"
     41984,         0,         0,   0.812,exact_mw,f32ebecd8e105e50ec838d33c5ed9b45444b6b44a3c6ac541111079f2b14e893,"{""distance"":5,""physical_error_rate"":5e-05}","{""detection_events"":1958,""detectors_checked"":9404416}"
      1024,         0,         0,   0.355,exact_mw,3208f56225bbcac0e2804eb6f92d0a8b681652a702ca1ec920ccd7367f0e0899,"{""distance"":5,""physical_error_rate"":0.002}","{""detection_events"":1943,""detectors_checked"":229376}"
     18816,        25,         0,    23.2,exact_mw,38b7ae1c4e8407fc325e0d9e43e9f92ff26dcb3f5cf7b98d24ea74c9e5188d39,"{""distance"":5,""physical_error_rate"":0.005}","{""detection_events"":90188,""detectors_checked"":4214784,""obs_mistake_mask=E"":25}"
       128,         1,         0,   0.497,exact_mw,38b7ae1c4e8407fc325e0d9e43e9f92ff26dcb3f5cf7b98d24ea74c9e5188d39,"{""distance"":5,""physical_error_rate"":0.005}","{""detection_events"":612,""detectors_checked"":28672,""obs_mistake_mask=E"":1}"
      1024,         0,         0,   0.380,exact_mw,3208f56225bbcac0e2804eb6f92d0a8b681652a702ca1ec920ccd7367f0e0899,"{""distance"":5,""physical_error_rate"":0.002}","{""detection_events"":1999,""detectors_checked"":229376}"
    248832,         0,         0,    2.16,exact_mw,70a969f5042aec17ac076c6379f4170fb7c69b8e925756ef3b7334e28a33338b,"{""distance"":5,""physical_error_rate"":0.0001}","{""detection_events"":24767,""detectors_checked"":55738368}"
       128,         0,         0,   0.353,exact_mw,38b7ae1c4e8407fc325e0d9e43e9f92ff26dcb3f5cf7b98d24ea74c9e5188d39,"{""distance"":5,""physical_error_rate"":0.005}","{""detection_events"":553,""detectors_checked"":28672}"
      1024,         0,         0,   0.273,exact_mw,3208f56225bbcac0e2804eb6f92d0a8b681652a702ca1ec920ccd7367f0e0899,"{""distance"":5,""physical_error_rate"":0.002}","{""detection_events"":1917,""detectors_checked"":229376}"
     57344,         0,         0,    1.12,exact_mw,f32ebecd8e105e50ec838d33c5ed9b45444b6b44a3c6ac541111079f2b14e893,"{""distance"":5,""physical_error_rate"":5e-05}","{""detection_events"":2775,""detectors_checked"":12845056}"
       512,         0,         0,    1.01,exact_mw,38b7ae1c4e8407fc325e0d9e43e9f92ff26dcb3f5cf7b98d24ea74c9e5188d39,"{""distance"":5,""physical_error_rate"":0.005}","{""detection_events"":2386,""detectors_checked"":114688}"
      3584,         2,         0,    11.9,exact_mw,38b7ae1c4e8407fc325e0d9e43e9f92ff26dcb3f5cf7b98d24ea74c9e5188d39,"{""distance"":5,""physical_error_rate"":0.005}","{""detection_events"":17083,""detectors_checked"":802816,""obs_mistake_mask=E"":2}"
    106496,         0,         0,    1.51,exact_mw,70a969f5042aec17ac076c6379f4170fb7c69b8e925756ef3b7334e28a33338b,"{""distance"":5,""physical_error_rate"":0.0001}","{""detection_events"":10391,""detectors_checked"":23855104}"
       128,         0,         0,   0.541,exact_mw,38b7ae1c4e8407fc325e0d9e43e9f92ff26dcb3f5cf7b98d24ea74c9e5188d39,"{""distance"":5,""physical_error_rate"":0.005}","{""detection_events"":635,""detectors_checked"":28672}"
     56320,         0,         0,    1.12,exact_mw,f32ebecd8e105e50ec838d33c5ed9b45444b6b44a3c6ac541111079f2b14e893,"{""distance"":5,""physical_error_rate"":5e-05}","{""detection_events"":2827,""detectors_checked"":12615680}"
      1024,         0,         0,   0.449,exact_mw,3208f56225bbcac0e2804eb6f92d0a8b681652a702ca1ec920ccd7367f0e0899,"{""distance"":5,""physical_error_rate"":0.002}","{""detection_events"":2117,""detectors_checked"":229376}"
    141312,         0,         0,    2.17,exact_mw,cb12ae119b9b2ba18d0216e7235b403229e92fd0743ede48fe7f1a2c6f45d594,"{""distance"":5,""physical_error_rate"":0.0005}","{""detection_events"":69006,""detectors_checked"":31653888}"
      5120,         7,         0,    23.8,exact_mw,38b7ae1c4e8407fc325e0d9e43e9f92ff26dcb3f5cf7b98d24ea74c9e5188d39,"{""distance"":5,""physical_error_rate"":0.005}","{""detection_events"":24604,""detectors_checked"":1146880,""obs_mistake_mask=E"":7}"
    199680,         0,         0,    2.19,exact_mw,70a969f5042aec17ac076c6379f4170fb7c69b8e925756ef3b7334e28a33338b,"{""distance"":5,""physical_error_rate"":0.0001}","{""detection_events"":19680,""detectors_checked"":44728320}"
    201728,         0,         0,    2.16,exact_mw,f32ebecd8e105e50ec838d33c5ed9b45444b6b44a3c6ac541111079f2b14e893,"{""distance"":5,""physical_error_rate"":5e-05}","{""detection_events"":10038,""detectors_checked"":45187072}"
       128,         0,         0,   0.544,exact_mw,38b7ae1c4e8407fc325e0d9e43e9f92ff26dcb3f5cf7b98d24ea74c9e5188d39,"{""distance"":5,""physical_error_rate"":0.005}","{""detection_events"":692,""detectors_checked"":28672}"
      1024,         0,         0,   0.543,exact_mw,3208f56225bbcac0e2804eb6f92d0a8b681652a702ca1ec920ccd7367f0e0899,"{""distance"":5,""physical_error_rate"":0.002}","{""detection_events"":2130,""detectors_checked"":229376}"
   1986560,         0,         0,    16.2,exact_mw,f32ebecd8e105e50ec838d33c5ed9b45444b6b44a3c6ac541111079f2b14e893,"{""distance"":5,""physical_error_rate"":5e-05}","{""detection_events"":99389,""detectors_checked"":444989440}"
     46080,         0,         0,    2.22,exact_mw,bb90ec3459e353008cf9a5bb9142bf1e8515517a9e167021b225104594e48e8a,"{""distance"":5,""physical_error_rate"":0.001}","{""detection_events"":45088,""detectors_checked"":10321920}"
     53248,         1,         0,    2.16,exact_mw,bb90ec3459e353008cf9a5bb9142bf1e8515517a9e167021b225104594e48e8a,"{""distance"":5,""physical_error_rate"":0.001}","{""detection_events"":52328,""detectors_checked"":11927552,""obs_mistake_mask=E"":1}"
       512,         1,         0,    1.07,exact_mw,38b7ae1c4e8407fc325e0d9e43e9f92ff26dcb3f5cf7b98d24ea74c9e5188d39,"{""distance"":5,""physical_error_rate"":0.005}","{""detection_events"":2380,""detectors_checked"":114688,""obs_mistake_mask=E"":1}"
     36864,         0,         0,    12.7,exact_mw,3208f56225bbcac0e2804eb6f92d0a8b681652a702ca1ec920ccd7367f0e0899,"{""distance"":5,""physical_error_rate"":0.002}","{""detection_events"":71290,""detectors_checked"":8257536}"
       128,         1,         0,   0.416,exact_mw,38b7ae1c4e8407fc325e0d9e43e9f92ff26dcb3f5cf7b98d24ea74c9e5188d39,"{""distance"":5,""physical_error_rate"":0.005}","{""detection_events"":628,""detectors_checked"":28672,""obs_mistake_mask=E"":1}"
      1024,         0,         0,   0.450,exact_mw,3208f56225bbcac0e2804eb6f92d0a8b681652a702ca1ec920ccd7367f0e0899,"{""distance"":5,""physical_error_rate"":0.002}","{""detection_events"":2003,""detectors_checked"":229376}"
    114688,         0,         0,    2.17,exact_mw,cb12ae119b9b2ba18d0216e7235b403229e92fd0743ede48fe7f1a2c6f45d594,"{""distance"":5,""physical_error_rate"":0.0005}","{""detection_events"":55846,""detectors_checked"":25690112}"
    332800,         0,         0,    2.99,exact_mw,cdc4a450a40af8e24899239080e4c40992fb5baf91c5a31ab3a165eacb3a1ab3,"{""distance"":5,""physical_error_rate"":0.0002}","{""detection_events"":65723,""detectors_checked"":74547200}"
     80896,         0,         0,    1.56,exact_mw,f32ebecd8e105e50ec838d33c5ed9b45444b6b44a3c6ac541111079f2b14e893,"{""distance"":5,""physical_error_rate"":5e-05}","{""detection_events"":4225,""detectors_checked"":18120704}"
      3584,         1,         0,    22.9,exact_mw,38b7ae1c4e8407fc325e0d9e43e9f92ff26dcb3f5cf7b98d24ea74c9e5188d39,"{""distance"":5,""physical_error_rate"":0.005}","{""detection_events"":17302,""detectors_checked"":802816,""obs_mistake_mask=E"":1}"
    486400,         3,         0,    22.8,exact_mw,bb90ec3459e353008cf9a5bb9142bf1e8515517a9e167021b225104594e48e8a,"{""distance"":5,""physical_error_rate"":0.001}","{""detection_events"":479259,""detectors_checked"":108953600,""obs_mistake_mask=E"":3}"
       128,         1,         0,   0.544,exact_mw,38b7ae1c4e8407fc325e0d9e43e9f92ff26dcb3f5cf7b98d24ea74c9e5188d39,"{""distance"":5,""physical_error_rate"":0.005}","{""detection_events"":625,""detectors_checked"":28672,""obs_mistake_mask=E"":1}"
      1024,         0,         0,   0.480,exact_mw,3208f56225bbcac0e2804eb6f92d0a8b681652a702ca1ec920ccd7367f0e0899,"{""distance"":5,""physical_error_rate"":0.002}","{""detection_events"":2129,""detectors_checked"":229376}"
      8064,         7,         0,    23.4,exact_mw,38b7ae1c4e8407fc325e0d9e43e9f92ff26dcb3f5cf7b98d24ea74c9e5188d39,"{""distance"":5,""physical_error_rate"":0.005}","{""detection_events"":38098,""detectors_checked"":1806336,""obs_mistake_mask=E"":7}"
     79872,         0,         0,    1.44,exact_mw,f32ebecd8e105e50ec838d33c5ed9b45444b6b44a3c6ac541111079f2b14e893,"{""distance"":5,""physical_error_rate"":5e-05}","{""detection_events"":3856,""detectors_checked"":17891328}"
   1499136,         0,         0,    16.2,exact_mw,70a969f5042aec17ac076c6379f4170fb7c69b8e925756ef3b7334e28a33338b,"{""distance"":5,""physical_error_rate"":0.0001}","{""detection_events"":148151,""detectors_checked"":335806464}"
   1697792,         0,         0,    16.2,exact_mw,f32ebecd8e105e50ec838d33c5ed9b45444b6b44a3c6ac541111079f2b14e893,"{""distance"":5,""physical_error_rate"":5e-05}","{""detection_events"":84365,""detectors_checked"":380305408}"
      1024,         0,         0,   0.417,exact_mw,3208f56225bbcac0e2804eb6f92d0a8b681652a702ca1ec920ccd7367f0e0899,"{""distance"":5,""physical_error_rate"":0.002}","{""detection_events"":2066,""detectors_checked"":229376}"
    146432,         0,         0,    2.17,exact_mw,70a969f5042aec17ac076c6379f4170fb7c69b8e925756ef3b7334e28a33338b,"{""distance"":5,""physical_error_rate"":0.0001}","{""detection_events"":14327,""detectors_checked"":32800768}"
    339968,         0,         0,    3.01,exact_mw,70a969f5042aec17ac076c6379f4170fb7c69b8e925756ef3b7334e28a33338b,"{""distance"":5,""physical_error_rate"":0.0001}","{""detection_events"":33336,""detectors_checked"":76152832}"
      1024,         0,         0,   0.472,exact_mw,3208f56225bbcac0e2804eb6f92d0a8b681652a702ca1ec920ccd7367f0e0899,"{""distance"":5,""physical_error_rate"":0.002}","{""detection_events"":2037,""detectors_checked"":229376}"
       768,         0,         0,    1.55,exact_mw,38b7ae1c4e8407fc325e0d9e43e9f92ff26dcb3f5cf7b98d24ea74c9e5188d39,"{""distance"":5,""physical_error_rate"":0.005}","{""detection_events"":3600,""detectors_checked"":172032}"
       256,         0,         0,    1.01,exact_mw,38b7ae1c4e8407fc325e0d9e43e9f92ff26dcb3f5cf7b98d24ea74c9e5188d39,"{""distance"":5,""physical_error_rate"":0.005}","{""detection_events"":1197,""detectors_checked"":57344}"
    369664,         0,         0,    16.2,exact_mw,70a969f5042aec17ac076c6379f4170fb7c69b8e925756ef3b7334e28a33338b,"{""distance"":5,""physical_error_rate"":0.0001}","{""detection_events"":36257,""detectors_checked"":82804736}"
        17,         0,         0,   0.042,exact_mw,3208f56225bbcac0e2804eb6f92d0a8b681652a702ca1ec920ccd7367f0e0899,"{""distance"":5,""physical_error_rate"":0.002}","{""detection_events"":28,""detectors_checked"":3808}"
       128,         0,         0,   0.087,exact_mw,3208f56225bbcac0e2804eb6f92d0a8b681652a702ca1ec920ccd7367f0e0899,"{""distance"":5,""physical_error_rate"":0.002}","{""detection_events"":270,""detectors_checked"":28672}"
    198656,         0,         0,    2.99,exact_mw,cb12ae119b9b2ba18d0216e7235b403229e92fd0743ede48fe7f1a2c6f45d594,"{""distance"":5,""physical_error_rate"":0.0005}","{""detection_events"":97422,""detectors_checked"":44498944}"
      2048,         0,         0,   0.764,exact_mw,3208f56225bbcac0e2804eb6f92d0a8b681652a702ca1ec920ccd7367f0e0899,"{""distance"":5,""physical_error_rate"":0.002}","{""detection_events"":4020,""detectors_checked"":458752}"
    103424,         2,         0,    16.4,exact_mw,bb90ec3459e353008cf9a5bb9142bf1e8515517a9e167021b225104594e48e8a,"{""distance"":5,""physical_error_rate"":0.001}","{""detection_events"":101986,""detectors_checked"":23166976,""obs_mistake_mask=E"":2}"
    279552,         0,         0,    3.02,exact_mw,70a969f5042aec17ac076c6379f4170fb7c69b8e925756ef3b7334e28a33338b,"{""distance"":5,""physical_error_rate"":0.0001}","{""detection_events"":27639,""detectors_checked"":62619648}"
       512,         0,         0,   0.398,exact_mw,3208f56225bbcac0e2804eb6f92d0a8b681652a702ca1ec920ccd7367f0e0899,"{""distance"":5,""physical_error_rate"":0.002}","{""detection_events"":1031,""detectors_checked"":114688}"
   1017856,         0,         0,    16.2,exact_mw,cdc4a450a40af8e24899239080e4c40992fb5baf91c5a31ab3a165eacb3a1ab3,"{""distance"":5,""physical_error_rate"":0.0002}","{""detection_events"":200811,""detectors_checked"":227999744}"
    111616,         0,         0,    2.18,exact_mw,f32ebecd8e105e50ec838d33c5ed9b45444b6b44a3c6ac541111079f2b14e893,"{""distance"":5,""physical_error_rate"":5e-05}","{""detection_events"":5279,""detectors_checked"":25001984}"
       256,         1,         0,    1.04,exact_mw,38b7ae1c4e8407fc325e0d9e43e9f92ff26dcb3f5cf7b98d24ea74c9e5188d39,"{""distance"":5,""physical_error_rate"":0.005}","{""detection_events"":1244,""detectors_checked"":57344,""obs_mistake_mask=E"":1}"
    278528,         0,         0,    3.04,exact_mw,f32ebecd8e105e50ec838d33c5ed9b45444b6b44a3c6ac541111079f2b14e893,"{""distance"":5,""physical_error_rate"":5e-05}","{""detection_events"":13979,""detectors_checked"":62390272}"
   1059840,         1,         0,    16.1,exact_mw,cb12ae119b9b2ba18d0216e7235b403229e92fd0743ede48fe7f1a2c6f45d594,"{""distance"":5,""physical_error_rate"":0.0005}","{""detection_events"":519393,""detectors_checked"":237404160,""obs_mistake_mask=E"":1}"
    109568,         0,         0,    2.16,exact_mw,f32ebecd8e105e50ec838d33c5ed9b45444b6b44a3c6ac541111079f2b14e893,"{""distance"":5,""physical_error_rate"":5e-05}","{""detection_events"":5259,""detectors_checked"":24543232}"
     63488,         0,         0,    3.10,exact_mw,bb90ec3459e353008cf9a5bb9142bf1e8515517a9e167021b225104594e48e8a,"{""distance"":5,""physical_error_rate"":0.001}","{""detection_events"":61595,""detectors_checked"":14221312}"
       512,         0,         0,   0.479,exact_mw,3208f56225bbcac0e2804eb6f92d0a8b681652a702ca1ec920ccd7367f0e0899,"{""distance"":5,""physical_error_rate"":0.002}","{""detection_events"":1152,""detectors_checked"":114688}"
     77824,         0,         0,    3.03,exact_mw,bb90ec3459e353008cf9a5bb9142bf1e8515517a9e167021b225104594e48e8a,"{""distance"":5,""physical_error_rate"":0.001}","{""detection_events"":76680,""detectors_checked"":17432576}"
      2048,         0,         0,   0.865,exact_mw,3208f56225bbcac0e2804eb6f92d0a8b681652a702ca1ec920ccd7367f0e0899,"{""distance"":5,""physical_error_rate"":0.002}","{""detection_events"":4028,""detectors_checked"":458752}"
       512,         0,         0,   0.300,exact_mw,3208f56225bbcac0e2804eb6f92d0a8b681652a702ca1ec920ccd7367f0e0899,"{""distance"":5,""physical_error_rate"":0.002}","{""detection_events"":931,""detectors_checked"":114688}"
    157696,         0,         0,    3.05,exact_mw,cb12ae119b9b2ba18d0216e7235b403229e92fd0743ede48fe7f1a2c6f45d594,"{""distance"":5,""physical_error_rate"":0.0005}","{""detection_events"":77566,""detectors_checked"":35323904}"
       768,         0,         0,    1.81,exact_mw,38b7ae1c4e8407fc325e0d9e43e9f92ff26dcb3f5cf7b98d24ea74c9e5188d39,"{""distance"":5,""physical_error_rate"":0.005}","{""detection_events"":3850,""detectors_checked"":172032}"
    123904,         7,         0,    23.2,exact_mw,3208f56225bbcac0e2804eb6f92d0a8b681652a702ca1ec920ccd7367f0e0899,"{""distance"":5,""physical_error_rate"":0.002}","{""detection_events"":241384,""detectors_checked"":27754496,""obs_mistake_mask=E"":7}"
      3840,         3,         0,    23.5,exact_mw,38b7ae1c4e8407fc325e0d9e43e9f92ff26dcb3f5cf7b98d24ea74c9e5188d39,"{""distance"":5,""physical_error_rate"":0.005}","{""detection_events"":18693,""detectors_checked"":860160,""obs_mistake_mask=E"":3}"
       512,         0,         0,   0.299,exact_mw,3208f56225bbcac0e2804eb6f92d0a8b681652a702ca1ec920ccd7367f0e0899,"{""distance"":5,""physical_error_rate"":0.002}","{""detection_events"":959,""detectors_checked"":114688}"
       384,         0,         0,    1.23,exact_mw,38b7ae1c4e8407fc325e0d9e43e9f92ff26dcb3f5cf7b98d24ea74c9e5188d39,"{""distance"":5,""physical_error_rate"":0.005}","{""detection_events"":1744,""detectors_checked"":86016}"
      2048,         0,         0,   0.866,exact_mw,3208f56225bbcac0e2804eb6f92d0a8b681652a702ca1ec920ccd7367f0e0899,"{""distance"":5,""physical_error_rate"":0.002}","{""detection_events"":3961,""detectors_checked"":458752}"
    199680,         0,         0,    2.94,exact_mw,70a969f5042aec17ac076c6379f4170fb7c69b8e925756ef3b7334e28a33338b,"{""distance"":5,""physical_error_rate"":0.0001}","{""detection_events"":19724,""detectors_checked"":44728320}"
      1297,         0,         0,   0.060,exact_mw,cdc4a450a40af8e24899239080e4c40992fb5baf91c5a31ab3a165eacb3a1ab3,"{""distance"":5,""physical_error_rate"":0.0002}","{""detection_events"":228,""detectors_checked"":290528}"
      1024,         0,         0,   0.059,exact_mw,cdc4a450a40af8e24899239080e4c40992fb5baf91c5a31ab3a165eacb3a1ab3,"{""distance"":5,""physical_error_rate"":0.0002}","{""detection_events"":157,""detectors_checked"":229376}"
      1024,         0,         0,   0.843,exact_mw,3208f56225bbcac0e2804eb6f92d0a8b681652a702ca1ec920ccd7367f0e0899,"{""distance"":5,""physical_error_rate"":0.002}","{""detection_events"":2073,""detectors_checked"":229376}"
      1024,         0,         0,   0.059,exact_mw,cdc4a450a40af8e24899239080e4c40992fb5baf91c5a31ab3a165eacb3a1ab3,"{""distance"":5,""physical_error_rate"":0.0002}","{""detection_events"":161,""detectors_checked"":229376}"
      2048,         0,         0,   0.062,exact_mw,cdc4a450a40af8e24899239080e4c40992fb5baf91c5a31ab3a165eacb3a1ab3,"{""distance"":5,""physical_error_rate"":0.0002}","{""detection_events"":388,""detectors_checked"":458752}"
      1024,         0,         0,   0.059,exact_mw,cdc4a450a40af8e24899239080e4c40992fb5baf91c5a31ab3a165eacb3a1ab3,"{""distance"":5,""physical_error_rate"":0.0002}","{""detection_events"":214,""detectors_checked"":229376}"
      1024,         0,         0,   0.059,exact_mw,cdc4a450a40af8e24899239080e4c40992fb5baf91c5a31ab3a165eacb3a1ab3,"{""distance"":5,""physical_error_rate"":0.0002}","{""detection_events"":175,""detectors_checked"":229376}"
    449536,         0,         0,    4.19,exact_mw,cdc4a450a40af8e24899239080e4c40992fb5baf91c5a31ab3a165eacb3a1ab3,"{""distance"":5,""physical_error_rate"":0.0002}","{""detection_events"":88578,""detectors_checked"":100696064}"
      3072,         0,         0,   0.121,exact_mw,cdc4a450a40af8e24899239080e4c40992fb5baf91c5a31ab3a165eacb3a1ab3,"{""distance"":5,""physical_error_rate"":0.0002}","{""detection_events"":615,""detectors_checked"":688128}"
      3072,         0,         0,   0.121,exact_mw,cdc4a450a40af8e24899239080e4c40992fb5baf91c5a31ab3a165eacb3a1ab3,"{""distance"":5,""physical_error_rate"":0.0002}","{""detection_events"":676,""detectors_checked"":688128}"
      3072,         0,         0,   0.201,exact_mw,cdc4a450a40af8e24899239080e4c40992fb5baf91c5a31ab3a165eacb3a1ab3,"{""distance"":5,""physical_error_rate"":0.0002}","{""detection_events"":635,""detectors_checked"":688128}"
      1024,         0,         0,   0.836,exact_mw,3208f56225bbcac0e2804eb6f92d0a8b681652a702ca1ec920ccd7367f0e0899,"{""distance"":5,""physical_error_rate"":0.002}","{""detection_events"":2003,""detectors_checked"":229376}"
      5120,         0,         0,   0.218,exact_mw,cdc4a450a40af8e24899239080e4c40992fb5baf91c5a31ab3a165eacb3a1ab3,"{""distance"":5,""physical_error_rate"":0.0002}","{""detection_events"":1014,""detectors_checked"":1146880}"
      4096,         0,         0,    1.44,exact_mw,3208f56225bbcac0e2804eb6f92d0a8b681652a702ca1ec920ccd7367f0e0899,"{""distance"":5,""physical_error_rate"":0.002}","{""detection_events"":7909,""detectors_checked"":917504}"
      6144,         0,         0,   0.357,exact_mw,cdc4a450a40af8e24899239080e4c40992fb5baf91c5a31ab3a165eacb3a1ab3,"{""distance"":5,""physical_error_rate"":0.0002}","{""detection_events"":1203,""detectors_checked"":1376256}"
    156672,         0,         0,    2.91,exact_mw,f32ebecd8e105e50ec838d33c5ed9b45444b6b44a3c6ac541111079f2b14e893,"{""distance"":5,""physical_error_rate"":5e-05}","{""detection_events"":7897,""detectors_checked"":35094528}"
    490496,         0,         0,    4.21,exact_mw,70a969f5042aec17ac076c6379f4170fb7c69b8e925756ef3b7334e28a33338b,"{""distance"":5,""physical_error_rate"":0.0001}","{""detection_events"":48579,""detectors_checked"":109871104}"
      1280,         0,         0,    2.47,exact_mw,38b7ae1c4e8407fc325e0d9e43e9f92ff26dcb3f5cf7b98d24ea74c9e5188d39,"{""distance"":5,""physical_error_rate"":0.005}","{""detection_events"":5952,""detectors_checked"":286720}"
       512,         3,         0,    2.01,exact_mw,38b7ae1c4e8407fc325e0d9e43e9f92ff26dcb3f5cf7b98d24ea74c9e5188d39,"{""distance"":5,""physical_error_rate"":0.005}","{""detection_events"":2413,""detectors_checked"":114688,""obs_mistake_mask=E"":3}"
    181248,         0,         0,    2.98,exact_mw,f32ebecd8e105e50ec838d33c5ed9b45444b6b44a3c6ac541111079f2b14e893,"{""distance"":5,""physical_error_rate"":5e-05}","{""detection_events"":9196,""detectors_checked"":40599552}"
      7168,         0,         0,   0.421,exact_mw,cdc4a450a40af8e24899239080e4c40992fb5baf91c5a31ab3a165eacb3a1ab3,"{""distance"":5,""physical_error_rate"":0.0002}","{""detection_events"":1460,""detectors_checked"":1605632}"
      1024,         0,         0,   0.862,exact_mw,3208f56225bbcac0e2804eb6f92d0a8b681652a702ca1ec920ccd7367f0e0899,"{""distance"":5,""physical_error_rate"":0.002}","{""detection_events"":1862,""detectors_checked"":229376}"
     69632,         2,         0,    16.6,exact_mw,3208f56225bbcac0e2804eb6f92d0a8b681652a702ca1ec920ccd7367f0e0899,"{""distance"":5,""physical_error_rate"":0.002}","{""detection_events"":136395,""detectors_checked"":15597568,""obs_mistake_mask=E"":2}"
    565248,         0,         0,    4.25,exact_mw,cb12ae119b9b2ba18d0216e7235b403229e92fd0743ede48fe7f1a2c6f45d594,"{""distance"":5,""physical_error_rate"":0.0005}","{""detection_events"":278708,""detectors_checked"":126615552}"
   1278976,         0,         0,    31.8,exact_mw,cb12ae119b9b2ba18d0216e7235b403229e92fd0743ede48fe7f1a2c6f45d594,"{""distance"":5,""physical_error_rate"":0.0005}","{""detection_events"":631344,""detectors_checked"":286490624}"
      9216,         0,         0,   0.613,exact_mw,cdc4a450a40af8e24899239080e4c40992fb5baf91c5a31ab3a165eacb3a1ab3,"{""distance"":5,""physical_error_rate"":0.0002}","{""detection_events"":1848,""detectors_checked"":2064384}"
    388096,         0,         0,    4.24,exact_mw,70a969f5042aec17ac076c6379f4170fb7c69b8e925756ef3b7334e28a33338b,"{""distance"":5,""physical_error_rate"":0.0001}","{""detection_events"":37966,""detectors_checked"":86933504}"
    576512,         4,         0,    31.9,exact_mw,bb90ec3459e353008cf9a5bb9142bf1e8515517a9e167021b225104594e48e8a,"{""distance"":5,""physical_error_rate"":0.001}","{""detection_events"":566807,""detectors_checked"":129138688,""obs_mistake_mask=E"":4}"
   1676288,         1,         0,    31.7,exact_mw,cb12ae119b9b2ba18d0216e7235b403229e92fd0743ede48fe7f1a2c6f45d594,"{""distance"":5,""physical_error_rate"":0.0005}","{""detection_events"":826081,""detectors_checked"":375488512,""obs_mistake_mask=E"":1}"
    390144,         0,         0,    4.25,exact_mw,f32ebecd8e105e50ec838d33c5ed9b45444b6b44a3c6ac541111079f2b14e893,"{""distance"":5,""physical_error_rate"":5e-05}","{""detection_events"":19203,""detectors_checked"":87392256}"
     88064,         1,         0,    4.25,exact_mw,bb90ec3459e353008cf9a5bb9142bf1e8515517a9e167021b225104594e48e8a,"{""distance"":5,""physical_error_rate"":0.001}","{""detection_events"":86350,""detectors_checked"":19726336,""obs_mistake_mask=E"":1}"
   2546688,         0,         0,    31.7,exact_mw,70a969f5042aec17ac076c6379f4170fb7c69b8e925756ef3b7334e28a33338b,"{""distance"":5,""physical_error_rate"":0.0001}","{""detection_events"":250823,""detectors_checked"":570458112}"
    107520,         0,         0,    4.30,exact_mw,bb90ec3459e353008cf9a5bb9142bf1e8515517a9e167021b225104594e48e8a,"{""distance"":5,""physical_error_rate"":0.001}","{""detection_events"":106082,""detectors_checked"":24084480}"
      5120,         0,         0,    1.90,exact_mw,3208f56225bbcac0e2804eb6f92d0a8b681652a702ca1ec920ccd7367f0e0899,"{""distance"":5,""physical_error_rate"":0.002}","{""detection_events"":9714,""detectors_checked"":1146880}"
      1024,         1,         0,    1.32,exact_mw,3208f56225bbcac0e2804eb6f92d0a8b681652a702ca1ec920ccd7367f0e0899,"{""distance"":5,""physical_error_rate"":0.002}","{""detection_events"":2096,""detectors_checked"":229376,""obs_mistake_mask=E"":1}"
     13312,         0,         0,   0.794,exact_mw,cdc4a450a40af8e24899239080e4c40992fb5baf91c5a31ab3a165eacb3a1ab3,"{""distance"":5,""physical_error_rate"":0.0002}","{""detection_events"":2699,""detectors_checked"":2981888}"
    352256,         6,         0,    32.0,exact_mw,bb90ec3459e353008cf9a5bb9142bf1e8515517a9e167021b225104594e48e8a,"{""distance"":5,""physical_error_rate"":0.001}","{""detection_events"":346287,""detectors_checked"":78905344,""obs_mistake_mask=E"":6}"
    220160,         0,         0,    4.18,exact_mw,cb12ae119b9b2ba18d0216e7235b403229e92fd0743ede48fe7f1a2c6f45d594,"{""distance"":5,""physical_error_rate"":0.0005}","{""detection_events"":108676,""detectors_checked"":49315840}"
       512,         0,         0,   0.485,exact_mw,3208f56225bbcac0e2804eb6f92d0a8b681652a702ca1ec920ccd7367f0e0899,"{""distance"":5,""physical_error_rate"":0.002}","{""detection_events"":977,""detectors_checked"":114688}"
   2236416,         0,         0,    31.6,exact_mw,cdc4a450a40af8e24899239080e4c40992fb5baf91c5a31ab3a165eacb3a1ab3,"{""distance"":5,""physical_error_rate"":0.0002}","{""detection_events"":440719,""detectors_checked"":500957184}"
       640,         2,         0,    2.44,exact_mw,38b7ae1c4e8407fc325e0d9e43e9f92ff26dcb3f5cf7b98d24ea74c9e5188d39,"{""distance"":5,""physical_error_rate"":0.005}","{""detection_events"":3051,""detectors_checked"":143360,""obs_mistake_mask=E"":2}"
       512,         1,         0,   0.482,exact_mw,3208f56225bbcac0e2804eb6f92d0a8b681652a702ca1ec920ccd7367f0e0899,"{""distance"":5,""physical_error_rate"":0.002}","{""detection_events"":1100,""detectors_checked"":114688,""obs_mistake_mask=E"":1}"
    541696,         0,         0,    16.2,exact_mw,cb12ae119b9b2ba18d0216e7235b403229e92fd0743ede48fe7f1a2c6f45d594,"{""distance"":5,""physical_error_rate"":0.0005}","{""detection_events"":266811,""detectors_checked"":121339904}"
    293888,         0,         0,    4.22,exact_mw,70a969f5042aec17ac076c6379f4170fb7c69b8e925756ef3b7334e28a33338b,"{""distance"":5,""physical_error_rate"":0.0001}","{""detection_events"":29443,""detectors_checked"":65830912}"
     19456,         0,         0,    1.12,exact_mw,cdc4a450a40af8e24899239080e4c40992fb5baf91c5a31ab3a165eacb3a1ab3,"{""distance"":5,""physical_error_rate"":0.0002}","{""detection_events"":3678,""detectors_checked"":4358144}"
    413696,         5,         0,    16.3,exact_mw,bb90ec3459e353008cf9a5bb9142bf1e8515517a9e167021b225104594e48e8a,"{""distance"":5,""physical_error_rate"":0.001}","{""detection_events"":405801,""detectors_checked"":92667904,""obs_mistake_mask=E"":5}"
   2421760,         0,         0,    31.8,exact_mw,f32ebecd8e105e50ec838d33c5ed9b45444b6b44a3c6ac541111079f2b14e893,"{""distance"":5,""physical_error_rate"":5e-05}","{""detection_events"":119572,""detectors_checked"":542474240}"
   2236416,         0,         0,    31.5,exact_mw,70a969f5042aec17ac076c6379f4170fb7c69b8e925756ef3b7334e28a33338b,"{""distance"":5,""physical_error_rate"":0.0001}","{""detection_events"":221435,""detectors_checked"":500957184}"
   1895424,         0,         0,    31.7,exact_mw,cb12ae119b9b2ba18d0216e7235b403229e92fd0743ede48fe7f1a2c6f45d594,"{""distance"":5,""physical_error_rate"":0.0005}","{""detection_events"":932008,""detectors_checked"":424574976}"
      1536,         1,         0,    3.48,exact_mw,38b7ae1c4e8407fc325e0d9e43e9f92ff26dcb3f5cf7b98d24ea74c9e5188d39,"{""distance"":5,""physical_error_rate"":0.005}","{""detection_events"":7518,""detectors_checked"":344064,""obs_mistake_mask=E"":1}"
      1024,         0,         0,    1.16,exact_mw,3208f56225bbcac0e2804eb6f92d0a8b681652a702ca1ec920ccd7367f0e0899,"{""distance"":5,""physical_error_rate"":0.002}","{""detection_events"":2017,""detectors_checked"":229376}"
      4096,         0,         0,    2.21,exact_mw,3208f56225bbcac0e2804eb6f92d0a8b681652a702ca1ec920ccd7367f0e0899,"{""distance"":5,""physical_error_rate"":0.002}","{""detection_events"":8000,""detectors_checked"":917504}"
   1315840,         0,         0,    16.2,exact_mw,cdc4a450a40af8e24899239080e4c40992fb5baf91c5a31ab3a165eacb3a1ab3,"{""distance"":5,""physical_error_rate"":0.0002}","{""detection_events"":260064,""detectors_checked"":294748160}"
   1009664,         0,         0,    31.9,exact_mw,cb12ae119b9b2ba18d0216e7235b403229e92fd0743ede48fe7f1a2c6f45d594,"{""distance"":5,""physical_error_rate"":0.0005}","{""detection_events"":499313,""detectors_checked"":226164736}"
   3538944,         0,         0,    31.8,exact_mw,f32ebecd8e105e50ec838d33c5ed9b45444b6b44a3c6ac541111079f2b14e893,"{""distance"":5,""physical_error_rate"":5e-05}","{""detection_events"":174781,""detectors_checked"":792723456}"
     75776,         0,         0,    4.25,exact_mw,f32ebecd8e105e50ec838d33c5ed9b45444b6b44a3c6ac541111079f2b14e893,"{""distance"":5,""physical_error_rate"":5e-05}","{""detection_events"":3634,""detectors_checked"":16973824}"
   1097728,         0,         0,    31.9,exact_mw,70a969f5042aec17ac076c6379f4170fb7c69b8e925756ef3b7334e28a33338b,"{""distance"":5,""physical_error_rate"":0.0001}","{""detection_events"":108122,""detectors_checked"":245891072}"
     25600,         0,         0,    1.57,exact_mw,cdc4a450a40af8e24899239080e4c40992fb5baf91c5a31ab3a165eacb3a1ab3,"{""distance"":5,""physical_error_rate"":0.0002}","{""detection_events"":5174,""detectors_checked"":5734400}"
   2319360,         0,         0,    31.6,exact_mw,70a969f5042aec17ac076c6379f4170fb7c69b8e925756ef3b7334e28a33338b,"{""distance"":5,""physical_error_rate"":0.0001}","{""detection_events"":229104,""detectors_checked"":519536640}"
    782336,         0,         0,    4.24,exact_mw,f32ebecd8e105e50ec838d33c5ed9b45444b6b44a3c6ac541111079f2b14e893,"{""distance"":5,""physical_error_rate"":5e-05}","{""detection_events"":38238,""detectors_checked"":175243264}"
   3947520,         0,         0,    31.6,exact_mw,cdc4a450a40af8e24899239080e4c40992fb5baf91c5a31ab3a165eacb3a1ab3,"{""distance"":5,""physical_error_rate"":0.0002}","{""detection_events"":777065,""detectors_checked"":884244480}"
      1024,         0,         0,   0.883,exact_mw,3208f56225bbcac0e2804eb6f92d0a8b681652a702ca1ec920ccd7367f0e0899,"{""distance"":5,""physical_error_rate"":0.002}","{""detection_events"":1966,""detectors_checked"":229376}"
   2366464,         0,         0,    31.8,exact_mw,70a969f5042aec17ac076c6379f4170fb7c69b8e925756ef3b7334e28a33338b,"{""distance"":5,""physical_error_rate"":0.0001}","{""detection_events"":233713,""detectors_checked"":530087936}"
   1457152,         0,         0,    31.8,exact_mw,70a969f5042aec17ac076c6379f4170fb7c69b8e925756ef3b7334e28a33338b,"{""distance"":5,""physical_error_rate"":0.0001}","{""detection_events"":143354,""detectors_checked"":326402048}"
    660480,         0,         0,    5.93,exact_mw,cdc4a450a40af8e24899239080e4c40992fb5baf91c5a31ab3a165eacb3a1ab3,"{""distance"":5,""physical_error_rate"":0.0002}","{""detection_events"":129802,""detectors_checked"":147947520}"
   8873984,         0,         0,    31.9,exact_mw,f32ebecd8e105e50ec838d33c5ed9b45444b6b44a3c6ac541111079f2b14e893,"{""distance"":5,""physical_error_rate"":5e-05}","{""detection_events"":437827,""detectors_checked"":1987772416}"
    343040,         5,         0,    32.1,exact_mw,bb90ec3459e353008cf9a5bb9142bf1e8515517a9e167021b225104594e48e8a,"{""distance"":5,""physical_error_rate"":0.001}","{""detection_events"":335894,""detectors_checked"":76840960,""obs_mistake_mask=E"":5}"
   2586624,         0,         0,    31.7,exact_mw,70a969f5042aec17ac076c6379f4170fb7c69b8e925756ef3b7334e28a33338b,"{""distance"":5,""physical_error_rate"":0.0001}","{""detection_events"":255498,""detectors_checked"":579403776}"
    649216,         5,         0,    31.9,exact_mw,bb90ec3459e353008cf9a5bb9142bf1e8515517a9e167021b225104594e48e8a,"{""distance"":5,""physical_error_rate"":0.001}","{""detection_events"":637932,""detectors_checked"":145424384,""obs_mistake_mask=E"":5}"
   2537472,         0,         0,    31.8,exact_mw,f32ebecd8e105e50ec838d33c5ed9b45444b6b44a3c6ac541111079f2b14e893,"{""distance"":5,""physical_error_rate"":5e-05}","{""detection_events"":125181,""detectors_checked"":568393728}"
   1676288,         5,         0,    31.9,exact_mw,bb90ec3459e353008cf9a5bb9142bf1e8515517a9e167021b225104594e48e8a,"{""distance"":5,""physical_error_rate"":0.001}","{""detection_events"":1646763,""detectors_checked"":375488512,""obs_mistake_mask=E"":5}"
   2525184,         0,         0,    31.8,exact_mw,f32ebecd8e105e50ec838d33c5ed9b45444b6b44a3c6ac541111079f2b14e893,"{""distance"":5,""physical_error_rate"":5e-05}","{""detection_events"":124236,""detectors_checked"":565641216}"
   3558400,         0,         0,    31.8,exact_mw,cdc4a450a40af8e24899239080e4c40992fb5baf91c5a31ab3a165eacb3a1ab3,"{""distance"":5,""physical_error_rate"":0.0002}","{""detection_events"":702465,""detectors_checked"":797081600}"
   2241536,         0,         0,    31.7,exact_mw,cdc4a450a40af8e24899239080e4c40992fb5baf91c5a31ab3a165eacb3a1ab3,"{""distance"":5,""physical_error_rate"":0.0002}","{""detection_events"":441452,""detectors_checked"":502104064}"
    244736,         5,         0,    31.9,exact_mw,bb90ec3459e353008cf9a5bb9142bf1e8515517a9e167021b225104594e48e8a,"{""distance"":5,""physical_error_rate"":0.001}","{""detection_events"":238072,""detectors_checked"":54820864,""obs_mistake_mask=E"":5}"
   2298880,         0,         0,    31.6,exact_mw,cdc4a450a40af8e24899239080e4c40992fb5baf91c5a31ab3a165eacb3a1ab3,"{""distance"":5,""physical_error_rate"":0.0002}","{""detection_events"":453480,""detectors_checked"":514949120}"
   1972224,         2,         0,    31.8,exact_mw,cb12ae119b9b2ba18d0216e7235b403229e92fd0743ede48fe7f1a2c6f45d594,"{""distance"":5,""physical_error_rate"":0.0005}","{""detection_events"":970274,""detectors_checked"":441778176,""obs_mistake_mask=E"":2}"
   2178048,         0,         0,    31.8,exact_mw,cdc4a450a40af8e24899239080e4c40992fb5baf91c5a31ab3a165eacb3a1ab3,"{""distance"":5,""physical_error_rate"":0.0002}","{""detection_events"":430200,""detectors_checked"":487882752}"
      1536,         0,         0,    1.21,exact_mw,3208f56225bbcac0e2804eb6f92d0a8b681652a702ca1ec920ccd7367f0e0899,"{""distance"":5,""physical_error_rate"":0.002}","{""detection_events"":3044,""detectors_checked"":344064}"
   1272832,         0,         0,    31.8,exact_mw,f32ebecd8e105e50ec838d33c5ed9b45444b6b44a3c6ac541111079f2b14e893,"{""distance"":5,""physical_error_rate"":5e-05}","{""detection_events"":62900,""detectors_checked"":285114368}"
    179200,        11,         0,    32.3,exact_mw,3208f56225bbcac0e2804eb6f92d0a8b681652a702ca1ec920ccd7367f0e0899,"{""distance"":5,""physical_error_rate"":0.002}","{""detection_events"":350478,""detectors_checked"":40140800,""obs_mistake_mask=E"":11}"
   3113984,         0,         0,    31.8,exact_mw,cdc4a450a40af8e24899239080e4c40992fb5baf91c5a31ab3a165eacb3a1ab3,"{""distance"":5,""physical_error_rate"":0.0002}","{""detection_events"":613918,""detectors_checked"":697532416}"
   1884160,         1,         0,    31.8,exact_mw,cb12ae119b9b2ba18d0216e7235b403229e92fd0743ede48fe7f1a2c6f45d594,"{""distance"":5,""physical_error_rate"":0.0005}","{""detection_events"":927067,""detectors_checked"":422051840,""obs_mistake_mask=E"":1}"
       768,         0,         0,    3.39,exact_mw,38b7ae1c4e8407fc325e0d9e43e9f92ff26dcb3f5cf7b98d24ea74c9e5188d39,"{""distance"":5,""physical_error_rate"":0.005}","{""detection_events"":3773,""detectors_checked"":172032}"
    893952,         6,         0,    32.0,exact_mw,bb90ec3459e353008cf9a5bb9142bf1e8515517a9e167021b225104594e48e8a,"{""distance"":5,""physical_error_rate"":0.001}","{""detection_events"":876341,""detectors_checked"":200245248,""obs_mistake_mask=E"":6}"
    677888,         0,         0,    5.86,exact_mw,70a969f5042aec17ac076c6379f4170fb7c69b8e925756ef3b7334e28a33338b,"{""distance"":5,""physical_error_rate"":0.0001}","{""detection_events"":66825,""detectors_checked"":151846912}"
    112640,         9,         0,    32.3,exact_mw,3208f56225bbcac0e2804eb6f92d0a8b681652a702ca1ec920ccd7367f0e0899,"{""distance"":5,""physical_error_rate"":0.002}","{""detection_events"":218356,""detectors_checked"":25231360,""obs_mistake_mask=E"":9}"
   1880064,         1,         0,    31.8,exact_mw,cb12ae119b9b2ba18d0216e7235b403229e92fd0743ede48fe7f1a2c6f45d594,"{""distance"":5,""physical_error_rate"":0.0005}","{""detection_events"":923568,""detectors_checked"":421134336,""obs_mistake_mask=E"":1}"
     46080,         0,         0,    2.23,exact_mw,cdc4a450a40af8e24899239080e4c40992fb5baf91c5a31ab3a165eacb3a1ab3,"{""distance"":5,""physical_error_rate"":0.0002}","{""detection_events"":9188,""detectors_checked"":10321920}"
    556032,         0,         0,    5.93,exact_mw,cb12ae119b9b2ba18d0216e7235b403229e92fd0743ede48fe7f1a2c6f45d594,"{""distance"":5,""physical_error_rate"":0.0005}","{""detection_events"":270967,""detectors_checked"":124551168}"
    129024,        16,         0,    32.3,exact_mw,3208f56225bbcac0e2804eb6f92d0a8b681652a702ca1ec920ccd7367f0e0899,"{""distance"":5,""physical_error_rate"":0.002}","{""detection_events"":251911,""detectors_checked"":28901376,""obs_mistake_mask=E"":16}"
    545792,         0,         0,    5.95,exact_mw,70a969f5042aec17ac076c6379f4170fb7c69b8e925756ef3b7334e28a33338b,"{""distance"":5,""physical_error_rate"":0.0001}","{""detection_events"":54136,""detectors_checked"":122257408}"
      6144,         1,         0,    3.34,exact_mw,3208f56225bbcac0e2804eb6f92d0a8b681652a702ca1ec920ccd7367f0e0899,"{""distance"":5,""physical_error_rate"":0.002}","{""detection_events"":11775,""detectors_checked"":1376256,""obs_mistake_mask=E"":1}"
    547840,         0,         0,    5.91,exact_mw,f32ebecd8e105e50ec838d33c5ed9b45444b6b44a3c6ac541111079f2b14e893,"{""distance"":5,""physical_error_rate"":5e-05}","{""detection_events"":27067,""detectors_checked"":122716160}"
    363520,         0,         0,    32.1,exact_mw,bb90ec3459e353008cf9a5bb9142bf1e8515517a9e167021b225104594e48e8a,"{""distance"":5,""physical_error_rate"":0.001}","{""detection_events"":357257,""detectors_checked"":81428480}"
   2800640,         0,         0,    31.8,exact_mw,70a969f5042aec17ac076c6379f4170fb7c69b8e925756ef3b7334e28a33338b,"{""distance"":5,""physical_error_rate"":0.0001}","{""detection_events"":274328,""detectors_checked"":627343360}"
   2120704,         2,         0,    31.6,exact_mw,cb12ae119b9b2ba18d0216e7235b403229e92fd0743ede48fe7f1a2c6f45d594,"{""distance"":5,""physical_error_rate"":0.0005}","{""detection_events"":1042772,""detectors_checked"":475037696,""obs_mistake_mask=E"":2}"
    129024,         1,         0,    6.00,exact_mw,bb90ec3459e353008cf9a5bb9142bf1e8515517a9e167021b225104594e48e8a,"{""distance"":5,""physical_error_rate"":0.001}","{""detection_events"":125867,""detectors_checked"":28901376,""obs_mistake_mask=E"":1}"
    159744,         0,         0,    5.98,exact_mw,bb90ec3459e353008cf9a5bb9142bf1e8515517a9e167021b225104594e48e8a,"{""distance"":5,""physical_error_rate"":0.001}","{""detection_events"":156386,""detectors_checked"":35782656}"
    484352,         0,         0,    31.9,exact_mw,cb12ae119b9b2ba18d0216e7235b403229e92fd0743ede48fe7f1a2c6f45d594,"{""distance"":5,""physical_error_rate"":0.0005}","{""detection_events"":237929,""detectors_checked"":108494848}"
    317440,         0,         0,    5.94,exact_mw,cb12ae119b9b2ba18d0216e7235b403229e92fd0743ede48fe7f1a2c6f45d594,"{""distance"":5,""physical_error_rate"":0.0005}","{""detection_events"":155315,""detectors_checked"":71106560}"
   1339392,         0,         0,    31.8,exact_mw,cdc4a450a40af8e24899239080e4c40992fb5baf91c5a31ab3a165eacb3a1ab3,"{""distance"":5,""physical_error_rate"":0.0002}","{""detection_events"":263153,""detectors_checked"":300023808}"
      2048,         0,         0,    2.02,exact_mw,3208f56225bbcac0e2804eb6f92d0a8b681652a702ca1ec920ccd7367f0e0899,"{""distance"":5,""physical_error_rate"":0.002}","{""detection_events"":4213,""detectors_checked"":458752}"
   1150976,         0,         0,    31.8,exact_mw,cdc4a450a40af8e24899239080e4c40992fb5baf91c5a31ab3a165eacb3a1ab3,"{""distance"":5,""physical_error_rate"":0.0002}","{""detection_events"":226453,""detectors_checked"":257818624}"
   2106368,         0,         0,    31.8,exact_mw,cb12ae119b9b2ba18d0216e7235b403229e92fd0743ede48fe7f1a2c6f45d594,"{""distance"":5,""physical_error_rate"":0.0005}","{""detection_events"":1037667,""detectors_checked"":471826432}"
    160768,         7,         0,    32.3,exact_mw,3208f56225bbcac0e2804eb6f92d0a8b681652a702ca1ec920ccd7367f0e0899,"{""distance"":5,""physical_error_rate"":0.002}","{""detection_events"":313631,""detectors_checked"":36012032,""obs_mistake_mask=E"":7}"
    166912,         8,         0,    32.2,exact_mw,3208f56225bbcac0e2804eb6f92d0a8b681652a702ca1ec920ccd7367f0e0899,"{""distance"":5,""physical_error_rate"":0.002}","{""detection_events"":324687,""detectors_checked"":37388288,""obs_mistake_mask=E"":8}"
   1308672,         0,         0,    31.8,exact_mw,70a969f5042aec17ac076c6379f4170fb7c69b8e925756ef3b7334e28a33338b,"{""distance"":5,""physical_error_rate"":0.0001}","{""detection_events"":128435,""detectors_checked"":293142528}"
      2304,         3,         0,    4.81,exact_mw,38b7ae1c4e8407fc325e0d9e43e9f92ff26dcb3f5cf7b98d24ea74c9e5188d39,"{""distance"":5,""physical_error_rate"":0.005}","{""detection_events"":11172,""detectors_checked"":516096,""obs_mistake_mask=E"":3}"
    622592,         3,         0,    32.0,exact_mw,bb90ec3459e353008cf9a5bb9142bf1e8515517a9e167021b225104594e48e8a,"{""distance"":5,""physical_error_rate"":0.001}","{""detection_events"":612881,""detectors_checked"":139460608,""obs_mistake_mask=E"":3}"
    276480,         0,         0,    5.98,exact_mw,70a969f5042aec17ac076c6379f4170fb7c69b8e925756ef3b7334e28a33338b,"{""distance"":5,""physical_error_rate"":0.0001}","{""detection_events"":27294,""detectors_checked"":61931520}"
    106496,         4,         0,    32.5,exact_mw,3208f56225bbcac0e2804eb6f92d0a8b681652a702ca1ec920ccd7367f0e0899,"{""distance"":5,""physical_error_rate"":0.002}","{""detection_events"":207776,""detectors_checked"":23855104,""obs_mistake_mask=E"":4}"
    104448,         3,         0,    32.2,exact_mw,3208f56225bbcac0e2804eb6f92d0a8b681652a702ca1ec920ccd7367f0e0899,"{""distance"":5,""physical_error_rate"":0.002}","{""detection_events"":204172,""detectors_checked"":23396352,""obs_mistake_mask=E"":3}"
    146432,        14,         0,    32.1,exact_mw,3208f56225bbcac0e2804eb6f92d0a8b681652a702ca1ec920ccd7367f0e0899,"{""distance"":5,""physical_error_rate"":0.002}","{""detection_events"":286418,""detectors_checked"":32800768,""obs_mistake_mask=E"":14}"
   2830336,         0,         0,    31.8,exact_mw,f32ebecd8e105e50ec838d33c5ed9b45444b6b44a3c6ac541111079f2b14e893,"{""distance"":5,""physical_error_rate"":5e-05}","{""detection_events"":138924,""detectors_checked"":633995264}"
     58368,         0,         0,    3.10,exact_mw,cdc4a450a40af8e24899239080e4c40992fb5baf91c5a31ab3a165eacb3a1ab3,"{""distance"":5,""physical_error_rate"":0.0002}","{""detection_events"":11115,""detectors_checked"":13074432}"
      4224,         3,         0,    16.8,exact_mw,38b7ae1c4e8407fc325e0d9e43e9f92ff26dcb3f5cf7b98d24ea74c9e5188d39,"{""distance"":5,""physical_error_rate"":0.005}","{""detection_events"":20262,""detectors_checked"":946176,""obs_mistake_mask=E"":3}"
     10752,         8,         0,    32.7,exact_mw,38b7ae1c4e8407fc325e0d9e43e9f92ff26dcb3f5cf7b98d24ea74c9e5188d39,"{""distance"":5,""physical_error_rate"":0.005}","{""detection_events"":51437,""detectors_checked"":2408448,""obs_mistake_mask=E"":8}"
    304128,         0,         0,    5.86,exact_mw,f32ebecd8e105e50ec838d33c5ed9b45444b6b44a3c6ac541111079f2b14e893,"{""distance"":5,""physical_error_rate"":5e-05}","{""detection_events"":14936,""detectors_checked"":68124672}"
   1090560,         0,         0,    5.93,exact_mw,f32ebecd8e105e50ec838d33c5ed9b45444b6b44a3c6ac541111079f2b14e893,"{""distance"":5,""physical_error_rate"":5e-05}","{""detection_events"":53968,""detectors_checked"":244285440}"
      1024,         1,         0,    4.68,exact_mw,38b7ae1c4e8407fc325e0d9e43e9f92ff26dcb3f5cf7b98d24ea74c9e5188d39,"{""distance"":5,""physical_error_rate"":0.005}","{""detection_events"":4877,""detectors_checked"":229376,""obs_mistake_mask=E"":1}"
     17920,         2,         0,    16.7,exact_mw,3208f56225bbcac0e2804eb6f92d0a8b681652a702ca1ec920ccd7367f0e0899,"{""distance"":5,""physical_error_rate"":0.002}","{""detection_events"":35515,""detectors_checked"":4014080,""obs_mistake_mask=E"":2}"
      3072,         0,         0,    3.33,exact_mw,3208f56225bbcac0e2804eb6f92d0a8b681652a702ca1ec920ccd7367f0e0899,"{""distance"":5,""physical_error_rate"":0.002}","{""detection_events"":6453,""detectors_checked"":688128}"
    114688,         6,         0,    32.2,exact_mw,3208f56225bbcac0e2804eb6f92d0a8b681652a702ca1ec920ccd7367f0e0899,"{""distance"":5,""physical_error_rate"":0.002}","{""detection_events"":224413,""detectors_checked"":25690112,""obs_mistake_mask=E"":6}"
      8192,         0,         0,    4.54,exact_mw,3208f56225bbcac0e2804eb6f92d0a8b681652a702ca1ec920ccd7367f0e0899,"{""distance"":5,""physical_error_rate"":0.002}","{""detection_events"":15848,""detectors_checked"":1835008}"
      7424,         7,         0,    32.7,exact_mw,38b7ae1c4e8407fc325e0d9e43e9f92ff26dcb3f5cf7b98d24ea74c9e5188d39,"{""distance"":5,""physical_error_rate"":0.005}","{""detection_events"":35384,""detectors_checked"":1662976,""obs_mistake_mask=E"":7}"
     14592,        17,         0,    32.4,exact_mw,38b7ae1c4e8407fc325e0d9e43e9f92ff26dcb3f5cf7b98d24ea74c9e5188d39,"{""distance"":5,""physical_error_rate"":0.005}","{""detection_events"":70120,""detectors_checked"":3268608,""obs_mistake_mask=E"":17}"
      8448,         8,         0,    32.5,exact_mw,38b7ae1c4e8407fc325e0d9e43e9f92ff26dcb3f5cf7b98d24ea74c9e5188d39,"{""distance"":5,""physical_error_rate"":0.005}","{""detection_events"":40879,""detectors_checked"":1892352,""obs_mistake_mask=E"":8}"
   1682432,         2,         0,    31.8,exact_mw,cb12ae119b9b2ba18d0216e7235b403229e92fd0743ede48fe7f1a2c6f45d594,"{""distance"":5,""physical_error_rate"":0.0005}","{""detection_events"":829369,""detectors_checked"":376864768,""obs_mistake_mask=E"":2}"
   2051072,         0,         0,    31.5,exact_mw,f32ebecd8e105e50ec838d33c5ed9b45444b6b44a3c6ac541111079f2b14e893,"{""distance"":5,""physical_error_rate"":5e-05}","{""detection_events"":101246,""detectors_checked"":459440128}"
     12416,        12,         0,    32.1,exact_mw,38b7ae1c4e8407fc325e0d9e43e9f92ff26dcb3f5cf7b98d24ea74c9e5188d39,"{""distance"":5,""physical_error_rate"":0.005}","{""detection_events"":59266,""detectors_checked"":2781184,""obs_mistake_mask=E"":12}"
   1952768,         0,         0,    31.6,exact_mw,cdc4a450a40af8e24899239080e4c40992fb5baf91c5a31ab3a165eacb3a1ab3,"{""distance"":5,""physical_error_rate"":0.0002}","{""detection_events"":384589,""detectors_checked"":437420032}"
    582656,         0,         0,    8.24,exact_mw,cdc4a450a40af8e24899239080e4c40992fb5baf91c5a31ab3a165eacb3a1ab3,"{""distance"":5,""physical_error_rate"":0.0002}","{""detection_events"":115004,""detectors_checked"":130514944}"
      8064,         5,         0,    32.6,exact_mw,38b7ae1c4e8407fc325e0d9e43e9f92ff26dcb3f5cf7b98d24ea74c9e5188d39,"{""distance"":5,""physical_error_rate"":0.005}","{""detection_events"":38163,""detectors_checked"":1806336,""obs_mistake_mask=E"":5}"
     17408,        12,         0,    32.5,exact_mw,38b7ae1c4e8407fc325e0d9e43e9f92ff26dcb3f5cf7b98d24ea74c9e5188d39,"{""distance"":5,""physical_error_rate"":0.005}","{""detection_events"":83476,""detectors_checked"":3899392,""obs_mistake_mask=E"":12}"
   2117632,         1,         0,    31.8,exact_mw,cb12ae119b9b2ba18d0216e7235b403229e92fd0743ede48fe7f1a2c6f45d594,"{""distance"":5,""physical_error_rate"":0.0005}","{""detection_events"":1041963,""detectors_checked"":474349568,""obs_mistake_mask=E"":1}"
   1765376,         0,         0,    31.6,exact_mw,f32ebecd8e105e50ec838d33c5ed9b45444b6b44a3c6ac541111079f2b14e893,"{""distance"":5,""physical_error_rate"":5e-05}","{""detection_events"":86802,""detectors_checked"":395444224}"
   2374656,         0,         0,    31.8,exact_mw,f32ebecd8e105e50ec838d33c5ed9b45444b6b44a3c6ac541111079f2b14e893,"{""distance"":5,""physical_error_rate"":5e-05}","{""detection_events"":117632,""detectors_checked"":531922944}"
    988160,         2,         0,    31.9,exact_mw,bb90ec3459e353008cf9a5bb9142bf1e8515517a9e167021b225104594e48e8a,"{""distance"":5,""physical_error_rate"":0.001}","{""detection_events"":968517,""detectors_checked"":221347840,""obs_mistake_mask=E"":2}"
    578560,         0,         0,    31.9,exact_mw,bb90ec3459e353008cf9a5bb9142bf1e8515517a9e167021b225104594e48e8a,"{""distance"":5,""physical_error_rate"":0.001}","{""detection_events"":568314,""detectors_checked"":129597440}"
     78848,         0,         0,    4.26,exact_mw,cdc4a450a40af8e24899239080e4c40992fb5baf91c5a31ab3a165eacb3a1ab3,"{""distance"":5,""physical_error_rate"":0.0002}","{""detection_events"":15674,""detectors_checked"":17661952}"
      2560,         1,         0,    3.12,exact_mw,3208f56225bbcac0e2804eb6f92d0a8b681652a702ca1ec920ccd7367f0e0899,"{""distance"":5,""physical_error_rate"":0.002}","{""detection_events"":5248,""detectors_checked"":573440,""obs_mistake_mask=E"":1}"
   1248256,         0,         0,    8.22,exact_mw,70a969f5042aec17ac076c6379f4170fb7c69b8e925756ef3b7334e28a33338b,"{""distance"":5,""physical_error_rate"":0.0001}","{""detection_events"":123387,""detectors_checked"":279609344}"
      3072,         2,         0,    6.05,exact_mw,38b7ae1c4e8407fc325e0d9e43e9f92ff26dcb3f5cf7b98d24ea74c9e5188d39,"{""distance"":5,""physical_error_rate"":0.005}","{""detection_events"":14511,""detectors_checked"":688128,""obs_mistake_mask=E"":2}"
   2190336,         0,         0,    31.8,exact_mw,70a969f5042aec17ac076c6379f4170fb7c69b8e925756ef3b7334e28a33338b,"{""distance"":5,""physical_error_rate"":0.0001}","{""detection_events"":215764,""detectors_checked"":490635264}"
   1136640,         8,         0,    31.9,exact_mw,bb90ec3459e353008cf9a5bb9142bf1e8515517a9e167021b225104594e48e8a,"{""distance"":5,""physical_error_rate"":0.001}","{""detection_events"":1112630,""detectors_checked"":254607360,""obs_mistake_mask=E"":8}"
      8832,         9,         0,    32.7,exact_mw,38b7ae1c4e8407fc325e0d9e43e9f92ff26dcb3f5cf7b98d24ea74c9e5188d39,"{""distance"":5,""physical_error_rate"":0.005}","{""detection_events"":41846,""detectors_checked"":1978368,""obs_mistake_mask=E"":9}"
    667648,         0,         0,    31.8,exact_mw,f32ebecd8e105e50ec838d33c5ed9b45444b6b44a3c6ac541111079f2b14e893,"{""distance"":5,""physical_error_rate"":5e-05}","{""detection_events"":32559,""detectors_checked"":149553152}"
   1309696,         0,         0,    31.9,exact_mw,70a969f5042aec17ac076c6379f4170fb7c69b8e925756ef3b7334e28a33338b,"{""distance"":5,""physical_error_rate"":0.0001}","{""detection_events"":129683,""detectors_checked"":293371904}"
   2845696,         0,         0,    31.9,exact_mw,cdc4a450a40af8e24899239080e4c40992fb5baf91c5a31ab3a165eacb3a1ab3,"{""distance"":5,""physical_error_rate"":0.0002}","{""detection_events"":560655,""detectors_checked"":637435904}"
    308224,         1,         0,    8.31,exact_mw,cb12ae119b9b2ba18d0216e7235b403229e92fd0743ede48fe7f1a2c6f45d594,"{""distance"":5,""physical_error_rate"":0.0005}","{""detection_events"":151980,""detectors_checked"":69042176,""obs_mistake_mask=E"":1}"
     16640,        16,         0,    32.3,exact_mw,38b7ae1c4e8407fc325e0d9e43e9f92ff26dcb3f5cf7b98d24ea74c9e5188d39,"{""distance"":5,""physical_error_rate"":0.005}","{""detection_events"":80441,""detectors_checked"":3727360,""obs_mistake_mask=E"":16}"
    762880,         0,         0,    8.28,exact_mw,70a969f5042aec17ac076c6379f4170fb7c69b8e925756ef3b7334e28a33338b,"{""distance"":5,""physical_error_rate"":0.0001}","{""detection_events"":75356,""detectors_checked"":170885120}"
    766976,         0,         0,    8.32,exact_mw,f32ebecd8e105e50ec838d33c5ed9b45444b6b44a3c6ac541111079f2b14e893,"{""distance"":5,""physical_error_rate"":5e-05}","{""detection_events"":38060,""detectors_checked"":171802624}"
   2483200,         0,         0,    31.8,exact_mw,cdc4a450a40af8e24899239080e4c40992fb5baf91c5a31ab3a165eacb3a1ab3,"{""distance"":5,""physical_error_rate"":0.0002}","{""detection_events"":487977,""detectors_checked"":556236800}"
    168960,         2,         0,    8.34,exact_mw,bb90ec3459e353008cf9a5bb9142bf1e8515517a9e167021b225104594e48e8a,"{""distance"":5,""physical_error_rate"":0.001}","{""detection_events"":166558,""detectors_checked"":37847040,""obs_mistake_mask=E"":2}"
    216064,         0,         0,    8.36,exact_mw,bb90ec3459e353008cf9a5bb9142bf1e8515517a9e167021b225104594e48e8a,"{""distance"":5,""physical_error_rate"":0.001}","{""detection_events"":210817,""detectors_checked"":48398336}"
    442368,         0,         0,    8.35,exact_mw,cb12ae119b9b2ba18d0216e7235b403229e92fd0743ede48fe7f1a2c6f45d594,"{""distance"":5,""physical_error_rate"":0.0005}","{""detection_events"":217548,""detectors_checked"":99090432}"
   2240512,         0,         0,    31.7,exact_mw,70a969f5042aec17ac076c6379f4170fb7c69b8e925756ef3b7334e28a33338b,"{""distance"":5,""physical_error_rate"":0.0001}","{""detection_events"":220500,""detectors_checked"":501874688}"
    865280,         0,         0,    32.0,exact_mw,f32ebecd8e105e50ec838d33c5ed9b45444b6b44a3c6ac541111079f2b14e893,"{""distance"":5,""physical_error_rate"":5e-05}","{""detection_events"":43035,""detectors_checked"":193822720}"
      1536,         2,         0,    6.12,exact_mw,38b7ae1c4e8407fc325e0d9e43e9f92ff26dcb3f5cf7b98d24ea74c9e5188d39,"{""distance"":5,""physical_error_rate"":0.005}","{""detection_events"":7200,""detectors_checked"":344064,""obs_mistake_mask=E"":2}"
    133120,        10,         0,    32.1,exact_mw,3208f56225bbcac0e2804eb6f92d0a8b681652a702ca1ec920ccd7367f0e0899,"{""distance"":5,""physical_error_rate"":0.002}","{""detection_events"":259961,""detectors_checked"":29818880,""obs_mistake_mask=E"":10}"
   2802688,         0,         0,    22.7,exact_mw,f32ebecd8e105e50ec838d33c5ed9b45444b6b44a3c6ac541111079f2b14e893,"{""distance"":5,""physical_error_rate"":5e-05}","{""detection_events"":136797,""detectors_checked"":627802112}"
    427008,         0,         0,    8.23,exact_mw,70a969f5042aec17ac076c6379f4170fb7c69b8e925756ef3b7334e28a33338b,"{""distance"":5,""physical_error_rate"":0.0001}","{""detection_events"":42437,""detectors_checked"":95649792}"
     11264,         0,         0,    6.03,exact_mw,3208f56225bbcac0e2804eb6f92d0a8b681652a702ca1ec920ccd7367f0e0899,"{""distance"":5,""physical_error_rate"":0.002}","{""detection_events"":22368,""detectors_checked"":2523136}"
   2281472,         0,         0,    31.8,exact_mw,f32ebecd8e105e50ec838d33c5ed9b45444b6b44a3c6ac541111079f2b14e893,"{""distance"":5,""physical_error_rate"":5e-05}","{""detection_events"":112486,""detectors_checked"":511049728}"
    134144,         9,         0,    32.3,exact_mw,3208f56225bbcac0e2804eb6f92d0a8b681652a702ca1ec920ccd7367f0e0899,"{""distance"":5,""physical_error_rate"":0.002}","{""detection_events"":260696,""detectors_checked"":30048256,""obs_mistake_mask=E"":9}"
   1682432,         0,         0,    22.7,exact_mw,70a969f5042aec17ac076c6379f4170fb7c69b8e925756ef3b7334e28a33338b,"{""distance"":5,""physical_error_rate"":0.0001}","{""detection_events"":165992,""detectors_checked"":376864768}"
   4203520,         0,         0,    22.7,exact_mw,f32ebecd8e105e50ec838d33c5ed9b45444b6b44a3c6ac541111079f2b14e893,"{""distance"":5,""physical_error_rate"":5e-05}","{""detection_events"":204728,""detectors_checked"":941588480}"
    221184,         9,         0,    32.2,exact_mw,3208f56225bbcac0e2804eb6f92d0a8b681652a702ca1ec920ccd7367f0e0899,"{""distance"":5,""physical_error_rate"":0.002}","{""detection_events"":433210,""detectors_checked"":49545216,""obs_mistake_mask=E"":9}"
    433152,         0,         0,    8.26,exact_mw,f32ebecd8e105e50ec838d33c5ed9b45444b6b44a3c6ac541111079f2b14e893,"{""distance"":5,""physical_error_rate"":5e-05}","{""detection_events"":21400,""detectors_checked"":97026048}"
    805888,         4,         0,    32.1,exact_mw,bb90ec3459e353008cf9a5bb9142bf1e8515517a9e167021b225104594e48e8a,"{""distance"":5,""physical_error_rate"":0.001}","{""detection_events"":791826,""detectors_checked"":180518912,""obs_mistake_mask=E"":4}"
   1521664,         0,         0,    8.29,exact_mw,f32ebecd8e105e50ec838d33c5ed9b45444b6b44a3c6ac541111079f2b14e893,"{""distance"":5,""physical_error_rate"":5e-05}","{""detection_events"":75215,""detectors_checked"":340852736}"
    458752,         0,         0,    22.5,exact_mw,70a969f5042aec17ac076c6379f4170fb7c69b8e925756ef3b7334e28a33338b,"{""distance"":5,""physical_error_rate"":0.0001}","{""detection_events"":44903,""detectors_checked"":102760448}"
      5120,         0,         0,    4.85,exact_mw,3208f56225bbcac0e2804eb6f92d0a8b681652a702ca1ec920ccd7367f0e0899,"{""distance"":5,""physical_error_rate"":0.002}","{""detection_events"":10063,""detectors_checked"":1146880}"
    877568,         0,         0,    31.8,exact_mw,cb12ae119b9b2ba18d0216e7235b403229e92fd0743ede48fe7f1a2c6f45d594,"{""distance"":5,""physical_error_rate"":0.0005}","{""detection_events"":432780,""detectors_checked"":196575232}"
   2859008,         1,         0,    31.8,exact_mw,cb12ae119b9b2ba18d0216e7235b403229e92fd0743ede48fe7f1a2c6f45d594,"{""distance"":5,""physical_error_rate"":0.0005}","{""detection_events"":1408848,""detectors_checked"":640417792,""obs_mistake_mask=E"":1}"
    470016,         2,         0,    22.9,exact_mw,bb90ec3459e353008cf9a5bb9142bf1e8515517a9e167021b225104594e48e8a,"{""distance"":5,""physical_error_rate"":0.001}","{""detection_events"":460674,""detectors_checked"":105283584,""obs_mistake_mask=E"":2}"
   1416192,         0,         0,    22.6,exact_mw,cdc4a450a40af8e24899239080e4c40992fb5baf91c5a31ab3a165eacb3a1ab3,"{""distance"":5,""physical_error_rate"":0.0002}","{""detection_events"":279497,""detectors_checked"":317227008}"
   1001472,         0,         0,    31.7,exact_mw,f32ebecd8e105e50ec838d33c5ed9b45444b6b44a3c6ac541111079f2b14e893,"{""distance"":5,""physical_error_rate"":5e-05}","{""detection_events"":48697,""detectors_checked"":224329728}"
    115712,         0,         0,    6.01,exact_mw,cdc4a450a40af8e24899239080e4c40992fb5baf91c5a31ab3a165eacb3a1ab3,"{""distance"":5,""physical_error_rate"":0.0002}","{""detection_events"":22619,""detectors_checked"":25919488}"
   1213440,         0,         0,    22.7,exact_mw,cb12ae119b9b2ba18d0216e7235b403229e92fd0743ede48fe7f1a2c6f45d594,"{""distance"":5,""physical_error_rate"":0.0005}","{""detection_events"":598600,""detectors_checked"":271810560}"
   1201152,         0,         0,    32.0,exact_mw,70a969f5042aec17ac076c6379f4170fb7c69b8e925756ef3b7334e28a33338b,"{""distance"":5,""physical_error_rate"":0.0001}","{""detection_events"":117107,""detectors_checked"":269058048}"
   2765824,         0,         0,    31.8,exact_mw,cdc4a450a40af8e24899239080e4c40992fb5baf91c5a31ab3a165eacb3a1ab3,"{""distance"":5,""physical_error_rate"":0.0002}","{""detection_events"":545693,""detectors_checked"":619544576}"
     51200,         3,         0,    32.7,exact_mw,3208f56225bbcac0e2804eb6f92d0a8b681652a702ca1ec920ccd7367f0e0899,"{""distance"":5,""physical_error_rate"":0.002}","{""detection_events"":100179,""detectors_checked"":11468800,""obs_mistake_mask=E"":3}"
   1187840,         0,         0,    31.9,exact_mw,70a969f5042aec17ac076c6379f4170fb7c69b8e925756ef3b7334e28a33338b,"{""distance"":5,""physical_error_rate"":0.0001}","{""detection_events"":117235,""detectors_checked"":266076160}"
      7680,         6,         0,    32.6,exact_mw,38b7ae1c4e8407fc325e0d9e43e9f92ff26dcb3f5cf7b98d24ea74c9e5188d39,"{""distance"":5,""physical_error_rate"":0.005}","{""detection_events"":36703,""detectors_checked"":1720320,""obs_mistake_mask=E"":6}"
      4096,         7,         0,    8.60,exact_mw,38b7ae1c4e8407fc325e0d9e43e9f92ff26dcb3f5cf7b98d24ea74c9e5188d39,"{""distance"":5,""physical_error_rate"":0.005}","{""detection_events"":19103,""detectors_checked"":917504,""obs_mistake_mask=E"":7}"
     94208,         5,         0,    23.1,exact_mw,3208f56225bbcac0e2804eb6f92d0a8b681652a702ca1ec920ccd7367f0e0899,"{""distance"":5,""physical_error_rate"":0.002}","{""detection_events"":183998,""detectors_checked"":21102592,""obs_mistake_mask=E"":5}"
   1435648,         0,         0,    31.7,exact_mw,cdc4a450a40af8e24899239080e4c40992fb5baf91c5a31ab3a165eacb3a1ab3,"{""distance"":5,""physical_error_rate"":0.0002}","{""detection_events"":282584,""detectors_checked"":321585152}"
     14464,        23,         0,    32.2,exact_mw,38b7ae1c4e8407fc325e0d9e43e9f92ff26dcb3f5cf7b98d24ea74c9e5188d39,"{""distance"":5,""physical_error_rate"":0.005}","{""detection_events"":69288,""detectors_checked"":3239936,""obs_mistake_mask=E"":23}"
    218112,         0,         0,    11.5,exact_mw,cdc4a450a40af8e24899239080e4c40992fb5baf91c5a31ab3a165eacb3a1ab3,"{""distance"":5,""physical_error_rate"":0.0002}","{""detection_events"":43242,""detectors_checked"":48857088}"
     10240,         1,         0,    6.37,exact_mw,3208f56225bbcac0e2804eb6f92d0a8b681652a702ca1ec920ccd7367f0e0899,"{""distance"":5,""physical_error_rate"":0.002}","{""detection_events"":19972,""detectors_checked"":2293760,""obs_mistake_mask=E"":1}"
      1664,         3,         0,    8.77,exact_mw,38b7ae1c4e8407fc325e0d9e43e9f92ff26dcb3f5cf7b98d24ea74c9e5188d39,"{""distance"":5,""physical_error_rate"":0.005}","{""detection_events"":8351,""detectors_checked"":372736,""obs_mistake_mask=E"":3}"
    318464,         0,         0,    22.7,exact_mw,cb12ae119b9b2ba18d0216e7235b403229e92fd0743ede48fe7f1a2c6f45d594,"{""distance"":5,""physical_error_rate"":0.0005}","{""detection_events"":157512,""detectors_checked"":71335936}"
      4672,         3,         0,    32.2,exact_mw,38b7ae1c4e8407fc325e0d9e43e9f92ff26dcb3f5cf7b98d24ea74c9e5188d39,"{""distance"":5,""physical_error_rate"":0.005}","{""detection_events"":21886,""detectors_checked"":1046528,""obs_mistake_mask=E"":3}"
    574464,         1,         0,    22.9,exact_mw,bb90ec3459e353008cf9a5bb9142bf1e8515517a9e167021b225104594e48e8a,"{""distance"":5,""physical_error_rate"":0.001}","{""detection_events"":565965,""detectors_checked"":128679936,""obs_mistake_mask=E"":1}"
   2050048,         0,         0,    11.5,exact_mw,70a969f5042aec17ac076c6379f4170fb7c69b8e925756ef3b7334e28a33338b,"{""distance"":5,""physical_error_rate"":0.0001}","{""detection_events"":201925,""detectors_checked"":459210752}"
     15360,         1,         0,    8.91,exact_mw,3208f56225bbcac0e2804eb6f92d0a8b681652a702ca1ec920ccd7367f0e0899,"{""distance"":5,""physical_error_rate"":0.002}","{""detection_events"":29672,""detectors_checked"":3440640,""obs_mistake_mask=E"":1}"
    603136,         1,         0,    11.6,exact_mw,cb12ae119b9b2ba18d0216e7235b403229e92fd0743ede48fe7f1a2c6f45d594,"{""distance"":5,""physical_error_rate"":0.0005}","{""detection_events"":297400,""detectors_checked"":135102464,""obs_mistake_mask=E"":1}"
   1632256,         0,         0,    22.7,exact_mw,cdc4a450a40af8e24899239080e4c40992fb5baf91c5a31ab3a165eacb3a1ab3,"{""distance"":5,""physical_error_rate"":0.0002}","{""detection_events"":322109,""detectors_checked"":365625344}"
    655360,         3,         0,    32.0,exact_mw,bb90ec3459e353008cf9a5bb9142bf1e8515517a9e167021b225104594e48e8a,"{""distance"":5,""physical_error_rate"":0.001}","{""detection_events"":642383,""detectors_checked"":146800640,""obs_mistake_mask=E"":3}"
   1064960,         0,         0,    11.6,exact_mw,70a969f5042aec17ac076c6379f4170fb7c69b8e925756ef3b7334e28a33338b,"{""distance"":5,""physical_error_rate"":0.0001}","{""detection_events"":103923,""detectors_checked"":238551040}"
     24576,        25,         0,    32.1,exact_mw,38b7ae1c4e8407fc325e0d9e43e9f92ff26dcb3f5cf7b98d24ea74c9e5188d39,"{""distance"":5,""physical_error_rate"":0.005}","{""detection_events"":117201,""detectors_checked"":5505024,""obs_mistake_mask=E"":25}"
      4736,         4,         0,    32.4,exact_mw,38b7ae1c4e8407fc325e0d9e43e9f92ff26dcb3f5cf7b98d24ea74c9e5188d39,"{""distance"":5,""physical_error_rate"":0.005}","{""detection_events"":22867,""detectors_checked"":1060864,""obs_mistake_mask=E"":4}"
   1064960,         0,         0,    11.6,exact_mw,f32ebecd8e105e50ec838d33c5ed9b45444b6b44a3c6ac541111079f2b14e893,"{""distance"":5,""physical_error_rate"":5e-05}","{""detection_events"":52818,""detectors_checked"":238551040}"
    240640,         2,         0,    11.6,exact_mw,bb90ec3459e353008cf9a5bb9142bf1e8515517a9e167021b225104594e48e8a,"{""distance"":5,""physical_error_rate"":0.001}","{""detection_events"":236783,""detectors_checked"":53903360,""obs_mistake_mask=E"":2}"
    293888,         6,         0,    11.6,exact_mw,bb90ec3459e353008cf9a5bb9142bf1e8515517a9e167021b225104594e48e8a,"{""distance"":5,""physical_error_rate"":0.001}","{""detection_events"":288219,""detectors_checked"":65830912,""obs_mistake_mask=E"":6}"
    614400,         0,         0,    11.6,exact_mw,cb12ae119b9b2ba18d0216e7235b403229e92fd0743ede48fe7f1a2c6f45d594,"{""distance"":5,""physical_error_rate"":0.0005}","{""detection_events"":300032,""detectors_checked"":137625600}"
    174080,         0,         0,    8.13,exact_mw,cdc4a450a40af8e24899239080e4c40992fb5baf91c5a31ab3a165eacb3a1ab3,"{""distance"":5,""physical_error_rate"":0.0002}","{""detection_events"":34655,""detectors_checked"":38993920}"
    393216,         0,         0,    11.7,exact_mw,70a969f5042aec17ac076c6379f4170fb7c69b8e925756ef3b7334e28a33338b,"{""distance"":5,""physical_error_rate"":0.0001}","{""detection_events"":38748,""detectors_checked"":88080384}"
    138240,        10,         0,    32.3,exact_mw,3208f56225bbcac0e2804eb6f92d0a8b681652a702ca1ec920ccd7367f0e0899,"{""distance"":5,""physical_error_rate"":0.002}","{""detection_events"":270467,""detectors_checked"":30965760,""obs_mistake_mask=E"":10}"
      7936,        10,         0,    32.4,exact_mw,38b7ae1c4e8407fc325e0d9e43e9f92ff26dcb3f5cf7b98d24ea74c9e5188d39,"{""distance"":5,""physical_error_rate"":0.005}","{""detection_events"":38549,""detectors_checked"":1777664,""obs_mistake_mask=E"":10}"
    896000,         0,         0,    11.7,exact_mw,f32ebecd8e105e50ec838d33c5ed9b45444b6b44a3c6ac541111079f2b14e893,"{""distance"":5,""physical_error_rate"":5e-05}","{""detection_events"":44062,""detectors_checked"":200704000}"
   1530880,         0,         0,    11.5,exact_mw,f32ebecd8e105e50ec838d33c5ed9b45444b6b44a3c6ac541111079f2b14e893,"{""distance"":5,""physical_error_rate"":5e-05}","{""detection_events"":75484,""detectors_checked"":342917120}"
      6272,         3,         0,    23.2,exact_mw,38b7ae1c4e8407fc325e0d9e43e9f92ff26dcb3f5cf7b98d24ea74c9e5188d39,"{""distance"":5,""physical_error_rate"":0.005}","{""detection_events"":30113,""detectors_checked"":1404928,""obs_mistake_mask=E"":3}"
     28672,         3,         0,    23.0,exact_mw,3208f56225bbcac0e2804eb6f92d0a8b681652a702ca1ec920ccd7367f0e0899,"{""distance"":5,""physical_error_rate"":0.002}","{""detection_events"":55832,""detectors_checked"":6422528,""obs_mistake_mask=E"":3}"
     14336,         2,         0,    8.87,exact_mw,3208f56225bbcac0e2804eb6f92d0a8b681652a702ca1ec920ccd7367f0e0899,"{""distance"":5,""physical_error_rate"":0.002}","{""detection_events"":28120,""detectors_checked"":3211264,""obs_mistake_mask=E"":2}"
      5376,         5,         0,    11.9,exact_mw,38b7ae1c4e8407fc325e0d9e43e9f92ff26dcb3f5cf7b98d24ea74c9e5188d39,"{""distance"":5,""physical_error_rate"":0.005}","{""detection_events"":26253,""detectors_checked"":1204224,""obs_mistake_mask=E"":5}"
      2560,         3,         0,    11.8,exact_mw,38b7ae1c4e8407fc325e0d9e43e9f92ff26dcb3f5cf7b98d24ea74c9e5188d39,"{""distance"":5,""physical_error_rate"":0.005}","{""detection_events"":12250,""detectors_checked"":573440,""obs_mistake_mask=E"":3}"
     18432,         3,         0,    12.4,exact_mw,3208f56225bbcac0e2804eb6f92d0a8b681652a702ca1ec920ccd7367f0e0899,"{""distance"":5,""physical_error_rate"":0.002}","{""detection_events"":36163,""detectors_checked"":4128768,""obs_mistake_mask=E"":3}"
    374784,         0,         0,    11.7,exact_mw,cdc4a450a40af8e24899239080e4c40992fb5baf91c5a31ab3a165eacb3a1ab3,"{""distance"":5,""physical_error_rate"":0.0002}","{""detection_events"":73269,""detectors_checked"":83951616}"
    415744,         0,         0,    16.3,exact_mw,cdc4a450a40af8e24899239080e4c40992fb5baf91c5a31ab3a165eacb3a1ab3,"{""distance"":5,""physical_error_rate"":0.0002}","{""detection_events"":82054,""detectors_checked"":93126656}"
   2409472,         0,         0,    16.1,exact_mw,70a969f5042aec17ac076c6379f4170fb7c69b8e925756ef3b7334e28a33338b,"{""distance"":5,""physical_error_rate"":0.0001}","{""detection_events"":236552,""detectors_checked"":539721728}"
   1045504,         0,         0,    16.2,exact_mw,cb12ae119b9b2ba18d0216e7235b403229e92fd0743ede48fe7f1a2c6f45d594,"{""distance"":5,""physical_error_rate"":0.0005}","{""detection_events"":516114,""detectors_checked"":234192896}"
   1490944,         0,         0,    16.3,exact_mw,70a969f5042aec17ac076c6379f4170fb7c69b8e925756ef3b7334e28a33338b,"{""distance"":5,""physical_error_rate"":0.0001}","{""detection_events"":147547,""detectors_checked"":333971456}"
   1185792,         0,         0,    16.2,exact_mw,f32ebecd8e105e50ec838d33c5ed9b45444b6b44a3c6ac541111079f2b14e893,"{""distance"":5,""physical_error_rate"":5e-05}","{""detection_events"":58523,""detectors_checked"":265617408}"
    318464,         2,         0,    16.3,exact_mw,bb90ec3459e353008cf9a5bb9142bf1e8515517a9e167021b225104594e48e8a,"{""distance"":5,""physical_error_rate"":0.001}","{""detection_events"":313963,""detectors_checked"":71335936,""obs_mistake_mask=E"":2}"
    269312,         2,         0,    16.3,exact_mw,bb90ec3459e353008cf9a5bb9142bf1e8515517a9e167021b225104594e48e8a,"{""distance"":5,""physical_error_rate"":0.001}","{""detection_events"":264828,""detectors_checked"":60325888,""obs_mistake_mask=E"":2}"
    875520,         0,         0,    16.2,exact_mw,cb12ae119b9b2ba18d0216e7235b403229e92fd0743ede48fe7f1a2c6f45d594,"{""distance"":5,""physical_error_rate"":0.0005}","{""detection_events"":429829,""detectors_checked"":196116480}"
    689152,         0,         0,    16.1,exact_mw,70a969f5042aec17ac076c6379f4170fb7c69b8e925756ef3b7334e28a33338b,"{""distance"":5,""physical_error_rate"":0.0001}","{""detection_events"":68522,""detectors_checked"":154370048}"
   1690624,         1,         0,    44.4,exact_mw,cb12ae119b9b2ba18d0216e7235b403229e92fd0743ede48fe7f1a2c6f45d594,"{""distance"":5,""physical_error_rate"":0.0005}","{""detection_events"":829765,""detectors_checked"":378699776,""obs_mistake_mask=E"":1}"
    838656,         3,         0,    44.8,exact_mw,bb90ec3459e353008cf9a5bb9142bf1e8515517a9e167021b225104594e48e8a,"{""distance"":5,""physical_error_rate"":0.001}","{""detection_events"":820865,""detectors_checked"":187858944,""obs_mistake_mask=E"":3}"
   1025024,         2,         0,    44.1,exact_mw,cb12ae119b9b2ba18d0216e7235b403229e92fd0743ede48fe7f1a2c6f45d594,"{""distance"":5,""physical_error_rate"":0.0005}","{""detection_events"":504476,""detectors_checked"":229605376,""obs_mistake_mask=E"":2}"
   8162304,         0,         0,    44.4,exact_mw,70a969f5042aec17ac076c6379f4170fb7c69b8e925756ef3b7334e28a33338b,"{""distance"":5,""physical_error_rate"":0.0001}","{""detection_events"":805509,""detectors_checked"":1828356096}"
     18432,         0,         0,    12.0,exact_mw,3208f56225bbcac0e2804eb6f92d0a8b681652a702ca1ec920ccd7367f0e0899,"{""distance"":5,""physical_error_rate"":0.002}","{""detection_events"":35904,""detectors_checked"":4128768}"
    381952,         2,         0,    44.7,exact_mw,bb90ec3459e353008cf9a5bb9142bf1e8515517a9e167021b225104594e48e8a,"{""distance"":5,""physical_error_rate"":0.001}","{""detection_events"":375517,""detectors_checked"":85557248,""obs_mistake_mask=E"":2}"
    977920,         0,         0,    16.4,exact_mw,f32ebecd8e105e50ec838d33c5ed9b45444b6b44a3c6ac541111079f2b14e893,"{""distance"":5,""physical_error_rate"":5e-05}","{""detection_events"":47980,""detectors_checked"":219054080}"
    790528,         0,         0,    16.1,exact_mw,f32ebecd8e105e50ec838d33c5ed9b45444b6b44a3c6ac541111079f2b14e893,"{""distance"":5,""physical_error_rate"":5e-05}","{""detection_events"":39292,""detectors_checked"":177078272}"
   3260416,         0,         0,    44.4,exact_mw,cdc4a450a40af8e24899239080e4c40992fb5baf91c5a31ab3a165eacb3a1ab3,"{""distance"":5,""physical_error_rate"":0.0002}","{""detection_events"":642459,""detectors_checked"":730333184}"
   3229696,         0,         0,    44.5,exact_mw,f32ebecd8e105e50ec838d33c5ed9b45444b6b44a3c6ac541111079f2b14e893,"{""distance"":5,""physical_error_rate"":5e-05}","{""detection_events"":159070,""detectors_checked"":723451904}"
   1158144,         0,         0,    44.7,exact_mw,70a969f5042aec17ac076c6379f4170fb7c69b8e925756ef3b7334e28a33338b,"{""distance"":5,""physical_error_rate"":0.0001}","{""detection_events"":112564,""detectors_checked"":259424256}"
   2378752,         2,         0,    44.5,exact_mw,cb12ae119b9b2ba18d0216e7235b403229e92fd0743ede48fe7f1a2c6f45d594,"{""distance"":5,""physical_error_rate"":0.0005}","{""detection_events"":1168481,""detectors_checked"":532840448,""obs_mistake_mask=E"":2}"
    722944,         0,         0,    44.3,exact_mw,cb12ae119b9b2ba18d0216e7235b403229e92fd0743ede48fe7f1a2c6f45d594,"{""distance"":5,""physical_error_rate"":0.0005}","{""detection_events"":355618,""detectors_checked"":161939456}"
   3273728,         0,         0,    44.5,exact_mw,f32ebecd8e105e50ec838d33c5ed9b45444b6b44a3c6ac541111079f2b14e893,"{""distance"":5,""physical_error_rate"":5e-05}","{""detection_events"":161826,""detectors_checked"":733315072}"
   3911680,         0,         0,    31.9,exact_mw,f32ebecd8e105e50ec838d33c5ed9b45444b6b44a3c6ac541111079f2b14e893,"{""distance"":5,""physical_error_rate"":5e-05}","{""detection_events"":194063,""detectors_checked"":876216320}"
   3405824,         0,         0,    44.4,exact_mw,70a969f5042aec17ac076c6379f4170fb7c69b8e925756ef3b7334e28a33338b,"{""distance"":5,""physical_error_rate"":0.0001}","{""detection_events"":334882,""detectors_checked"":762904576}"
   2970624,         0,         0,    44.5,exact_mw,70a969f5042aec17ac076c6379f4170fb7c69b8e925756ef3b7334e28a33338b,"{""distance"":5,""physical_error_rate"":0.0001}","{""detection_events"":292650,""detectors_checked"":665419776}"
   7405568,         0,         0,    44.2,exact_mw,cdc4a450a40af8e24899239080e4c40992fb5baf91c5a31ab3a165eacb3a1ab3,"{""distance"":5,""physical_error_rate"":0.0002}","{""detection_events"":1460016,""detectors_checked"":1658847232}"
   3196928,         0,         0,    44.4,exact_mw,70a969f5042aec17ac076c6379f4170fb7c69b8e925756ef3b7334e28a33338b,"{""distance"":5,""physical_error_rate"":0.0001}","{""detection_events"":315863,""detectors_checked"":716111872}"
   3806208,         0,         0,    44.1,exact_mw,70a969f5042aec17ac076c6379f4170fb7c69b8e925756ef3b7334e28a33338b,"{""distance"":5,""physical_error_rate"":0.0001}","{""detection_events"":374905,""detectors_checked"":852590592}"
   6854656,         0,         0,    44.6,exact_mw,f32ebecd8e105e50ec838d33c5ed9b45444b6b44a3c6ac541111079f2b14e893,"{""distance"":5,""physical_error_rate"":5e-05}","{""detection_events"":337356,""detectors_checked"":1535442944}"
    547840,         2,         0,    44.7,exact_mw,bb90ec3459e353008cf9a5bb9142bf1e8515517a9e167021b225104594e48e8a,"{""distance"":5,""physical_error_rate"":0.001}","{""detection_events"":535904,""detectors_checked"":122716160,""obs_mistake_mask=E"":2}"
   2321408,         0,         0,    31.8,exact_mw,70a969f5042aec17ac076c6379f4170fb7c69b8e925756ef3b7334e28a33338b,"{""distance"":5,""physical_error_rate"":0.0001}","{""detection_events"":229158,""detectors_checked"":519995392}"
   4648960,         0,         0,    31.7,exact_mw,f32ebecd8e105e50ec838d33c5ed9b45444b6b44a3c6ac541111079f2b14e893,"{""distance"":5,""physical_error_rate"":5e-05}","{""detection_events"":229465,""detectors_checked"":1041367040}"
   2883584,         0,         0,    44.6,exact_mw,70a969f5042aec17ac076c6379f4170fb7c69b8e925756ef3b7334e28a33338b,"{""distance"":5,""physical_error_rate"":0.0001}","{""detection_events"":284915,""detectors_checked"":645922816}"
   3262464,         0,         0,    44.4,exact_mw,f32ebecd8e105e50ec838d33c5ed9b45444b6b44a3c6ac541111079f2b14e893,"{""distance"":5,""physical_error_rate"":5e-05}","{""detection_events"":160537,""detectors_checked"":730791936}"
    848896,         6,         0,    44.8,exact_mw,bb90ec3459e353008cf9a5bb9142bf1e8515517a9e167021b225104594e48e8a,"{""distance"":5,""physical_error_rate"":0.001}","{""detection_events"":831821,""detectors_checked"":190152704,""obs_mistake_mask=E"":6}"
   1970176,        20,         0,    44.6,exact_mw,bb90ec3459e353008cf9a5bb9142bf1e8515517a9e167021b225104594e48e8a,"{""distance"":5,""physical_error_rate"":0.001}","{""detection_events"":1932893,""detectors_checked"":441319424,""obs_mistake_mask=E"":20}"
   3233792,         0,         0,    44.4,exact_mw,f32ebecd8e105e50ec838d33c5ed9b45444b6b44a3c6ac541111079f2b14e893,"{""distance"":5,""physical_error_rate"":5e-05}","{""detection_events"":158930,""detectors_checked"":724369408}"
   5225472,         0,         0,    44.4,exact_mw,cdc4a450a40af8e24899239080e4c40992fb5baf91c5a31ab3a165eacb3a1ab3,"{""distance"":5,""physical_error_rate"":0.0002}","{""detection_events"":1031335,""detectors_checked"":1170505728}"
   3112960,         0,         0,    44.3,exact_mw,cdc4a450a40af8e24899239080e4c40992fb5baf91c5a31ab3a165eacb3a1ab3,"{""distance"":5,""physical_error_rate"":0.0002}","{""detection_events"":615733,""detectors_checked"":697303040}"
   6754304,         0,         0,    44.4,exact_mw,cdc4a450a40af8e24899239080e4c40992fb5baf91c5a31ab3a165eacb3a1ab3,"{""distance"":5,""physical_error_rate"":0.0002}","{""detection_events"":1330679,""detectors_checked"":1512964096}"
    731136,         3,         0,    44.7,exact_mw,bb90ec3459e353008cf9a5bb9142bf1e8515517a9e167021b225104594e48e8a,"{""distance"":5,""physical_error_rate"":0.001}","{""detection_events"":718051,""detectors_checked"":163774464,""obs_mistake_mask=E"":3}"
   1536000,         0,         0,    44.5,exact_mw,cdc4a450a40af8e24899239080e4c40992fb5baf91c5a31ab3a165eacb3a1ab3,"{""distance"":5,""physical_error_rate"":0.0002}","{""detection_events"":303125,""detectors_checked"":344064000}"
   2971648,         1,         0,    44.7,exact_mw,cb12ae119b9b2ba18d0216e7235b403229e92fd0743ede48fe7f1a2c6f45d594,"{""distance"":5,""physical_error_rate"":0.0005}","{""detection_events"":1459756,""detectors_checked"":665649152,""obs_mistake_mask=E"":1}"
   1343488,         0,         0,    44.7,exact_mw,f32ebecd8e105e50ec838d33c5ed9b45444b6b44a3c6ac541111079f2b14e893,"{""distance"":5,""physical_error_rate"":5e-05}","{""detection_events"":65740,""detectors_checked"":300941312}"
   3707904,         0,         0,    44.3,exact_mw,cdc4a450a40af8e24899239080e4c40992fb5baf91c5a31ab3a165eacb3a1ab3,"{""distance"":5,""physical_error_rate"":0.0002}","{""detection_events"":729221,""detectors_checked"":830570496}"
   2342912,         1,         0,    44.3,exact_mw,cb12ae119b9b2ba18d0216e7235b403229e92fd0743ede48fe7f1a2c6f45d594,"{""distance"":5,""physical_error_rate"":0.0005}","{""detection_events"":1156776,""detectors_checked"":524812288,""obs_mistake_mask=E"":1}"
    924672,         6,         0,    44.6,exact_mw,bb90ec3459e353008cf9a5bb9142bf1e8515517a9e167021b225104594e48e8a,"{""distance"":5,""physical_error_rate"":0.001}","{""detection_events"":907411,""detectors_checked"":207126528,""obs_mistake_mask=E"":6}"
    168960,        11,         0,    44.9,exact_mw,3208f56225bbcac0e2804eb6f92d0a8b681652a702ca1ec920ccd7367f0e0899,"{""distance"":5,""physical_error_rate"":0.002}","{""detection_events"":330357,""detectors_checked"":37847040,""obs_mistake_mask=E"":11}"
    795648,         0,         0,    31.8,exact_mw,70a969f5042aec17ac076c6379f4170fb7c69b8e925756ef3b7334e28a33338b,"{""distance"":5,""physical_error_rate"":0.0001}","{""detection_events"":78382,""detectors_checked"":178225152}"
      7680,         7,         0,    16.4,exact_mw,38b7ae1c4e8407fc325e0d9e43e9f92ff26dcb3f5cf7b98d24ea74c9e5188d39,"{""distance"":5,""physical_error_rate"":0.005}","{""detection_events"":36735,""detectors_checked"":1720320,""obs_mistake_mask=E"":7}"
   2351104,         2,         0,    44.5,exact_mw,cb12ae119b9b2ba18d0216e7235b403229e92fd0743ede48fe7f1a2c6f45d594,"{""distance"":5,""physical_error_rate"":0.0005}","{""detection_events"":1155721,""detectors_checked"":526647296,""obs_mistake_mask=E"":2}"
    149504,        14,         0,    45.7,exact_mw,3208f56225bbcac0e2804eb6f92d0a8b681652a702ca1ec920ccd7367f0e0899,"{""distance"":5,""physical_error_rate"":0.002}","{""detection_events"":291785,""detectors_checked"":33488896,""obs_mistake_mask=E"":14}"
    648192,         6,         0,    32.1,exact_mw,bb90ec3459e353008cf9a5bb9142bf1e8515517a9e167021b225104594e48e8a,"{""distance"":5,""physical_error_rate"":0.001}","{""detection_events"":634030,""detectors_checked"":145195008,""obs_mistake_mask=E"":6}"
    136192,         5,         0,    45.0,exact_mw,3208f56225bbcac0e2804eb6f92d0a8b681652a702ca1ec920ccd7367f0e0899,"{""distance"":5,""physical_error_rate"":0.002}","{""detection_events"":268244,""detectors_checked"":30507008,""obs_mistake_mask=E"":5}"
   1975296,         0,         0,    31.6,exact_mw,cdc4a450a40af8e24899239080e4c40992fb5baf91c5a31ab3a165eacb3a1ab3,"{""distance"":5,""physical_error_rate"":0.0002}","{""detection_events"":389526,""detectors_checked"":442466304}"
    791552,         2,         0,    44.6,exact_mw,bb90ec3459e353008cf9a5bb9142bf1e8515517a9e167021b225104594e48e8a,"{""distance"":5,""physical_error_rate"":0.001}","{""detection_events"":775116,""detectors_checked"":177307648,""obs_mistake_mask=E"":2}"
   4075520,         0,         0,    44.6,exact_mw,70a969f5042aec17ac076c6379f4170fb7c69b8e925756ef3b7334e28a33338b,"{""distance"":5,""physical_error_rate"":0.0001}","{""detection_events"":403600,""detectors_checked"":912916480}"
   5867520,         1,         0,    44.3,exact_mw,cb12ae119b9b2ba18d0216e7235b403229e92fd0743ede48fe7f1a2c6f45d594,"{""distance"":5,""physical_error_rate"":0.0005}","{""detection_events"":2891076,""detectors_checked"":1314324480,""obs_mistake_mask=E"":1}"
   1413120,         1,         0,    31.8,exact_mw,cb12ae119b9b2ba18d0216e7235b403229e92fd0743ede48fe7f1a2c6f45d594,"{""distance"":5,""physical_error_rate"":0.0005}","{""detection_events"":694363,""detectors_checked"":316538880,""obs_mistake_mask=E"":1}"
   1389568,         0,         0,    44.5,exact_mw,cb12ae119b9b2ba18d0216e7235b403229e92fd0743ede48fe7f1a2c6f45d594,"{""distance"":5,""physical_error_rate"":0.0005}","{""detection_events"":685888,""detectors_checked"":311263232}"
   1891328,         0,         0,    44.3,exact_mw,cdc4a450a40af8e24899239080e4c40992fb5baf91c5a31ab3a165eacb3a1ab3,"{""distance"":5,""physical_error_rate"":0.0002}","{""detection_events"":373785,""detectors_checked"":423657472}"
   1398784,         0,         0,    44.5,exact_mw,cdc4a450a40af8e24899239080e4c40992fb5baf91c5a31ab3a165eacb3a1ab3,"{""distance"":5,""physical_error_rate"":0.0002}","{""detection_events"":275724,""detectors_checked"":313327616}"
   2609152,         1,         0,    44.4,exact_mw,cb12ae119b9b2ba18d0216e7235b403229e92fd0743ede48fe7f1a2c6f45d594,"{""distance"":5,""physical_error_rate"":0.0005}","{""detection_events"":1285987,""detectors_checked"":584450048,""obs_mistake_mask=E"":1}"
    205824,        10,         0,    45.0,exact_mw,3208f56225bbcac0e2804eb6f92d0a8b681652a702ca1ec920ccd7367f0e0899,"{""distance"":5,""physical_error_rate"":0.002}","{""detection_events"":401673,""detectors_checked"":46104576,""obs_mistake_mask=E"":10}"
   2057216,         0,         0,    44.4,exact_mw,70a969f5042aec17ac076c6379f4170fb7c69b8e925756ef3b7334e28a33338b,"{""distance"":5,""physical_error_rate"":0.0001}","{""detection_events"":203029,""detectors_checked"":460816384}"
    430080,        24,         0,    45.2,exact_mw,3208f56225bbcac0e2804eb6f92d0a8b681652a702ca1ec920ccd7367f0e0899,"{""distance"":5,""physical_error_rate"":0.002}","{""detection_events"":837782,""detectors_checked"":96337920,""obs_mistake_mask=E"":24}"
    916480,         4,         0,    44.8,exact_mw,bb90ec3459e353008cf9a5bb9142bf1e8515517a9e167021b225104594e48e8a,"{""distance"":5,""physical_error_rate"":0.001}","{""detection_events"":901146,""detectors_checked"":205291520,""obs_mistake_mask=E"":4}"
      3968,         3,         0,    16.4,exact_mw,38b7ae1c4e8407fc325e0d9e43e9f92ff26dcb3f5cf7b98d24ea74c9e5188d39,"{""distance"":5,""physical_error_rate"":0.005}","{""detection_events"":19240,""detectors_checked"":888832,""obs_mistake_mask=E"":3}"
     77824,         1,         0,    45.0,exact_mw,3208f56225bbcac0e2804eb6f92d0a8b681652a702ca1ec920ccd7367f0e0899,"{""distance"":5,""physical_error_rate"":0.002}","{""detection_events"":150902,""detectors_checked"":17432576,""obs_mistake_mask=E"":1}"
     64512,         5,         0,    45.3,exact_mw,3208f56225bbcac0e2804eb6f92d0a8b681652a702ca1ec920ccd7367f0e0899,"{""distance"":5,""physical_error_rate"":0.002}","{""detection_events"":125112,""detectors_checked"":14450688,""obs_mistake_mask=E"":5}"
    190464,        13,         0,    45.1,exact_mw,3208f56225bbcac0e2804eb6f92d0a8b681652a702ca1ec920ccd7367f0e0899,"{""distance"":5,""physical_error_rate"":0.002}","{""detection_events"":370314,""detectors_checked"":42663936,""obs_mistake_mask=E"":13}"
   3244032,         0,         0,    44.2,exact_mw,f32ebecd8e105e50ec838d33c5ed9b45444b6b44a3c6ac541111079f2b14e893,"{""distance"":5,""physical_error_rate"":5e-05}","{""detection_events"":158885,""detectors_checked"":726663168}"
     11392,         8,         0,    45.2,exact_mw,38b7ae1c4e8407fc325e0d9e43e9f92ff26dcb3f5cf7b98d24ea74c9e5188d39,"{""distance"":5,""physical_error_rate"":0.005}","{""detection_events"":55277,""detectors_checked"":2551808,""obs_mistake_mask=E"":8}"
     27648,         0,         0,    16.7,exact_mw,3208f56225bbcac0e2804eb6f92d0a8b681652a702ca1ec920ccd7367f0e0899,"{""distance"":5,""physical_error_rate"":0.002}","{""detection_events"":54695,""detectors_checked"":6193152}"
    126976,         5,         0,    32.3,exact_mw,3208f56225bbcac0e2804eb6f92d0a8b681652a702ca1ec920ccd7367f0e0899,"{""distance"":5,""physical_error_rate"":0.002}","{""detection_events"":248863,""detectors_checked"":28442624,""obs_mistake_mask=E"":5}"
   1240064,         0,         0,    16.1,exact_mw,cdc4a450a40af8e24899239080e4c40992fb5baf91c5a31ab3a165eacb3a1ab3,"{""distance"":5,""physical_error_rate"":0.0002}","{""detection_events"":244695,""detectors_checked"":277774336}"
    159744,        11,         0,    45.0,exact_mw,3208f56225bbcac0e2804eb6f92d0a8b681652a702ca1ec920ccd7367f0e0899,"{""distance"":5,""physical_error_rate"":0.002}","{""detection_events"":311121,""detectors_checked"":35782656,""obs_mistake_mask=E"":11}"
     12288,        12,         0,    45.3,exact_mw,38b7ae1c4e8407fc325e0d9e43e9f92ff26dcb3f5cf7b98d24ea74c9e5188d39,"{""distance"":5,""physical_error_rate"":0.005}","{""detection_events"":59158,""detectors_checked"":2752512,""obs_mistake_mask=E"":12}"
   1478656,         0,         0,    31.7,exact_mw,cb12ae119b9b2ba18d0216e7235b403229e92fd0743ede48fe7f1a2c6f45d594,"{""distance"":5,""physical_error_rate"":0.0005}","{""detection_events"":730524,""detectors_checked"":331218944}"
     20736,        18,         0,    45.3,exact_mw,38b7ae1c4e8407fc325e0d9e43e9f92ff26dcb3f5cf7b98d24ea74c9e5188d39,"{""distance"":5,""physical_error_rate"":0.005}","{""detection_events"":99465,""detectors_checked"":4644864,""obs_mistake_mask=E"":18}"
   2176000,         1,         0,    44.5,exact_mw,cb12ae119b9b2ba18d0216e7235b403229e92fd0743ede48fe7f1a2c6f45d594,"{""distance"":5,""physical_error_rate"":0.0005}","{""detection_events"":1070025,""detectors_checked"":487424000,""obs_mistake_mask=E"":1}"
   1523712,         0,         0,    44.7,exact_mw,f32ebecd8e105e50ec838d33c5ed9b45444b6b44a3c6ac541111079f2b14e893,"{""distance"":5,""physical_error_rate"":5e-05}","{""detection_events"":75453,""detectors_checked"":341311488}"
    598016,         5,         0,    31.9,exact_mw,bb90ec3459e353008cf9a5bb9142bf1e8515517a9e167021b225104594e48e8a,"{""distance"":5,""physical_error_rate"":0.001}","{""detection_events"":586761,""detectors_checked"":133955584,""obs_mistake_mask=E"":5}"
   2734080,         0,         0,    44.5,exact_mw,cdc4a450a40af8e24899239080e4c40992fb5baf91c5a31ab3a165eacb3a1ab3,"{""distance"":5,""physical_error_rate"":0.0002}","{""detection_events"":538443,""detectors_checked"":612433920}"
      7744,         8,         0,    45.2,exact_mw,38b7ae1c4e8407fc325e0d9e43e9f92ff26dcb3f5cf7b98d24ea74c9e5188d39,"{""distance"":5,""physical_error_rate"":0.005}","{""detection_events"":37248,""detectors_checked"":1734656,""obs_mistake_mask=E"":8}"
     22528,        21,         0,    45.0,exact_mw,38b7ae1c4e8407fc325e0d9e43e9f92ff26dcb3f5cf7b98d24ea74c9e5188d39,"{""distance"":5,""physical_error_rate"":0.005}","{""detection_events"":108296,""detectors_checked"":5046272,""obs_mistake_mask=E"":21}"
      9088,        10,         0,    45.0,exact_mw,38b7ae1c4e8407fc325e0d9e43e9f92ff26dcb3f5cf7b98d24ea74c9e5188d39,"{""distance"":5,""physical_error_rate"":0.005}","{""detection_events"":44052,""detectors_checked"":2035712,""obs_mistake_mask=E"":10}"
   2523136,         1,         0,    44.4,exact_mw,cb12ae119b9b2ba18d0216e7235b403229e92fd0743ede48fe7f1a2c6f45d594,"{""distance"":5,""physical_error_rate"":0.0005}","{""detection_events"":1244849,""detectors_checked"":565182464,""obs_mistake_mask=E"":1}"
   3404800,         0,         0,    44.5,exact_mw,f32ebecd8e105e50ec838d33c5ed9b45444b6b44a3c6ac541111079f2b14e893,"{""distance"":5,""physical_error_rate"":5e-05}","{""detection_events"":167564,""detectors_checked"":762675200}"
   3417088,         0,         0,    44.5,exact_mw,f32ebecd8e105e50ec838d33c5ed9b45444b6b44a3c6ac541111079f2b14e893,"{""distance"":5,""physical_error_rate"":5e-05}","{""detection_events"":168829,""detectors_checked"":765427712}"
   1796096,         8,         0,    44.7,exact_mw,bb90ec3459e353008cf9a5bb9142bf1e8515517a9e167021b225104594e48e8a,"{""distance"":5,""physical_error_rate"":0.001}","{""detection_events"":1758210,""detectors_checked"":402325504,""obs_mistake_mask=E"":8}"
   2120704,         0,         0,    31.8,exact_mw,cdc4a450a40af8e24899239080e4c40992fb5baf91c5a31ab3a165eacb3a1ab3,"{""distance"":5,""physical_error_rate"":0.0002}","{""detection_events"":419400,""detectors_checked"":475037696}"
    803840,         2,         0,    44.6,exact_mw,bb90ec3459e353008cf9a5bb9142bf1e8515517a9e167021b225104594e48e8a,"{""distance"":5,""physical_error_rate"":0.001}","{""detection_events"":787826,""detectors_checked"":180060160,""obs_mistake_mask=E"":2}"
     11520,        12,         0,    46.6,exact_mw,38b7ae1c4e8407fc325e0d9e43e9f92ff26dcb3f5cf7b98d24ea74c9e5188d39,"{""distance"":5,""physical_error_rate"":0.005}","{""detection_events"":55728,""detectors_checked"":2580480,""obs_mistake_mask=E"":12}"
   2849792,         0,         0,    44.4,exact_mw,70a969f5042aec17ac076c6379f4170fb7c69b8e925756ef3b7334e28a33338b,"{""distance"":5,""physical_error_rate"":0.0001}","{""detection_events"":278724,""detectors_checked"":638353408}"
   2010112,        17,         0,    44.8,exact_mw,bb90ec3459e353008cf9a5bb9142bf1e8515517a9e167021b225104594e48e8a,"{""distance"":5,""physical_error_rate"":0.001}","{""detection_events"":1971373,""detectors_checked"":450265088,""obs_mistake_mask=E"":17}"
   1549312,         0,         0,    44.6,exact_mw,f32ebecd8e105e50ec838d33c5ed9b45444b6b44a3c6ac541111079f2b14e893,"{""distance"":5,""physical_error_rate"":5e-05}","{""detection_events"":76450,""detectors_checked"":347045888}"
     12928,         8,         0,    45.1,exact_mw,38b7ae1c4e8407fc325e0d9e43e9f92ff26dcb3f5cf7b98d24ea74c9e5188d39,"{""distance"":5,""physical_error_rate"":0.005}","{""detection_events"":62263,""detectors_checked"":2895872,""obs_mistake_mask=E"":8}"
   1354752,         0,         0,    44.6,exact_mw,70a969f5042aec17ac076c6379f4170fb7c69b8e925756ef3b7334e28a33338b,"{""distance"":5,""physical_error_rate"":0.0001}","{""detection_events"":134581,""detectors_checked"":303464448}"
   4364288,         0,         0,    44.5,exact_mw,cdc4a450a40af8e24899239080e4c40992fb5baf91c5a31ab3a165eacb3a1ab3,"{""distance"":5,""physical_error_rate"":0.0002}","{""detection_events"":856713,""detectors_checked"":977600512}"
     22528,        27,         0,    45.2,exact_mw,38b7ae1c4e8407fc325e0d9e43e9f92ff26dcb3f5cf7b98d24ea74c9e5188d39,"{""distance"":5,""physical_error_rate"":0.005}","{""detection_events"":107853,""detectors_checked"":5046272,""obs_mistake_mask=E"":27}"
   3248128,         0,         0,    44.5,exact_mw,cdc4a450a40af8e24899239080e4c40992fb5baf91c5a31ab3a165eacb3a1ab3,"{""distance"":5,""physical_error_rate"":0.0002}","{""detection_events"":640031,""detectors_checked"":727580672}"
   2851840,         0,         0,    44.4,exact_mw,70a969f5042aec17ac076c6379f4170fb7c69b8e925756ef3b7334e28a33338b,"{""distance"":5,""physical_error_rate"":0.0001}","{""detection_events"":279841,""detectors_checked"":638812160}"
   1933312,         0,         0,    44.4,exact_mw,f32ebecd8e105e50ec838d33c5ed9b45444b6b44a3c6ac541111079f2b14e893,"{""distance"":5,""physical_error_rate"":5e-05}","{""detection_events"":95675,""detectors_checked"":433061888}"
    194560,         8,         0,    45.0,exact_mw,3208f56225bbcac0e2804eb6f92d0a8b681652a702ca1ec920ccd7367f0e0899,"{""distance"":5,""physical_error_rate"":0.002}","{""detection_events"":378882,""detectors_checked"":43581440,""obs_mistake_mask=E"":8}"
   2827264,         0,         0,    44.4,exact_mw,f32ebecd8e105e50ec838d33c5ed9b45444b6b44a3c6ac541111079f2b14e893,"{""distance"":5,""physical_error_rate"":5e-05}","{""detection_events"":140022,""detectors_checked"":633307136}"
     44032,         0,         0,    16.5,exact_mw,3208f56225bbcac0e2804eb6f92d0a8b681652a702ca1ec920ccd7367f0e0899,"{""distance"":5,""physical_error_rate"":0.002}","{""detection_events"":86702,""detectors_checked"":9863168}"
    182272,        16,         0,    45.0,exact_mw,3208f56225bbcac0e2804eb6f92d0a8b681652a702ca1ec920ccd7367f0e0899,"{""distance"":5,""physical_error_rate"":0.002}","{""detection_events"":356008,""detectors_checked"":40828928,""obs_mistake_mask=E"":16}"
    279552,        15,         0,    45.0,exact_mw,3208f56225bbcac0e2804eb6f92d0a8b681652a702ca1ec920ccd7367f0e0899,"{""distance"":5,""physical_error_rate"":0.002}","{""detection_events"":546397,""detectors_checked"":62619648,""obs_mistake_mask=E"":15}"
    955392,         1,         0,    44.7,exact_mw,bb90ec3459e353008cf9a5bb9142bf1e8515517a9e167021b225104594e48e8a,"{""distance"":5,""physical_error_rate"":0.001}","{""detection_events"":939996,""detectors_checked"":214007808,""obs_mistake_mask=E"":1}"
    936960,         1,         0,    44.5,exact_mw,cb12ae119b9b2ba18d0216e7235b403229e92fd0743ede48fe7f1a2c6f45d594,"{""distance"":5,""physical_error_rate"":0.0005}","{""detection_events"":461366,""detectors_checked"":209879040,""obs_mistake_mask=E"":1}"
    519168,         0,         0,    22.8,exact_mw,cdc4a450a40af8e24899239080e4c40992fb5baf91c5a31ab3a165eacb3a1ab3,"{""distance"":5,""physical_error_rate"":0.0002}","{""detection_events"":102520,""detectors_checked"":116293632}"
   4455424,         3,         0,    44.5,exact_mw,cb12ae119b9b2ba18d0216e7235b403229e92fd0743ede48fe7f1a2c6f45d594,"{""distance"":5,""physical_error_rate"":0.0005}","{""detection_events"":2189841,""detectors_checked"":998014976,""obs_mistake_mask=E"":3}"
   4358144,         0,         0,    44.2,exact_mw,f32ebecd8e105e50ec838d33c5ed9b45444b6b44a3c6ac541111079f2b14e893,"{""distance"":5,""physical_error_rate"":5e-05}","{""detection_events"":214383,""detectors_checked"":976224256}"
   2198528,         0,         0,    22.7,exact_mw,70a969f5042aec17ac076c6379f4170fb7c69b8e925756ef3b7334e28a33338b,"{""distance"":5,""physical_error_rate"":0.0001}","{""detection_events"":217629,""detectors_checked"":492470272}"
     15872,        20,         0,    32.3,exact_mw,38b7ae1c4e8407fc325e0d9e43e9f92ff26dcb3f5cf7b98d24ea74c9e5188d39,"{""distance"":5,""physical_error_rate"":0.005}","{""detection_events"":76022,""detectors_checked"":3555328,""obs_mistake_mask=E"":20}"
   1358848,         0,         0,    44.7,exact_mw,70a969f5042aec17ac076c6379f4170fb7c69b8e925756ef3b7334e28a33338b,"{""distance"":5,""physical_error_rate"":0.0001}","{""detection_events"":135224,""detectors_checked"":304381952}"
   1467392,         1,         0,    22.7,exact_mw,cb12ae119b9b2ba18d0216e7235b403229e92fd0743ede48fe7f1a2c6f45d594,"{""distance"":5,""physical_error_rate"":0.0005}","{""detection_events"":722207,""detectors_checked"":328695808,""obs_mistake_mask=E"":1}"
   3300352,         0,         0,    44.6,exact_mw,cdc4a450a40af8e24899239080e4c40992fb5baf91c5a31ab3a165eacb3a1ab3,"{""distance"":5,""physical_error_rate"":0.0002}","{""detection_events"":653011,""detectors_checked"":739278848}"
    139264,         5,         0,    32.3,exact_mw,3208f56225bbcac0e2804eb6f92d0a8b681652a702ca1ec920ccd7367f0e0899,"{""distance"":5,""physical_error_rate"":0.002}","{""detection_events"":272365,""detectors_checked"":31195136,""obs_mistake_mask=E"":5}"
   1388544,         0,         0,    22.8,exact_mw,70a969f5042aec17ac076c6379f4170fb7c69b8e925756ef3b7334e28a33338b,"{""distance"":5,""physical_error_rate"":0.0001}","{""detection_events"":137069,""detectors_checked"":311033856}"
   1671168,         0,         0,    22.8,exact_mw,f32ebecd8e105e50ec838d33c5ed9b45444b6b44a3c6ac541111079f2b14e893,"{""distance"":5,""physical_error_rate"":5e-05}","{""detection_events"":82089,""detectors_checked"":374341632}"
   1637376,         0,         0,    44.5,exact_mw,70a969f5042aec17ac076c6379f4170fb7c69b8e925756ef3b7334e28a33338b,"{""distance"":5,""physical_error_rate"":0.0001}","{""detection_events"":161980,""detectors_checked"":366772224}"
     87040,         7,         0,    45.2,exact_mw,3208f56225bbcac0e2804eb6f92d0a8b681652a702ca1ec920ccd7367f0e0899,"{""distance"":5,""physical_error_rate"":0.002}","{""detection_events"":169789,""detectors_checked"":19496960,""obs_mistake_mask=E"":7}"
    468992,         2,         0,    22.8,exact_mw,bb90ec3459e353008cf9a5bb9142bf1e8515517a9e167021b225104594e48e8a,"{""distance"":5,""physical_error_rate"":0.001}","{""detection_events"":459578,""detectors_checked"":105054208,""obs_mistake_mask=E"":2}"
    464896,         1,         0,    22.9,exact_mw,bb90ec3459e353008cf9a5bb9142bf1e8515517a9e167021b225104594e48e8a,"{""distance"":5,""physical_error_rate"":0.001}","{""detection_events"":455536,""detectors_checked"":104136704,""obs_mistake_mask=E"":1}"
   1209344,         1,         0,    22.6,exact_mw,cb12ae119b9b2ba18d0216e7235b403229e92fd0743ede48fe7f1a2c6f45d594,"{""distance"":5,""physical_error_rate"":0.0005}","{""detection_events"":595483,""detectors_checked"":270893056,""obs_mistake_mask=E"":1}"
      7552,        12,         0,    45.3,exact_mw,38b7ae1c4e8407fc325e0d9e43e9f92ff26dcb3f5cf7b98d24ea74c9e5188d39,"{""distance"":5,""physical_error_rate"":0.005}","{""detection_events"":36397,""detectors_checked"":1691648,""obs_mistake_mask=E"":12}"
   1594368,         0,         0,    22.7,exact_mw,70a969f5042aec17ac076c6379f4170fb7c69b8e925756ef3b7334e28a33338b,"{""distance"":5,""physical_error_rate"":0.0001}","{""detection_events"":157650,""detectors_checked"":357138432}"
   2621440,         0,         0,    44.4,exact_mw,cdc4a450a40af8e24899239080e4c40992fb5baf91c5a31ab3a165eacb3a1ab3,"{""distance"":5,""physical_error_rate"":0.0002}","{""detection_events"":517724,""detectors_checked"":587202560}"
    655360,         0,         0,    22.8,exact_mw,f32ebecd8e105e50ec838d33c5ed9b45444b6b44a3c6ac541111079f2b14e893,"{""distance"":5,""physical_error_rate"":5e-05}","{""detection_events"":32029,""detectors_checked"":146800640}"
   1287168,         0,         0,    22.8,exact_mw,f32ebecd8e105e50ec838d33c5ed9b45444b6b44a3c6ac541111079f2b14e893,"{""distance"":5,""physical_error_rate"":5e-05}","{""detection_events"":62971,""detectors_checked"":288325632}"
     25088,        22,         0,    46.1,exact_mw,38b7ae1c4e8407fc325e0d9e43e9f92ff26dcb3f5cf7b98d24ea74c9e5188d39,"{""distance"":5,""physical_error_rate"":0.005}","{""detection_events"":120148,""detectors_checked"":5619712,""obs_mistake_mask=E"":22}"
      9152,        10,         0,    44.9,exact_mw,38b7ae1c4e8407fc325e0d9e43e9f92ff26dcb3f5cf7b98d24ea74c9e5188d39,"{""distance"":5,""physical_error_rate"":0.005}","{""detection_events"":43868,""detectors_checked"":2050048,""obs_mistake_mask=E"":10}"
    901120,         3,         0,    44.8,exact_mw,bb90ec3459e353008cf9a5bb9142bf1e8515517a9e167021b225104594e48e8a,"{""distance"":5,""physical_error_rate"":0.001}","{""detection_events"":885243,""detectors_checked"":201850880,""obs_mistake_mask=E"":3}"
      9728,        12,         0,    45.0,exact_mw,38b7ae1c4e8407fc325e0d9e43e9f92ff26dcb3f5cf7b98d24ea74c9e5188d39,"{""distance"":5,""physical_error_rate"":0.005}","{""detection_events"":46330,""detectors_checked"":2179072,""obs_mistake_mask=E"":12}"
     28032,        29,         0,    45.5,exact_mw,38b7ae1c4e8407fc325e0d9e43e9f92ff26dcb3f5cf7b98d24ea74c9e5188d39,"{""distance"":5,""physical_error_rate"":0.005}","{""detection_events"":134635,""detectors_checked"":6279168,""obs_mistake_mask=E"":29}"
     10496,        11,         0,    23.2,exact_mw,38b7ae1c4e8407fc325e0d9e43e9f92ff26dcb3f5cf7b98d24ea74c9e5188d39,"{""distance"":5,""physical_error_rate"":0.005}","{""detection_events"":50492,""detectors_checked"":2351104,""obs_mistake_mask=E"":11}"
      4352,         4,         0,    8.92,exact_mw,38b7ae1c4e8407fc325e0d9e43e9f92ff26dcb3f5cf7b98d24ea74c9e5188d39,"{""distance"":5,""physical_error_rate"":0.005}","{""detection_events"":20919,""detectors_checked"":974848,""obs_mistake_mask=E"":4}"
     11392,        11,         0,    44.4,exact_mw,38b7ae1c4e8407fc325e0d9e43e9f92ff26dcb3f5cf7b98d24ea74c9e5188d39,"{""distance"":5,""physical_error_rate"":0.005}","{""detection_events"":54214,""detectors_checked"":2551808,""obs_mistake_mask=E"":11}"
      7680,         5,         0,    16.1,exact_mw,38b7ae1c4e8407fc325e0d9e43e9f92ff26dcb3f5cf7b98d24ea74c9e5188d39,"{""distance"":5,""physical_error_rate"":0.005}","{""detection_events"":37108,""detectors_checked"":1720320,""obs_mistake_mask=E"":5}"
       768,         0,         0,    3.68,exact_mw,38b7ae1c4e8407fc325e0d9e43e9f92ff26dcb3f5cf7b98d24ea74c9e5188d39,"{""distance"":5,""physical_error_rate"":0.005}","{""detection_events"":3719,""detectors_checked"":172032}"
      4608,         2,         0,    15.0,exact_mw,38b7ae1c4e8407fc325e0d9e43e9f92ff26dcb3f5cf7b98d24ea74c9e5188d39,"{""distance"":5,""physical_error_rate"":0.005}","{""detection_events"":22135,""detectors_checked"":1032192,""obs_mistake_mask=E"":2}"
      4096,         4,         0,    16.0,exact_mw,38b7ae1c4e8407fc325e0d9e43e9f92ff26dcb3f5cf7b98d24ea74c9e5188d39,"{""distance"":5,""physical_error_rate"":0.005}","{""detection_events"":19759,""detectors_checked"":917504,""obs_mistake_mask=E"":4}"
      1024,         1,         0,    2.10,exact_mw,38b7ae1c4e8407fc325e0d9e43e9f92ff26dcb3f5cf7b98d24ea74c9e5188d39,"{""distance"":5,""physical_error_rate"":0.005}","{""detection_events"":5067,""detectors_checked"":229376,""obs_mistake_mask=E"":1}"
      6656,         8,         0,    14.2,exact_mw,38b7ae1c4e8407fc325e0d9e43e9f92ff26dcb3f5cf7b98d24ea74c9e5188d39,"{""distance"":5,""physical_error_rate"":0.005}","{""detection_events"":31787,""detectors_checked"":1490944,""obs_mistake_mask=E"":8}"
       640,         0,         0,    2.47,exact_mw,38b7ae1c4e8407fc325e0d9e43e9f92ff26dcb3f5cf7b98d24ea74c9e5188d39,"{""distance"":5,""physical_error_rate"":0.005}","{""detection_events"":3019,""detectors_checked"":143360}"
      1536,         3,         0,    4.00,exact_mw,38b7ae1c4e8407fc325e0d9e43e9f92ff26dcb3f5cf7b98d24ea74c9e5188d39,"{""distance"":5,""physical_error_rate"":0.005}","{""detection_events"":7401,""detectors_checked"":344064,""obs_mistake_mask=E"":3}"
      4032,         3,         0,    17.3,exact_mw,38b7ae1c4e8407fc325e0d9e43e9f92ff26dcb3f5cf7b98d24ea74c9e5188d39,"{""distance"":5,""physical_error_rate"":0.005}","{""detection_events"":19279,""detectors_checked"":903168,""obs_mistake_mask=E"":3}"
      7168,         9,         0,    16.9,exact_mw,38b7ae1c4e8407fc325e0d9e43e9f92ff26dcb3f5cf7b98d24ea74c9e5188d39,"{""distance"":5,""physical_error_rate"":0.005}","{""detection_events"":33785,""detectors_checked"":1605632,""obs_mistake_mask=E"":9}"
     12416,        14,         0,    16.5,exact_mw,38b7ae1c4e8407fc325e0d9e43e9f92ff26dcb3f5cf7b98d24ea74c9e5188d39,"{""distance"":5,""physical_error_rate"":0.005}","{""detection_events"":59725,""detectors_checked"":2781184,""obs_mistake_mask=E"":14}"
      3456,         3,         0,    15.7,exact_mw,38b7ae1c4e8407fc325e0d9e43e9f92ff26dcb3f5cf7b98d24ea74c9e5188d39,"{""distance"":5,""physical_error_rate"":0.005}","{""detection_events"":16868,""detectors_checked"":774144,""obs_mistake_mask=E"":3}"
      9728,        10,         0,    21.0,exact_mw,38b7ae1c4e8407fc325e0d9e43e9f92ff26dcb3f5cf7b98d24ea74c9e5188d39,"{""distance"":5,""physical_error_rate"":0.005}","{""detection_events"":46725,""detectors_checked"":2179072,""obs_mistake_mask=E"":10}"
    196608,         9,         0,    45.1,exact_mw,3208f56225bbcac0e2804eb6f92d0a8b681652a702ca1ec920ccd7367f0e0899,"{""distance"":5,""physical_error_rate"":0.002}","{""detection_events"":383219,""detectors_checked"":44040192,""obs_mistake_mask=E"":9}"
       128,         0,         0,   0.600,exact_mw,38b7ae1c4e8407fc325e0d9e43e9f92ff26dcb3f5cf7b98d24ea74c9e5188d39,"{""distance"":5,""physical_error_rate"":0.005}","{""detection_events"":596,""detectors_checked"":28672}"
      1024,         1,         0,    7.65,exact_mw,38b7ae1c4e8407fc325e0d9e43e9f92ff26dcb3f5cf7b98d24ea74c9e5188d39,"{""distance"":5,""physical_error_rate"":0.005}","{""detection_events"":4940,""detectors_checked"":229376,""obs_mistake_mask=E"":1}"
      7616,         2,         0,    19.9,exact_mw,38b7ae1c4e8407fc325e0d9e43e9f92ff26dcb3f5cf7b98d24ea74c9e5188d39,"{""distance"":5,""physical_error_rate"":0.005}","{""detection_events"":36809,""detectors_checked"":1705984,""obs_mistake_mask=E"":2}"
      1297,         0,         0,   0.062,exact_mw,bb90ec3459e353008cf9a5bb9142bf1e8515517a9e167021b225104594e48e8a,"{""distance"":5,""physical_error_rate"":0.001}","{""detection_events"":1334,""detectors_checked"":290528}"
      1024,         0,         0,   0.034,exact_mw,bb90ec3459e353008cf9a5bb9142bf1e8515517a9e167021b225104594e48e8a,"{""distance"":5,""physical_error_rate"":0.001}","{""detection_events"":1007,""detectors_checked"":229376}"
      1024,         1,         0,   0.049,exact_mw,bb90ec3459e353008cf9a5bb9142bf1e8515517a9e167021b225104594e48e8a,"{""distance"":5,""physical_error_rate"":0.001}","{""detection_events"":953,""detectors_checked"":229376,""obs_mistake_mask=E"":1}"
      1024,         0,         0,   0.054,exact_mw,bb90ec3459e353008cf9a5bb9142bf1e8515517a9e167021b225104594e48e8a,"{""distance"":5,""physical_error_rate"":0.001}","{""detection_events"":989,""detectors_checked"":229376}"
      2048,         0,         0,   0.081,exact_mw,bb90ec3459e353008cf9a5bb9142bf1e8515517a9e167021b225104594e48e8a,"{""distance"":5,""physical_error_rate"":0.001}","{""detection_events"":2007,""detectors_checked"":458752}"
      2048,         0,         0,   0.057,exact_mw,bb90ec3459e353008cf9a5bb9142bf1e8515517a9e167021b225104594e48e8a,"{""distance"":5,""physical_error_rate"":0.001}","{""detection_events"":2088,""detectors_checked"":458752}"
      2048,         0,         0,   0.080,exact_mw,bb90ec3459e353008cf9a5bb9142bf1e8515517a9e167021b225104594e48e8a,"{""distance"":5,""physical_error_rate"":0.001}","{""detection_events"":2098,""detectors_checked"":458752}"
     43008,         1,         0,    23.5,exact_mw,3208f56225bbcac0e2804eb6f92d0a8b681652a702ca1ec920ccd7367f0e0899,"{""distance"":5,""physical_error_rate"":0.002}","{""detection_events"":84095,""detectors_checked"":9633792,""obs_mistake_mask=E"":1}"
      3072,         0,         0,   0.107,exact_mw,bb90ec3459e353008cf9a5bb9142bf1e8515517a9e167021b225104594e48e8a,"{""distance"":5,""physical_error_rate"":0.001}","{""detection_events"":2915,""detectors_checked"":688128}"
      2321,         0,         0,   0.029,exact_mw,cb12ae119b9b2ba18d0216e7235b403229e92fd0743ede48fe7f1a2c6f45d594,"{""distance"":5,""physical_error_rate"":0.0005}","{""detection_events"":1254,""detectors_checked"":519904}"
      2048,         0,         0,   0.026,exact_mw,cb12ae119b9b2ba18d0216e7235b403229e92fd0743ede48fe7f1a2c6f45d594,"{""distance"":5,""physical_error_rate"":0.0005}","{""detection_events"":965,""detectors_checked"":458752}"
      1024,         0,         0,   0.006,exact_mw,cb12ae119b9b2ba18d0216e7235b403229e92fd0743ede48fe7f1a2c6f45d594,"{""distance"":5,""physical_error_rate"":0.0005}","{""detection_events"":457,""detectors_checked"":229376}"
      3072,         0,         0,   0.034,exact_mw,cb12ae119b9b2ba18d0216e7235b403229e92fd0743ede48fe7f1a2c6f45d594,"{""distance"":5,""physical_error_rate"":0.0005}","{""detection_events"":1519,""detectors_checked"":688128}"
      2321,         0,         0,   0.028,exact_mw,cdc4a450a40af8e24899239080e4c40992fb5baf91c5a31ab3a165eacb3a1ab3,"{""distance"":5,""physical_error_rate"":0.0002}","{""detection_events"":517,""detectors_checked"":519904}"
      5120,         0,         0,   0.182,exact_mw,bb90ec3459e353008cf9a5bb9142bf1e8515517a9e167021b225104594e48e8a,"{""distance"":5,""physical_error_rate"":0.001}","{""detection_events"":5061,""detectors_checked"":1146880}"
      3072,         0,         0,   0.030,exact_mw,cdc4a450a40af8e24899239080e4c40992fb5baf91c5a31ab3a165eacb3a1ab3,"{""distance"":5,""physical_error_rate"":0.0002}","{""detection_events"":623,""detectors_checked"":688128}"
      4096,         0,         0,   0.044,exact_mw,cb12ae119b9b2ba18d0216e7235b403229e92fd0743ede48fe7f1a2c6f45d594,"{""distance"":5,""physical_error_rate"":0.0005}","{""detection_events"":2106,""detectors_checked"":917504}"
   1658880,         0,         0,    22.7,exact_mw,cdc4a450a40af8e24899239080e4c40992fb5baf91c5a31ab3a165eacb3a1ab3,"{""distance"":5,""physical_error_rate"":0.0002}","{""detection_events"":327642,""detectors_checked"":371589120}"
      3072,         0,         0,   0.030,exact_mw,cdc4a450a40af8e24899239080e4c40992fb5baf91c5a31ab3a165eacb3a1ab3,"{""distance"":5,""physical_error_rate"":0.0002}","{""detection_events"":639,""detectors_checked"":688128}"
      2048,         0,         0,   0.028,exact_mw,cdc4a450a40af8e24899239080e4c40992fb5baf91c5a31ab3a165eacb3a1ab3,"{""distance"":5,""physical_error_rate"":0.0002}","{""detection_events"":396,""detectors_checked"":458752}"
      4096,         0,         0,   0.058,exact_mw,cb12ae119b9b2ba18d0216e7235b403229e92fd0743ede48fe7f1a2c6f45d594,"{""distance"":5,""physical_error_rate"":0.0005}","{""detection_events"":2142,""detectors_checked"":917504}"
       273,         0,         0,   0.081,exact_mw,3208f56225bbcac0e2804eb6f92d0a8b681652a702ca1ec920ccd7367f0e0899,"{""distance"":5,""physical_error_rate"":0.002}","{""detection_events"":451,""detectors_checked"":61152}"
      5120,         0,         0,   0.057,exact_mw,cdc4a450a40af8e24899239080e4c40992fb5baf91c5a31ab3a165eacb3a1ab3,"{""distance"":5,""physical_error_rate"":0.0002}","{""detection_events"":943,""detectors_checked"":1146880}"
      4096,         0,         0,   0.082,exact_mw,cb12ae119b9b2ba18d0216e7235b403229e92fd0743ede48fe7f1a2c6f45d594,"{""distance"":5,""physical_error_rate"":0.0005}","{""detection_events"":2005,""detectors_checked"":917504}"
      5120,         0,         0,   0.055,exact_mw,cdc4a450a40af8e24899239080e4c40992fb5baf91c5a31ab3a165eacb3a1ab3,"{""distance"":5,""physical_error_rate"":0.0002}","{""detection_events"":962,""detectors_checked"":1146880}"
      6144,         0,         0,   0.201,exact_mw,bb90ec3459e353008cf9a5bb9142bf1e8515517a9e167021b225104594e48e8a,"{""distance"":5,""physical_error_rate"":0.001}","{""detection_events"":5715,""detectors_checked"":1376256}"
      6144,         0,         0,   0.088,exact_mw,cb12ae119b9b2ba18d0216e7235b403229e92fd0743ede48fe7f1a2c6f45d594,"{""distance"":5,""physical_error_rate"":0.0005}","{""detection_events"":3125,""detectors_checked"":1376256}"
      7168,         0,         0,   0.084,exact_mw,cdc4a450a40af8e24899239080e4c40992fb5baf91c5a31ab3a165eacb3a1ab3,"{""distance"":5,""physical_error_rate"":0.0002}","{""detection_events"":1417,""detectors_checked"":1605632}"
      1024,         0,         0,   0.200,exact_mw,3208f56225bbcac0e2804eb6f92d0a8b681652a702ca1ec920ccd7367f0e0899,"{""distance"":5,""physical_error_rate"":0.002}","{""detection_events"":2019,""detectors_checked"":229376}"
      9216,         0,         0,   0.111,exact_mw,cdc4a450a40af8e24899239080e4c40992fb5baf91c5a31ab3a165eacb3a1ab3,"{""distance"":5,""physical_error_rate"":0.0002}","{""detection_events"":1854,""detectors_checked"":2064384}"
      9216,         0,         0,   0.165,exact_mw,cb12ae119b9b2ba18d0216e7235b403229e92fd0743ede48fe7f1a2c6f45d594,"{""distance"":5,""physical_error_rate"":0.0005}","{""detection_events"":4635,""detectors_checked"":2064384}"
      8192,         0,         0,   0.273,exact_mw,bb90ec3459e353008cf9a5bb9142bf1e8515517a9e167021b225104594e48e8a,"{""distance"":5,""physical_error_rate"":0.001}","{""detection_events"":8049,""detectors_checked"":1835008}"
      1024,         0,         0,   0.194,exact_mw,3208f56225bbcac0e2804eb6f92d0a8b681652a702ca1ec920ccd7367f0e0899,"{""distance"":5,""physical_error_rate"":0.002}","{""detection_events"":1910,""detectors_checked"":229376}"
     13312,         0,         0,   0.169,exact_mw,cdc4a450a40af8e24899239080e4c40992fb5baf91c5a31ab3a165eacb3a1ab3,"{""distance"":5,""physical_error_rate"":0.0002}","{""detection_events"":2707,""detectors_checked"":2981888}"
     10240,         0,         0,   0.195,exact_mw,cb12ae119b9b2ba18d0216e7235b403229e92fd0743ede48fe7f1a2c6f45d594,"{""distance"":5,""physical_error_rate"":0.0005}","{""detection_events"":4995,""detectors_checked"":2293760}"
     20480,         0,         0,   0.231,exact_mw,cdc4a450a40af8e24899239080e4c40992fb5baf91c5a31ab3a165eacb3a1ab3,"{""distance"":5,""physical_error_rate"":0.0002}","{""detection_events"":4056,""detectors_checked"":4587520}"
      1024,         0,         0,   0.263,exact_mw,3208f56225bbcac0e2804eb6f92d0a8b681652a702ca1ec920ccd7367f0e0899,"{""distance"":5,""physical_error_rate"":0.002}","{""detection_events"":1912,""detectors_checked"":229376}"
     11264,         0,         0,   0.400,exact_mw,bb90ec3459e353008cf9a5bb9142bf1e8515517a9e167021b225104594e48e8a,"{""distance"":5,""physical_error_rate"":0.001}","{""detection_events"":10898,""detectors_checked"":2523136}"
     16384,         0,         0,   0.280,exact_mw,cb12ae119b9b2ba18d0216e7235b403229e92fd0743ede48fe7f1a2c6f45d594,"{""distance"":5,""physical_error_rate"":0.0005}","{""detection_events"":7828,""detectors_checked"":3670016}"
       273,         0,         0,   0.026,exact_mw,3208f56225bbcac0e2804eb6f92d0a8b681652a702ca1ec920ccd7367f0e0899,"{""distance"":5,""physical_error_rate"":0.002}","{""detection_events"":523,""detectors_checked"":61152}"
     25600,         0,         0,   0.282,exact_mw,cdc4a450a40af8e24899239080e4c40992fb5baf91c5a31ab3a165eacb3a1ab3,"{""distance"":5,""physical_error_rate"":0.0002}","{""detection_events"":5041,""detectors_checked"":5734400}"
      1024,         0,         0,   0.278,exact_mw,3208f56225bbcac0e2804eb6f92d0a8b681652a702ca1ec920ccd7367f0e0899,"{""distance"":5,""physical_error_rate"":0.002}","{""detection_events"":2100,""detectors_checked"":229376}"
       273,         0,         0,   0.021,exact_mw,cb12ae119b9b2ba18d0216e7235b403229e92fd0743ede48fe7f1a2c6f45d594,"{""distance"":5,""physical_error_rate"":0.0005}","{""detection_events"":109,""detectors_checked"":61152}"
      2048,         0,         0,   0.027,exact_mw,cb12ae119b9b2ba18d0216e7235b403229e92fd0743ede48fe7f1a2c6f45d594,"{""distance"":5,""physical_error_rate"":0.0005}","{""detection_events"":971,""detectors_checked"":458752}"
      1024,         0,         0,   0.184,exact_mw,3208f56225bbcac0e2804eb6f92d0a8b681652a702ca1ec920ccd7367f0e0899,"{""distance"":5,""physical_error_rate"":0.002}","{""detection_events"":2039,""detectors_checked"":229376}"
      1024,         0,         0,   0.024,exact_mw,cb12ae119b9b2ba18d0216e7235b403229e92fd0743ede48fe7f1a2c6f45d594,"{""distance"":5,""physical_error_rate"":0.0005}","{""detection_events"":531,""detectors_checked"":229376}"
      2048,         0,         0,   0.048,exact_mw,cb12ae119b9b2ba18d0216e7235b403229e92fd0743ede48fe7f1a2c6f45d594,"{""distance"":5,""physical_error_rate"":0.0005}","{""detection_events"":942,""detectors_checked"":458752}"
     25600,         0,         0,   0.377,exact_mw,cb12ae119b9b2ba18d0216e7235b403229e92fd0743ede48fe7f1a2c6f45d594,"{""distance"":5,""physical_error_rate"":0.0005}","{""detection_events"":12456,""detectors_checked"":5734400}"
      1024,         0,         0,   0.327,exact_mw,3208f56225bbcac0e2804eb6f92d0a8b681652a702ca1ec920ccd7367f0e0899,"{""distance"":5,""physical_error_rate"":0.002}","{""detection_events"":1979,""detectors_checked"":229376}"
      3072,         0,         0,   0.053,exact_mw,cb12ae119b9b2ba18d0216e7235b403229e92fd0743ede48fe7f1a2c6f45d594,"{""distance"":5,""physical_error_rate"":0.0005}","{""detection_events"":1552,""detectors_checked"":688128}"
      1024,         0,         0,   0.169,exact_mw,3208f56225bbcac0e2804eb6f92d0a8b681652a702ca1ec920ccd7367f0e0899,"{""distance"":5,""physical_error_rate"":0.002}","{""detection_events"":1922,""detectors_checked"":229376}"
      4096,         0,         0,   0.074,exact_mw,cb12ae119b9b2ba18d0216e7235b403229e92fd0743ede48fe7f1a2c6f45d594,"{""distance"":5,""physical_error_rate"":0.0005}","{""detection_events"":1959,""detectors_checked"":917504}"
     19456,         0,         0,   0.565,exact_mw,bb90ec3459e353008cf9a5bb9142bf1e8515517a9e167021b225104594e48e8a,"{""distance"":5,""physical_error_rate"":0.001}","{""detection_events"":19124,""detectors_checked"":4358144}"
     34816,         0,         0,   0.414,exact_mw,cdc4a450a40af8e24899239080e4c40992fb5baf91c5a31ab3a165eacb3a1ab3,"{""distance"":5,""physical_error_rate"":0.0002}","{""detection_events"":6782,""detectors_checked"":7798784}"
      2321,         0,         0,   0.027,exact_mw,cdc4a450a40af8e24899239080e4c40992fb5baf91c5a31ab3a165eacb3a1ab3,"{""distance"":5,""physical_error_rate"":0.0002}","{""detection_events"":394,""detectors_checked"":519904}"
       273,         0,         0,   0.097,exact_mw,3208f56225bbcac0e2804eb6f92d0a8b681652a702ca1ec920ccd7367f0e0899,"{""distance"":5,""physical_error_rate"":0.002}","{""detection_events"":545,""detectors_checked"":61152}"
      4096,         0,         0,   0.076,exact_mw,cb12ae119b9b2ba18d0216e7235b403229e92fd0743ede48fe7f1a2c6f45d594,"{""distance"":5,""physical_error_rate"":0.0005}","{""detection_events"":1929,""detectors_checked"":917504}"
      2048,         0,         0,   0.027,exact_mw,cdc4a450a40af8e24899239080e4c40992fb5baf91c5a31ab3a165eacb3a1ab3,"{""distance"":5,""physical_error_rate"":0.0002}","{""detection_events"":438,""detectors_checked"":458752}"
      2048,         0,         0,   0.021,exact_mw,cdc4a450a40af8e24899239080e4c40992fb5baf91c5a31ab3a165eacb3a1ab3,"{""distance"":5,""physical_error_rate"":0.0002}","{""detection_events"":392,""detectors_checked"":458752}"
      2048,         0,         0,   0.031,exact_mw,cdc4a450a40af8e24899239080e4c40992fb5baf91c5a31ab3a165eacb3a1ab3,"{""distance"":5,""physical_error_rate"":0.0002}","{""detection_events"":409,""detectors_checked"":458752}"
      1024,         0,         0,   0.271,exact_mw,3208f56225bbcac0e2804eb6f92d0a8b681652a702ca1ec920ccd7367f0e0899,"{""distance"":5,""physical_error_rate"":0.002}","{""detection_events"":2051,""detectors_checked"":229376}"
      1297,         0,         0,   0.026,exact_mw,cdc4a450a40af8e24899239080e4c40992fb5baf91c5a31ab3a165eacb3a1ab3,"{""distance"":5,""physical_error_rate"":0.0002}","{""detection_events"":289,""detectors_checked"":290528}"
      3072,         0,         0,   0.059,exact_mw,cdc4a450a40af8e24899239080e4c40992fb5baf91c5a31ab3a165eacb3a1ab3,"{""distance"":5,""physical_error_rate"":0.0002}","{""detection_events"":602,""detectors_checked"":688128}"
      2048,         0,         0,   0.027,exact_mw,cdc4a450a40af8e24899239080e4c40992fb5baf91c5a31ab3a165eacb3a1ab3,"{""distance"":5,""physical_error_rate"":0.0002}","{""detection_events"":401,""detectors_checked"":458752}"
      6144,         0,         0,   0.130,exact_mw,cb12ae119b9b2ba18d0216e7235b403229e92fd0743ede48fe7f1a2c6f45d594,"{""distance"":5,""physical_error_rate"":0.0005}","{""detection_events"":3068,""detectors_checked"":1376256}"
      1024,         0,         0,   0.226,exact_mw,3208f56225bbcac0e2804eb6f92d0a8b681652a702ca1ec920ccd7367f0e0899,"{""distance"":5,""physical_error_rate"":0.002}","{""detection_events"":2140,""detectors_checked"":229376}"
      3072,         0,         0,   0.029,exact_mw,cdc4a450a40af8e24899239080e4c40992fb5baf91c5a31ab3a165eacb3a1ab3,"{""distance"":5,""physical_error_rate"":0.0002}","{""detection_events"":610,""detectors_checked"":688128}"
      4096,         0,         0,   0.061,exact_mw,cdc4a450a40af8e24899239080e4c40992fb5baf91c5a31ab3a165eacb3a1ab3,"{""distance"":5,""physical_error_rate"":0.0002}","{""detection_events"":799,""detectors_checked"":917504}"
      3072,         0,         0,   0.029,exact_mw,cdc4a450a40af8e24899239080e4c40992fb5baf91c5a31ab3a165eacb3a1ab3,"{""distance"":5,""physical_error_rate"":0.0002}","{""detection_events"":562,""detectors_checked"":688128}"
      4096,         0,         0,   0.053,exact_mw,cdc4a450a40af8e24899239080e4c40992fb5baf91c5a31ab3a165eacb3a1ab3,"{""distance"":5,""physical_error_rate"":0.0002}","{""detection_events"":804,""detectors_checked"":917504}"
      5120,         0,         0,   0.089,exact_mw,cdc4a450a40af8e24899239080e4c40992fb5baf91c5a31ab3a165eacb3a1ab3,"{""distance"":5,""physical_error_rate"":0.0002}","{""detection_events"":930,""detectors_checked"":1146880}"
      1024,         0,         0,   0.277,exact_mw,3208f56225bbcac0e2804eb6f92d0a8b681652a702ca1ec920ccd7367f0e0899,"{""distance"":5,""physical_error_rate"":0.002}","{""detection_events"":2064,""detectors_checked"":229376}"
      5120,         0,         0,   0.056,exact_mw,cdc4a450a40af8e24899239080e4c40992fb5baf91c5a31ab3a165eacb3a1ab3,"{""distance"":5,""physical_error_rate"":0.0002}","{""detection_events"":989,""detectors_checked"":1146880}"
      6144,         0,         0,   0.175,exact_mw,cb12ae119b9b2ba18d0216e7235b403229e92fd0743ede48fe7f1a2c6f45d594,"{""distance"":5,""physical_error_rate"":0.0005}","{""detection_events"":2966,""detectors_checked"":1376256}"
      1024,         0,         0,   0.227,exact_mw,3208f56225bbcac0e2804eb6f92d0a8b681652a702ca1ec920ccd7367f0e0899,"{""distance"":5,""physical_error_rate"":0.002}","{""detection_events"":2084,""detectors_checked"":229376}"
      1024,         0,         0,   0.193,exact_mw,3208f56225bbcac0e2804eb6f92d0a8b681652a702ca1ec920ccd7367f0e0899,"{""distance"":5,""physical_error_rate"":0.002}","{""detection_events"":2028,""detectors_checked"":229376}"
      7168,         0,         0,   0.075,exact_mw,cdc4a450a40af8e24899239080e4c40992fb5baf91c5a31ab3a165eacb3a1ab3,"{""distance"":5,""physical_error_rate"":0.0002}","{""detection_events"":1420,""detectors_checked"":1605632}"
      7168,         0,         0,   0.122,exact_mw,cdc4a450a40af8e24899239080e4c40992fb5baf91c5a31ab3a165eacb3a1ab3,"{""distance"":5,""physical_error_rate"":0.0002}","{""detection_events"":1401,""detectors_checked"":1605632}"
     37888,         0,         0,   0.586,exact_mw,cb12ae119b9b2ba18d0216e7235b403229e92fd0743ede48fe7f1a2c6f45d594,"{""distance"":5,""physical_error_rate"":0.0005}","{""detection_events"":18644,""detectors_checked"":8486912}"
     10240,         0,         0,   0.111,exact_mw,cdc4a450a40af8e24899239080e4c40992fb5baf91c5a31ab3a165eacb3a1ab3,"{""distance"":5,""physical_error_rate"":0.0002}","{""detection_events"":1895,""detectors_checked"":2293760}"
      1024,         0,         0,   0.227,exact_mw,3208f56225bbcac0e2804eb6f92d0a8b681652a702ca1ec920ccd7367f0e0899,"{""distance"":5,""physical_error_rate"":0.002}","{""detection_events"":1918,""detectors_checked"":229376}"
      1024,         0,         0,   0.177,exact_mw,3208f56225bbcac0e2804eb6f92d0a8b681652a702ca1ec920ccd7367f0e0899,"{""distance"":5,""physical_error_rate"":0.002}","{""detection_events"":1955,""detectors_checked"":229376}"
     48128,         0,         0,   0.559,exact_mw,cdc4a450a40af8e24899239080e4c40992fb5baf91c5a31ab3a165eacb3a1ab3,"{""distance"":5,""physical_error_rate"":0.0002}","{""detection_events"":9399,""detectors_checked"":10780672}"
     10240,         0,         0,   0.213,exact_mw,cb12ae119b9b2ba18d0216e7235b403229e92fd0743ede48fe7f1a2c6f45d594,"{""distance"":5,""physical_error_rate"":0.0005}","{""detection_events"":5062,""detectors_checked"":2293760}"
      8192,         0,         0,   0.149,exact_mw,cdc4a450a40af8e24899239080e4c40992fb5baf91c5a31ab3a165eacb3a1ab3,"{""distance"":5,""physical_error_rate"":0.0002}","{""detection_events"":1731,""detectors_checked"":1835008}"
     14336,         0,         0,   0.164,exact_mw,cdc4a450a40af8e24899239080e4c40992fb5baf91c5a31ab3a165eacb3a1ab3,"{""distance"":5,""physical_error_rate"":0.0002}","{""detection_events"":2872,""detectors_checked"":3211264}"
       273,         0,         0,   0.030,exact_mw,bb90ec3459e353008cf9a5bb9142bf1e8515517a9e167021b225104594e48e8a,"{""distance"":5,""physical_error_rate"":0.001}","{""detection_events"":290,""detectors_checked"":61152}"
      1024,         0,         0,   0.202,exact_mw,3208f56225bbcac0e2804eb6f92d0a8b681652a702ca1ec920ccd7367f0e0899,"{""distance"":5,""physical_error_rate"":0.002}","{""detection_events"":1992,""detectors_checked"":229376}"
      2048,         0,         0,   0.363,exact_mw,3208f56225bbcac0e2804eb6f92d0a8b681652a702ca1ec920ccd7367f0e0899,"{""distance"":5,""physical_error_rate"":0.002}","{""detection_events"":4004,""detectors_checked"":458752}"
      1024,         0,         0,   0.202,exact_mw,3208f56225bbcac0e2804eb6f92d0a8b681652a702ca1ec920ccd7367f0e0899,"{""distance"":5,""physical_error_rate"":0.002}","{""detection_events"":1977,""detectors_checked"":229376}"
      1024,         0,         0,   0.056,exact_mw,bb90ec3459e353008cf9a5bb9142bf1e8515517a9e167021b225104594e48e8a,"{""distance"":5,""physical_error_rate"":0.001}","{""detection_events"":1005,""detectors_checked"":229376}"
     26624,         0,         0,   0.788,exact_mw,bb90ec3459e353008cf9a5bb9142bf1e8515517a9e167021b225104594e48e8a,"{""distance"":5,""physical_error_rate"":0.001}","{""detection_events"":26442,""detectors_checked"":5963776}"
      1024,         0,         0,   0.029,exact_mw,bb90ec3459e353008cf9a5bb9142bf1e8515517a9e167021b225104594e48e8a,"{""distance"":5,""physical_error_rate"":0.001}","{""detection_events"":1020,""detectors_checked"":229376}"
     12288,         0,         0,   0.209,exact_mw,cdc4a450a40af8e24899239080e4c40992fb5baf91c5a31ab3a165eacb3a1ab3,"{""distance"":5,""physical_error_rate"":0.0002}","{""detection_events"":2528,""detectors_checked"":2752512}"
      1024,         0,         0,   0.034,exact_mw,bb90ec3459e353008cf9a5bb9142bf1e8515517a9e167021b225104594e48e8a,"{""distance"":5,""physical_error_rate"":0.001}","{""detection_events"":943,""detectors_checked"":229376}"
     14336,         0,         0,   0.309,exact_mw,cb12ae119b9b2ba18d0216e7235b403229e92fd0743ede48fe7f1a2c6f45d594,"{""distance"":5,""physical_error_rate"":0.0005}","{""detection_events"":6820,""detectors_checked"":3211264}"
     20480,         0,         0,   0.225,exact_mw,cdc4a450a40af8e24899239080e4c40992fb5baf91c5a31ab3a165eacb3a1ab3,"{""distance"":5,""physical_error_rate"":0.0002}","{""detection_events"":3977,""detectors_checked"":4587520}"
      1024,         0,         0,   0.088,exact_mw,bb90ec3459e353008cf9a5bb9142bf1e8515517a9e167021b225104594e48e8a,"{""distance"":5,""physical_error_rate"":0.001}","{""detection_events"":1129,""detectors_checked"":229376}"
      1024,         0,         0,   0.061,exact_mw,bb90ec3459e353008cf9a5bb9142bf1e8515517a9e167021b225104594e48e8a,"{""distance"":5,""physical_error_rate"":0.001}","{""detection_events"":1028,""detectors_checked"":229376}"
      1024,         0,         0,   0.273,exact_mw,3208f56225bbcac0e2804eb6f92d0a8b681652a702ca1ec920ccd7367f0e0899,"{""distance"":5,""physical_error_rate"":0.002}","{""detection_events"":1869,""detectors_checked"":229376}"
      1024,         0,         0,   0.276,exact_mw,3208f56225bbcac0e2804eb6f92d0a8b681652a702ca1ec920ccd7367f0e0899,"{""distance"":5,""physical_error_rate"":0.002}","{""detection_events"":1892,""detectors_checked"":229376}"
      2048,         0,         0,   0.085,exact_mw,bb90ec3459e353008cf9a5bb9142bf1e8515517a9e167021b225104594e48e8a,"{""distance"":5,""physical_error_rate"":0.001}","{""detection_events"":2020,""detectors_checked"":458752}"
     25600,         0,         0,   0.271,exact_mw,cdc4a450a40af8e24899239080e4c40992fb5baf91c5a31ab3a165eacb3a1ab3,"{""distance"":5,""physical_error_rate"":0.0002}","{""detection_events"":5094,""detectors_checked"":5734400}"
      2048,         0,         0,   0.392,exact_mw,3208f56225bbcac0e2804eb6f92d0a8b681652a702ca1ec920ccd7367f0e0899,"{""distance"":5,""physical_error_rate"":0.002}","{""detection_events"":3946,""detectors_checked"":458752}"
      3072,         0,         0,   0.109,exact_mw,bb90ec3459e353008cf9a5bb9142bf1e8515517a9e167021b225104594e48e8a,"{""distance"":5,""physical_error_rate"":0.001}","{""detection_events"":3153,""detectors_checked"":688128}"
     27648,         0,         0,   0.307,exact_mw,cdc4a450a40af8e24899239080e4c40992fb5baf91c5a31ab3a165eacb3a1ab3,"{""distance"":5,""physical_error_rate"":0.0002}","{""detection_events"":5357,""detectors_checked"":6193152}"
     54272,         0,         0,   0.779,exact_mw,cb12ae119b9b2ba18d0216e7235b403229e92fd0743ede48fe7f1a2c6f45d594,"{""distance"":5,""physical_error_rate"":0.0005}","{""detection_events"":26496,""detectors_checked"":12156928}"
      1024,         0,         0,   0.226,exact_mw,3208f56225bbcac0e2804eb6f92d0a8b681652a702ca1ec920ccd7367f0e0899,"{""distance"":5,""physical_error_rate"":0.002}","{""detection_events"":1883,""detectors_checked"":229376}"
     22528,         0,         0,   0.404,exact_mw,cb12ae119b9b2ba18d0216e7235b403229e92fd0743ede48fe7f1a2c6f45d594,"{""distance"":5,""physical_error_rate"":0.0005}","{""detection_events"":11217,""detectors_checked"":5046272}"
      1024,         0,         0,   0.269,exact_mw,3208f56225bbcac0e2804eb6f92d0a8b681652a702ca1ec920ccd7367f0e0899,"{""distance"":5,""physical_error_rate"":0.002}","{""detection_events"":2070,""detectors_checked"":229376}"
       273,         0,         0,   0.028,exact_mw,f32ebecd8e105e50ec838d33c5ed9b45444b6b44a3c6ac541111079f2b14e893,"{""distance"":5,""physical_error_rate"":5e-05}","{""detection_events"":14,""detectors_checked"":61152}"
     70656,         0,         0,   0.812,exact_mw,cdc4a450a40af8e24899239080e4c40992fb5baf91c5a31ab3a165eacb3a1ab3,"{""distance"":5,""physical_error_rate"":0.0002}","{""detection_events"":14254,""detectors_checked"":15826944}"
      2048,         0,         0,   0.031,exact_mw,f32ebecd8e105e50ec838d33c5ed9b45444b6b44a3c6ac541111079f2b14e893,"{""distance"":5,""physical_error_rate"":5e-05}","{""detection_events"":82,""detectors_checked"":458752}"
      2048,         0,         0,   0.031,exact_mw,f32ebecd8e105e50ec838d33c5ed9b45444b6b44a3c6ac541111079f2b14e893,"{""distance"":5,""physical_error_rate"":5e-05}","{""detection_events"":93,""detectors_checked"":458752}"
      4096,         0,         0,   0.196,exact_mw,bb90ec3459e353008cf9a5bb9142bf1e8515517a9e167021b225104594e48e8a,"{""distance"":5,""physical_error_rate"":0.001}","{""detection_events"":4196,""detectors_checked"":917504}"
      1024,         0,         0,   0.028,exact_mw,f32ebecd8e105e50ec838d33c5ed9b45444b6b44a3c6ac541111079f2b14e893,"{""distance"":5,""physical_error_rate"":5e-05}","{""detection_events"":62,""detectors_checked"":229376}"
     35840,         0,         0,   0.384,exact_mw,cdc4a450a40af8e24899239080e4c40992fb5baf91c5a31ab3a165eacb3a1ab3,"{""distance"":5,""physical_error_rate"":0.0002}","{""detection_events"":7103,""detectors_checked"":8028160}"
      4096,         0,         0,   0.061,exact_mw,f32ebecd8e105e50ec838d33c5ed9b45444b6b44a3c6ac541111079f2b14e893,"{""distance"":5,""physical_error_rate"":5e-05}","{""detection_events"":191,""detectors_checked"":917504}"
      1024,         0,         0,   0.302,exact_mw,3208f56225bbcac0e2804eb6f92d0a8b681652a702ca1ec920ccd7367f0e0899,"{""distance"":5,""physical_error_rate"":0.002}","{""detection_events"":2100,""detectors_checked"":229376}"
      3072,         0,         0,   0.059,exact_mw,f32ebecd8e105e50ec838d33c5ed9b45444b6b44a3c6ac541111079f2b14e893,"{""distance"":5,""physical_error_rate"":5e-05}","{""detection_events"":167,""detectors_checked"":688128}"
      1024,         0,         0,   0.303,exact_mw,3208f56225bbcac0e2804eb6f92d0a8b681652a702ca1ec920ccd7367f0e0899,"{""distance"":5,""physical_error_rate"":0.002}","{""detection_events"":2168,""detectors_checked"":229376}"
      2048,         3,         0,   0.482,exact_mw,3208f56225bbcac0e2804eb6f92d0a8b681652a702ca1ec920ccd7367f0e0899,"{""distance"":5,""physical_error_rate"":0.002}","{""detection_events"":3884,""detectors_checked"":458752,""obs_mistake_mask=E"":3}"
     37888,         0,         0,   0.417,exact_mw,cdc4a450a40af8e24899239080e4c40992fb5baf91c5a31ab3a165eacb3a1ab3,"{""distance"":5,""physical_error_rate"":0.0002}","{""detection_events"":7151,""detectors_checked"":8486912}"
      5120,         0,         0,   0.089,exact_mw,f32ebecd8e105e50ec838d33c5ed9b45444b6b44a3c6ac541111079f2b14e893,"{""distance"":5,""physical_error_rate"":5e-05}","{""detection_events"":269,""detectors_checked"":1146880}"
      5120,         0,         0,   0.252,exact_mw,bb90ec3459e353008cf9a5bb9142bf1e8515517a9e167021b225104594e48e8a,"{""distance"":5,""physical_error_rate"":0.001}","{""detection_events"":5003,""detectors_checked"":1146880}"
      7168,         0,         0,   0.120,exact_mw,f32ebecd8e105e50ec838d33c5ed9b45444b6b44a3c6ac541111079f2b14e893,"{""distance"":5,""physical_error_rate"":5e-05}","{""detection_events"":278,""detectors_checked"":1605632}"
      1024,         0,         0,   0.276,exact_mw,3208f56225bbcac0e2804eb6f92d0a8b681652a702ca1ec920ccd7367f0e0899,"{""distance"":5,""physical_error_rate"":0.002}","{""detection_events"":2024,""detectors_checked"":229376}"
     32768,         0,         0,   0.570,exact_mw,cb12ae119b9b2ba18d0216e7235b403229e92fd0743ede48fe7f1a2c6f45d594,"{""distance"":5,""physical_error_rate"":0.0005}","{""detection_events"":15864,""detectors_checked"":7340032}"
      1024,         0,         0,   0.276,exact_mw,3208f56225bbcac0e2804eb6f92d0a8b681652a702ca1ec920ccd7367f0e0899,"{""distance"":5,""physical_error_rate"":0.002}","{""detection_events"":2014,""detectors_checked"":229376}"
     29696,         0,         0,    1.11,exact_mw,bb90ec3459e353008cf9a5bb9142bf1e8515517a9e167021b225104594e48e8a,"{""distance"":5,""physical_error_rate"":0.001}","{""detection_events"":29063,""detectors_checked"":6651904}"
      9216,         0,         0,   0.150,exact_mw,f32ebecd8e105e50ec838d33c5ed9b45444b6b44a3c6ac541111079f2b14e893,"{""distance"":5,""physical_error_rate"":5e-05}","{""detection_events"":395,""detectors_checked"":2064384}"
      8192,         0,         0,   0.325,exact_mw,bb90ec3459e353008cf9a5bb9142bf1e8515517a9e167021b225104594e48e8a,"{""distance"":5,""physical_error_rate"":0.001}","{""detection_events"":8177,""detectors_checked"":1835008}"
     50176,         0,         0,   0.588,exact_mw,cdc4a450a40af8e24899239080e4c40992fb5baf91c5a31ab3a165eacb3a1ab3,"{""distance"":5,""physical_error_rate"":0.0002}","{""detection_events"":9746,""detectors_checked"":11239424}"
      1024,         0,         0,   0.270,exact_mw,3208f56225bbcac0e2804eb6f92d0a8b681652a702ca1ec920ccd7367f0e0899,"{""distance"":5,""physical_error_rate"":0.002}","{""detection_events"":2029,""detectors_checked"":229376}"
     12288,         0,         0,   0.209,exact_mw,f32ebecd8e105e50ec838d33c5ed9b45444b6b44a3c6ac541111079f2b14e893,"{""distance"":5,""physical_error_rate"":5e-05}","{""detection_events"":546,""detectors_checked"":2752512}"
     51200,         0,         0,   0.583,exact_mw,cdc4a450a40af8e24899239080e4c40992fb5baf91c5a31ab3a165eacb3a1ab3,"{""distance"":5,""physical_error_rate"":0.0002}","{""detection_events"":10368,""detectors_checked"":11468800}"
      2048,         0,         0,   0.473,exact_mw,3208f56225bbcac0e2804eb6f92d0a8b681652a702ca1ec920ccd7367f0e0899,"{""distance"":5,""physical_error_rate"":0.002}","{""detection_events"":3799,""detectors_checked"":458752}"
     72704,         0,         0,    1.12,exact_mw,cb12ae119b9b2ba18d0216e7235b403229e92fd0743ede48fe7f1a2c6f45d594,"{""distance"":5,""physical_error_rate"":0.0005}","{""detection_events"":35188,""detectors_checked"":16285696}"
      4096,         0,         0,   0.729,exact_mw,3208f56225bbcac0e2804eb6f92d0a8b681652a702ca1ec920ccd7367f0e0899,"{""distance"":5,""physical_error_rate"":0.002}","{""detection_events"":7933,""detectors_checked"":917504}"
      1024,         0,         0,   0.278,exact_mw,3208f56225bbcac0e2804eb6f92d0a8b681652a702ca1ec920ccd7367f0e0899,"{""distance"":5,""physical_error_rate"":0.002}","{""detection_events"":1971,""detectors_checked"":229376}"
     18432,         0,         0,   0.300,exact_mw,f32ebecd8e105e50ec838d33c5ed9b45444b6b44a3c6ac541111079f2b14e893,"{""distance"":5,""physical_error_rate"":5e-05}","{""detection_events"":1011,""detectors_checked"":4128768}"
     10240,         0,         0,   0.446,exact_mw,bb90ec3459e353008cf9a5bb9142bf1e8515517a9e167021b225104594e48e8a,"{""distance"":5,""physical_error_rate"":0.001}","{""detection_events"":9833,""detectors_checked"":2293760}"
     96256,         0,         0,    1.11,exact_mw,cdc4a450a40af8e24899239080e4c40992fb5baf91c5a31ab3a165eacb3a1ab3,"{""distance"":5,""physical_error_rate"":0.0002}","{""detection_events"":18951,""detectors_checked"":21561344}"
     38912,         0,         0,   0.799,exact_mw,cb12ae119b9b2ba18d0216e7235b403229e92fd0743ede48fe7f1a2c6f45d594,"{""distance"":5,""physical_error_rate"":0.0005}","{""detection_events"":18722,""detectors_checked"":8716288}"
     24576,         0,         0,   0.418,exact_mw,f32ebecd8e105e50ec838d33c5ed9b45444b6b44a3c6ac541111079f2b14e893,"{""distance"":5,""physical_error_rate"":5e-05}","{""detection_events"":1187,""detectors_checked"":5505024}"
      2048,         0,         0,   0.497,exact_mw,3208f56225bbcac0e2804eb6f92d0a8b681652a702ca1ec920ccd7367f0e0899,"{""distance"":5,""physical_error_rate"":0.002}","{""detection_events"":4138,""detectors_checked"":458752}"
     72704,         0,         0,   0.810,exact_mw,cdc4a450a40af8e24899239080e4c40992fb5baf91c5a31ab3a165eacb3a1ab3,"{""distance"":5,""physical_error_rate"":0.0002}","{""detection_events"":14198,""detectors_checked"":16285696}"
      2048,         0,         0,   0.603,exact_mw,3208f56225bbcac0e2804eb6f92d0a8b681652a702ca1ec920ccd7367f0e0899,"{""distance"":5,""physical_error_rate"":0.002}","{""detection_events"":4145,""detectors_checked"":458752}"
     73728,         0,         0,   0.813,exact_mw,cdc4a450a40af8e24899239080e4c40992fb5baf91c5a31ab3a165eacb3a1ab3,"{""distance"":5,""physical_error_rate"":0.0002}","{""detection_events"":14593,""detectors_checked"":16515072}"
     13312,         0,         0,   0.627,exact_mw,bb90ec3459e353008cf9a5bb9142bf1e8515517a9e167021b225104594e48e8a,"{""distance"":5,""physical_error_rate"":0.001}","{""detection_events"":13452,""detectors_checked"":2981888}"
      5120,         1,         0,   0.934,exact_mw,3208f56225bbcac0e2804eb6f92d0a8b681652a702ca1ec920ccd7367f0e0899,"{""distance"":5,""physical_error_rate"":0.002}","{""detection_events"":9710,""detectors_checked"":1146880,""obs_mistake_mask=E"":1}"
      2048,         0,         0,   0.503,exact_mw,3208f56225bbcac0e2804eb6f92d0a8b681652a702ca1ec920ccd7367f0e0899,"{""distance"":5,""physical_error_rate"":0.002}","{""detection_events"":4072,""detectors_checked"":458752}"
     34816,         0,         0,   0.572,exact_mw,f32ebecd8e105e50ec838d33c5ed9b45444b6b44a3c6ac541111079f2b14e893,"{""distance"":5,""physical_error_rate"":5e-05}","{""detection_events"":1807,""detectors_checked"":7798784}"
       273,         0,         0,   0.001,exact_mw,70a969f5042aec17ac076c6379f4170fb7c69b8e925756ef3b7334e28a33338b,"{""distance"":5,""physical_error_rate"":0.0001}","{""detection_events"":38,""detectors_checked"":61152}"
     39936,         0,         0,    1.58,exact_mw,bb90ec3459e353008cf9a5bb9142bf1e8515517a9e167021b225104594e48e8a,"{""distance"":5,""physical_error_rate"":0.001}","{""detection_events"":39290,""detectors_checked"":8945664}"
      2048,         0,         0,   0.046,exact_mw,70a969f5042aec17ac076c6379f4170fb7c69b8e925756ef3b7334e28a33338b,"{""distance"":5,""physical_error_rate"":0.0001}","{""detection_events"":241,""detectors_checked"":458752}"
      1024,         0,         0,   0.043,exact_mw,70a969f5042aec17ac076c6379f4170fb7c69b8e925756ef3b7334e28a33338b,"{""distance"":5,""physical_error_rate"":0.0001}","{""detection_events"":109,""detectors_checked"":229376}"
      1024,         0,         0,   0.043,exact_mw,70a969f5042aec17ac076c6379f4170fb7c69b8e925756ef3b7334e28a33338b,"{""distance"":5,""physical_error_rate"":0.0001}","{""detection_events"":90,""detectors_checked"":229376}"
      3072,         0,         0,   0.752,exact_mw,3208f56225bbcac0e2804eb6f92d0a8b681652a702ca1ec920ccd7367f0e0899,"{""distance"":5,""physical_error_rate"":0.002}","{""detection_events"":6034,""detectors_checked"":688128}"
      1024,         0,         0,   0.043,exact_mw,70a969f5042aec17ac076c6379f4170fb7c69b8e925756ef3b7334e28a33338b,"{""distance"":5,""physical_error_rate"":0.0001}","{""detection_events"":98,""detectors_checked"":229376}"
      3072,         0,         0,   0.089,exact_mw,70a969f5042aec17ac076c6379f4170fb7c69b8e925756ef3b7334e28a33338b,"{""distance"":5,""physical_error_rate"":0.0001}","{""detection_events"":299,""detectors_checked"":688128}"
     58368,         1,         0,    1.11,exact_mw,cb12ae119b9b2ba18d0216e7235b403229e92fd0743ede48fe7f1a2c6f45d594,"{""distance"":5,""physical_error_rate"":0.0005}","{""detection_events"":28960,""detectors_checked"":13074432,""obs_mistake_mask=E"":1}"
      3072,         0,         0,   0.089,exact_mw,70a969f5042aec17ac076c6379f4170fb7c69b8e925756ef3b7334e28a33338b,"{""distance"":5,""physical_error_rate"":0.0001}","{""detection_events"":299,""detectors_checked"":688128}"
     15360,         0,         0,   0.826,exact_mw,bb90ec3459e353008cf9a5bb9142bf1e8515517a9e167021b225104594e48e8a,"{""distance"":5,""physical_error_rate"":0.001}","{""detection_events"":15024,""detectors_checked"":3440640}"
    106496,         0,         0,    1.55,exact_mw,cb12ae119b9b2ba18d0216e7235b403229e92fd0743ede48fe7f1a2c6f45d594,"{""distance"":5,""physical_error_rate"":0.0005}","{""detection_events"":52637,""detectors_checked"":23855104}"
      4096,         0,         0,   0.132,exact_mw,70a969f5042aec17ac076c6379f4170fb7c69b8e925756ef3b7334e28a33338b,"{""distance"":5,""physical_error_rate"":0.0001}","{""detection_events"":481,""detectors_checked"":917504}"
     94208,         0,         0,    1.09,exact_mw,cdc4a450a40af8e24899239080e4c40992fb5baf91c5a31ab3a165eacb3a1ab3,"{""distance"":5,""physical_error_rate"":0.0002}","{""detection_events"":18898,""detectors_checked"":21102592}"
    135168,         0,         0,    1.56,exact_mw,cdc4a450a40af8e24899239080e4c40992fb5baf91c5a31ab3a165eacb3a1ab3,"{""distance"":5,""physical_error_rate"":0.0002}","{""detection_events"":26746,""detectors_checked"":30277632}"
      3072,         0,         0,   0.725,exact_mw,3208f56225bbcac0e2804eb6f92d0a8b681652a702ca1ec920ccd7367f0e0899,"{""distance"":5,""physical_error_rate"":0.002}","{""detection_events"":6042,""detectors_checked"":688128}"
      5120,         0,         0,   0.174,exact_mw,70a969f5042aec17ac076c6379f4170fb7c69b8e925756ef3b7334e28a33338b,"{""distance"":5,""physical_error_rate"":0.0001}","{""detection_events"":515,""detectors_checked"":1146880}"
     98304,         0,         0,    1.09,exact_mw,cdc4a450a40af8e24899239080e4c40992fb5baf91c5a31ab3a165eacb3a1ab3,"{""distance"":5,""physical_error_rate"":0.0002}","{""detection_events"":19463,""detectors_checked"":22020096}"
     47104,         0,         0,   0.792,exact_mw,f32ebecd8e105e50ec838d33c5ed9b45444b6b44a3c6ac541111079f2b14e893,"{""distance"":5,""physical_error_rate"":5e-05}","{""detection_events"":2308,""detectors_checked"":10551296}"
      7168,         0,         0,   0.220,exact_mw,70a969f5042aec17ac076c6379f4170fb7c69b8e925756ef3b7334e28a33338b,"{""distance"":5,""physical_error_rate"":0.0001}","{""detection_events"":742,""detectors_checked"":1605632}"
      3072,         0,         0,   0.827,exact_mw,3208f56225bbcac0e2804eb6f92d0a8b681652a702ca1ec920ccd7367f0e0899,"{""distance"":5,""physical_error_rate"":0.002}","{""detection_events"":6118,""detectors_checked"":688128}"
      6144,         1,         0,    1.23,exact_mw,3208f56225bbcac0e2804eb6f92d0a8b681652a702ca1ec920ccd7367f0e0899,"{""distance"":5,""physical_error_rate"":0.002}","{""detection_events"":11708,""detectors_checked"":1376256,""obs_mistake_mask=E"":1}"
     10240,         0,         0,   0.309,exact_mw,70a969f5042aec17ac076c6379f4170fb7c69b8e925756ef3b7334e28a33338b,"{""distance"":5,""physical_error_rate"":0.0001}","{""detection_events"":1008,""detectors_checked"":2293760}"
      3072,         0,         0,   0.823,exact_mw,3208f56225bbcac0e2804eb6f92d0a8b681652a702ca1ec920ccd7367f0e0899,"{""distance"":5,""physical_error_rate"":0.002}","{""detection_events"":6098,""detectors_checked"":688128}"
      9216,         0,         0,    1.20,exact_mw,bb90ec3459e353008cf9a5bb9142bf1e8515517a9e167021b225104594e48e8a,"{""distance"":5,""physical_error_rate"":0.001}","{""detection_events"":9009,""detectors_checked"":2064384}"
     13312,         0,         0,   0.437,exact_mw,70a969f5042aec17ac076c6379f4170fb7c69b8e925756ef3b7334e28a33338b,"{""distance"":5,""physical_error_rate"":0.0001}","{""detection_events"":1343,""detectors_checked"":2981888}"
        17,         0,         0,   0.073,exact_mw,3208f56225bbcac0e2804eb6f92d0a8b681652a702ca1ec920ccd7367f0e0899,"{""distance"":5,""physical_error_rate"":0.002}","{""detection_events"":26,""detectors_checked"":3808}"
     77824,         3,         0,    23.2,exact_mw,3208f56225bbcac0e2804eb6f92d0a8b681652a702ca1ec920ccd7367f0e0899,"{""distance"":5,""physical_error_rate"":0.002}","{""detection_events"":152500,""detectors_checked"":17432576,""obs_mistake_mask=E"":3}"
     86016,         1,         0,    1.55,exact_mw,cb12ae119b9b2ba18d0216e7235b403229e92fd0743ede48fe7f1a2c6f45d594,"{""distance"":5,""physical_error_rate"":0.0005}","{""detection_events"":42080,""detectors_checked"":19267584,""obs_mistake_mask=E"":1}"
     49152,         0,         0,    1.11,exact_mw,f32ebecd8e105e50ec838d33c5ed9b45444b6b44a3c6ac541111079f2b14e893,"{""distance"":5,""physical_error_rate"":5e-05}","{""detection_events"":2438,""detectors_checked"":11010048}"
       128,         0,         0,   0.156,exact_mw,3208f56225bbcac0e2804eb6f92d0a8b681652a702ca1ec920ccd7367f0e0899,"{""distance"":5,""physical_error_rate"":0.002}","{""detection_events"":250,""detectors_checked"":28672}"
    121856,         0,         0,    1.52,exact_mw,cdc4a450a40af8e24899239080e4c40992fb5baf91c5a31ab3a165eacb3a1ab3,"{""distance"":5,""physical_error_rate"":0.0002}","{""detection_events"":24204,""detectors_checked"":27295744}"
     18432,         0,         0,   0.572,exact_mw,70a969f5042aec17ac076c6379f4170fb7c69b8e925756ef3b7334e28a33338b,"{""distance"":5,""physical_error_rate"":0.0001}","{""detection_events"":1745,""detectors_checked"":4128768}"
     50176,         1,         0,    2.19,exact_mw,bb90ec3459e353008cf9a5bb9142bf1e8515517a9e167021b225104594e48e8a,"{""distance"":5,""physical_error_rate"":0.001}","{""detection_events"":48960,""detectors_checked"":11239424,""obs_mistake_mask=E"":1}"
    134144,         0,         0,    1.54,exact_mw,cdc4a450a40af8e24899239080e4c40992fb5baf91c5a31ab3a165eacb3a1ab3,"{""distance"":5,""physical_error_rate"":0.0002}","{""detection_events"":26299,""detectors_checked"":30048256}"
       256,         0,         0,   0.376,exact_mw,3208f56225bbcac0e2804eb6f92d0a8b681652a702ca1ec920ccd7367f0e0899,"{""distance"":5,""physical_error_rate"":0.002}","{""detection_events"":526,""detectors_checked"":57344}"
      5120,         0,         0,    1.30,exact_mw,3208f56225bbcac0e2804eb6f92d0a8b681652a702ca1ec920ccd7367f0e0899,"{""distance"":5,""physical_error_rate"":0.002}","{""detection_events"":9980,""detectors_checked"":1146880}"
       256,         0,         0,   0.307,exact_mw,3208f56225bbcac0e2804eb6f92d0a8b681652a702ca1ec920ccd7367f0e0899,"{""distance"":5,""physical_error_rate"":0.002}","{""detection_events"":530,""detectors_checked"":57344}"
    133120,         0,         0,    2.11,exact_mw,cb12ae119b9b2ba18d0216e7235b403229e92fd0743ede48fe7f1a2c6f45d594,"{""distance"":5,""physical_error_rate"":0.0005}","{""detection_events"":65860,""detectors_checked"":29818880}"
      5120,         0,         0,    1.17,exact_mw,3208f56225bbcac0e2804eb6f92d0a8b681652a702ca1ec920ccd7367f0e0899,"{""distance"":5,""physical_error_rate"":0.002}","{""detection_events"":9628,""detectors_checked"":1146880}"
       256,         0,         0,   0.078,exact_mw,3208f56225bbcac0e2804eb6f92d0a8b681652a702ca1ec920ccd7367f0e0899,"{""distance"":5,""physical_error_rate"":0.002}","{""detection_events"":475,""detectors_checked"":57344}"
    187392,         0,         0,    2.15,exact_mw,cdc4a450a40af8e24899239080e4c40992fb5baf91c5a31ab3a165eacb3a1ab3,"{""distance"":5,""physical_error_rate"":0.0002}","{""detection_events"":36697,""detectors_checked"":41975808}"
      8192,         0,         0,    1.75,exact_mw,3208f56225bbcac0e2804eb6f92d0a8b681652a702ca1ec920ccd7367f0e0899,"{""distance"":5,""physical_error_rate"":0.002}","{""detection_events"":15744,""detectors_checked"":1835008}"
      1024,         0,         0,   0.266,exact_mw,3208f56225bbcac0e2804eb6f92d0a8b681652a702ca1ec920ccd7367f0e0899,"{""distance"":5,""physical_error_rate"":0.002}","{""detection_events"":1982,""detectors_checked"":229376}"
     25600,         0,         0,   0.755,exact_mw,70a969f5042aec17ac076c6379f4170fb7c69b8e925756ef3b7334e28a33338b,"{""distance"":5,""physical_error_rate"":0.0001}","{""detection_events"":2526,""detectors_checked"":5734400}"
      1297,         0,         0,   0.072,exact_mw,cb12ae119b9b2ba18d0216e7235b403229e92fd0743ede48fe7f1a2c6f45d594,"{""distance"":5,""physical_error_rate"":0.0005}","{""detection_events"":657,""detectors_checked"":290528}"
      1024,         0,         0,   0.071,exact_mw,cb12ae119b9b2ba18d0216e7235b403229e92fd0743ede48fe7f1a2c6f45d594,"{""distance"":5,""physical_error_rate"":0.0005}","{""detection_events"":514,""detectors_checked"":229376}"
      2048,         0,         0,   0.074,exact_mw,cb12ae119b9b2ba18d0216e7235b403229e92fd0743ede48fe7f1a2c6f45d594,"{""distance"":5,""physical_error_rate"":0.0005}","{""detection_events"":960,""detectors_checked"":458752}"
      1024,         0,         0,   0.301,exact_mw,3208f56225bbcac0e2804eb6f92d0a8b681652a702ca1ec920ccd7367f0e0899,"{""distance"":5,""physical_error_rate"":0.002}","{""detection_events"":1985,""detectors_checked"":229376}"
      1024,         0,         0,   0.071,exact_mw,cb12ae119b9b2ba18d0216e7235b403229e92fd0743ede48fe7f1a2c6f45d594,"{""distance"":5,""physical_error_rate"":0.0005}","{""detection_events"":467,""detectors_checked"":229376}"
      9216,         0,         0,    1.69,exact_mw,bb90ec3459e353008cf9a5bb9142bf1e8515517a9e167021b225104594e48e8a,"{""distance"":5,""physical_error_rate"":0.001}","{""detection_events"":9206,""detectors_checked"":2064384}"
      1024,         0,         0,   0.072,exact_mw,cb12ae119b9b2ba18d0216e7235b403229e92fd0743ede48fe7f1a2c6f45d594,"{""distance"":5,""physical_error_rate"":0.0005}","{""detection_events"":483,""detectors_checked"":229376}"
      1024,         0,         0,   0.071,exact_mw,cb12ae119b9b2ba18d0216e7235b403229e92fd0743ede48fe7f1a2c6f45d594,"{""distance"":5,""physical_error_rate"":0.0005}","{""detection_events"":475,""detectors_checked"":229376}"
     70656,         0,         0,    1.54,exact_mw,f32ebecd8e105e50ec838d33c5ed9b45444b6b44a3c6ac541111079f2b14e893,"{""distance"":5,""physical_error_rate"":5e-05}","{""detection_events"":3635,""detectors_checked"":15826944}"
      1024,         0,         0,   0.272,exact_mw,3208f56225bbcac0e2804eb6f92d0a8b681652a702ca1ec920ccd7367f0e0899,"{""distance"":5,""physical_error_rate"":0.002}","{""detection_events"":2027,""detectors_checked"":229376}"
      2048,         0,         0,   0.145,exact_mw,cb12ae119b9b2ba18d0216e7235b403229e92fd0743ede48fe7f1a2c6f45d594,"{""distance"":5,""physical_error_rate"":0.0005}","{""detection_events"":1050,""detectors_checked"":458752}"
      2048,         0,         0,   0.143,exact_mw,cb12ae119b9b2ba18d0216e7235b403229e92fd0743ede48fe7f1a2c6f45d594,"{""distance"":5,""physical_error_rate"":0.0005}","{""detection_events"":1041,""detectors_checked"":458752}"
      1024,         0,         0,   0.327,exact_mw,3208f56225bbcac0e2804eb6f92d0a8b681652a702ca1ec920ccd7367f0e0899,"{""distance"":5,""physical_error_rate"":0.002}","{""detection_events"":2086,""detectors_checked"":229376}"
      2048,         0,         0,   0.148,exact_mw,cb12ae119b9b2ba18d0216e7235b403229e92fd0743ede48fe7f1a2c6f45d594,"{""distance"":5,""physical_error_rate"":0.0005}","{""detection_events"":1016,""detectors_checked"":458752}"
      3072,         0,         0,   0.218,exact_mw,cb12ae119b9b2ba18d0216e7235b403229e92fd0743ede48fe7f1a2c6f45d594,"{""distance"":5,""physical_error_rate"":0.0005}","{""detection_events"":1563,""detectors_checked"":688128}"
    113664,         0,         0,    2.19,exact_mw,cb12ae119b9b2ba18d0216e7235b403229e92fd0743ede48fe7f1a2c6f45d594,"{""distance"":5,""physical_error_rate"":0.0005}","{""detection_events"":55773,""detectors_checked"":25460736}"
      7168,         1,         0,    1.77,exact_mw,3208f56225bbcac0e2804eb6f92d0a8b681652a702ca1ec920ccd7367f0e0899,"{""distance"":5,""physical_error_rate"":0.002}","{""detection_events"":14061,""detectors_checked"":1605632,""obs_mistake_mask=E"":1}"
      1024,         0,         0,   0.270,exact_mw,3208f56225bbcac0e2804eb6f92d0a8b681652a702ca1ec920ccd7367f0e0899,"{""distance"":5,""physical_error_rate"":0.002}","{""detection_events"":2132,""detectors_checked"":229376}"
     36864,         0,         0,    1.14,exact_mw,70a969f5042aec17ac076c6379f4170fb7c69b8e925756ef3b7334e28a33338b,"{""distance"":5,""physical_error_rate"":0.0001}","{""detection_events"":3695,""detectors_checked"":8257536}"
    181248,         0,         0,    2.18,exact_mw,cdc4a450a40af8e24899239080e4c40992fb5baf91c5a31ab3a165eacb3a1ab3,"{""distance"":5,""physical_error_rate"":0.0002}","{""detection_events"":35851,""detectors_checked"":40599552}"
      6144,         0,         0,    1.65,exact_mw,3208f56225bbcac0e2804eb6f92d0a8b681652a702ca1ec920ccd7367f0e0899,"{""distance"":5,""physical_error_rate"":0.002}","{""detection_events"":11849,""detectors_checked"":1376256}"
      5120,         0,         0,   0.359,exact_mw,cb12ae119b9b2ba18d0216e7235b403229e92fd0743ede48fe7f1a2c6f45d594,"{""distance"":5,""physical_error_rate"":0.0005}","{""detection_events"":2533,""detectors_checked"":1146880}"
    148480,         0,         0,    2.19,exact_mw,cdc4a450a40af8e24899239080e4c40992fb5baf91c5a31ab3a165eacb3a1ab3,"{""distance"":5,""physical_error_rate"":0.0002}","{""detection_events"":29258,""detectors_checked"":33259520}"
      2048,         0,         0,   0.542,exact_mw,3208f56225bbcac0e2804eb6f92d0a8b681652a702ca1ec920ccd7367f0e0899,"{""distance"":5,""physical_error_rate"":0.002}","{""detection_events"":3815,""detectors_checked"":458752}"
      6144,         0,         0,   0.432,exact_mw,cb12ae119b9b2ba18d0216e7235b403229e92fd0743ede48fe7f1a2c6f45d594,"{""distance"":5,""physical_error_rate"":0.0005}","{""detection_events"":3103,""detectors_checked"":1376256}"
     11264,         1,         0,    2.33,exact_mw,3208f56225bbcac0e2804eb6f92d0a8b681652a702ca1ec920ccd7367f0e0899,"{""distance"":5,""physical_error_rate"":0.002}","{""detection_events"":22415,""detectors_checked"":2523136,""obs_mistake_mask=E"":1}"
      2048,         0,         0,   0.569,exact_mw,3208f56225bbcac0e2804eb6f92d0a8b681652a702ca1ec920ccd7367f0e0899,"{""distance"":5,""physical_error_rate"":0.002}","{""detection_events"":3882,""detectors_checked"":458752}"
     73728,         0,         0,    3.06,exact_mw,bb90ec3459e353008cf9a5bb9142bf1e8515517a9e167021b225104594e48e8a,"{""distance"":5,""physical_error_rate"":0.001}","{""detection_events"":72377,""detectors_checked"":16515072}"
      8192,         0,         0,   0.578,exact_mw,cb12ae119b9b2ba18d0216e7235b403229e92fd0743ede48fe7f1a2c6f45d594,"{""distance"":5,""physical_error_rate"":0.0005}","{""detection_events"":4126,""detectors_checked"":1835008}"
     98304,         0,         0,    2.17,exact_mw,f32ebecd8e105e50ec838d33c5ed9b45444b6b44a3c6ac541111079f2b14e893,"{""distance"":5,""physical_error_rate"":5e-05}","{""detection_events"":4793,""detectors_checked"":22020096}"
     13312,         0,         0,    2.31,exact_mw,bb90ec3459e353008cf9a5bb9142bf1e8515517a9e167021b225104594e48e8a,"{""distance"":5,""physical_error_rate"":0.001}","{""detection_events"":13108,""detectors_checked"":2981888}"
    186368,         0,         0,    3.03,exact_mw,cb12ae119b9b2ba18d0216e7235b403229e92fd0743ede48fe7f1a2c6f45d594,"{""distance"":5,""physical_error_rate"":0.0005}","{""detection_events"":92400,""detectors_checked"":41746432}"
     50176,         0,         0,    1.58,exact_mw,70a969f5042aec17ac076c6379f4170fb7c69b8e925756ef3b7334e28a33338b,"{""distance"":5,""physical_error_rate"":0.0001}","{""detection_events"":5005,""detectors_checked"":11239424}"
    265216,         0,         0,    2.98,exact_mw,cdc4a450a40af8e24899239080e4c40992fb5baf91c5a31ab3a165eacb3a1ab3,"{""distance"":5,""physical_error_rate"":0.0002}","{""detection_events"":52150,""detectors_checked"":59408384}"
         1,         0,         0,   0.000,exact_mw,70a969f5042aec17ac076c6379f4170fb7c69b8e925756ef3b7334e28a33338b,"{""distance"":5,""physical_error_rate"":0.0001}","{""detectors_checked"":224}"
      1296,         0,         0,   0.072,exact_mw,70a969f5042aec17ac076c6379f4170fb7c69b8e925756ef3b7334e28a33338b,"{""distance"":5,""physical_error_rate"":0.0001}","{""detection_events"":118,""detectors_checked"":290304}"
      3072,         0,         0,   0.873,exact_mw,3208f56225bbcac0e2804eb6f92d0a8b681652a702ca1ec920ccd7367f0e0899,"{""distance"":5,""physical_error_rate"":0.002}","{""detection_events"":5827,""detectors_checked"":688128}"
      2048,         0,         0,   0.074,exact_mw,70a969f5042aec17ac076c6379f4170fb7c69b8e925756ef3b7334e28a33338b,"{""distance"":5,""physical_error_rate"":0.0001}","{""detection_events"":191,""detectors_checked"":458752}"
      1024,         0,         0,   0.071,exact_mw,70a969f5042aec17ac076c6379f4170fb7c69b8e925756ef3b7334e28a33338b,"{""distance"":5,""physical_error_rate"":0.0001}","{""detection_events"":94,""detectors_checked"":229376}"
      1024,         0,         0,   0.071,exact_mw,70a969f5042aec17ac076c6379f4170fb7c69b8e925756ef3b7334e28a33338b,"{""distance"":5,""physical_error_rate"":0.0001}","{""detection_events"":102,""detectors_checked"":229376}"
      8192,         1,         0,    2.20,exact_mw,3208f56225bbcac0e2804eb6f92d0a8b681652a702ca1ec920ccd7367f0e0899,"{""distance"":5,""physical_error_rate"":0.002}","{""detection_events"":16088,""detectors_checked"":1835008,""obs_mistake_mask=E"":1}"
     12288,         0,         0,   0.864,exact_mw,cb12ae119b9b2ba18d0216e7235b403229e92fd0743ede48fe7f1a2c6f45d594,"{""distance"":5,""physical_error_rate"":0.0005}","{""detection_events"":6070,""detectors_checked"":2752512}"
      2048,         0,         0,   0.074,exact_mw,70a969f5042aec17ac076c6379f4170fb7c69b8e925756ef3b7334e28a33338b,"{""distance"":5,""physical_error_rate"":0.0001}","{""detection_events"":220,""detectors_checked"":458752}"
      3072,         0,         0,   0.144,exact_mw,70a969f5042aec17ac076c6379f4170fb7c69b8e925756ef3b7334e28a33338b,"{""distance"":5,""physical_error_rate"":0.0001}","{""detection_events"":353,""detectors_checked"":688128}"
      2048,         0,         0,   0.142,exact_mw,70a969f5042aec17ac076c6379f4170fb7c69b8e925756ef3b7334e28a33338b,"{""distance"":5,""physical_error_rate"":0.0001}","{""detection_events"":212,""detectors_checked"":458752}"
      8192,         1,         0,    2.33,exact_mw,3208f56225bbcac0e2804eb6f92d0a8b681652a702ca1ec920ccd7367f0e0899,"{""distance"":5,""physical_error_rate"":0.002}","{""detection_events"":16092,""detectors_checked"":1835008,""obs_mistake_mask=E"":1}"
      4096,         0,         0,   0.215,exact_mw,70a969f5042aec17ac076c6379f4170fb7c69b8e925756ef3b7334e28a33338b,"{""distance"":5,""physical_error_rate"":0.0001}","{""detection_events"":394,""detectors_checked"":917504}"
      5120,         0,         0,   0.218,exact_mw,70a969f5042aec17ac076c6379f4170fb7c69b8e925756ef3b7334e28a33338b,"{""distance"":5,""physical_error_rate"":0.0001}","{""detection_events"":531,""detectors_checked"":1146880}"
      3072,         0,         0,   0.960,exact_mw,3208f56225bbcac0e2804eb6f92d0a8b681652a702ca1ec920ccd7367f0e0899,"{""distance"":5,""physical_error_rate"":0.002}","{""detection_events"":5948,""detectors_checked"":688128}"
    163840,         0,         0,    3.05,exact_mw,cb12ae119b9b2ba18d0216e7235b403229e92fd0743ede48fe7f1a2c6f45d594,"{""distance"":5,""physical_error_rate"":0.0005}","{""detection_events"":80639,""detectors_checked"":36700160}"
    246784,         0,         0,    3.01,exact_mw,cdc4a450a40af8e24899239080e4c40992fb5baf91c5a31ab3a165eacb3a1ab3,"{""distance"":5,""physical_error_rate"":0.0002}","{""detection_events"":48447,""detectors_checked"":55279616}"
      7168,         0,         0,   0.360,exact_mw,70a969f5042aec17ac076c6379f4170fb7c69b8e925756ef3b7334e28a33338b,"{""distance"":5,""physical_error_rate"":0.0001}","{""detection_events"":598,""detectors_checked"":1605632}"
     15360,         0,         0,    1.15,exact_mw,cb12ae119b9b2ba18d0216e7235b403229e92fd0743ede48fe7f1a2c6f45d594,"{""distance"":5,""physical_error_rate"":0.0005}","{""detection_events"":7656,""detectors_checked"":3440640}"
    215040,         0,         0,    3.04,exact_mw,cdc4a450a40af8e24899239080e4c40992fb5baf91c5a31ab3a165eacb3a1ab3,"{""distance"":5,""physical_error_rate"":0.0002}","{""detection_events"":42062,""detectors_checked"":48168960}"
      1297,         0,         0,   0.072,exact_mw,f32ebecd8e105e50ec838d33c5ed9b45444b6b44a3c6ac541111079f2b14e893,"{""distance"":5,""physical_error_rate"":5e-05}","{""detection_events"":58,""detectors_checked"":290528}"
      1024,         0,         0,   0.071,exact_mw,f32ebecd8e105e50ec838d33c5ed9b45444b6b44a3c6ac541111079f2b14e893,"{""distance"":5,""physical_error_rate"":5e-05}","{""detection_events"":34,""detectors_checked"":229376}"
      2048,         0,         0,   0.074,exact_mw,f32ebecd8e105e50ec838d33c5ed9b45444b6b44a3c6ac541111079f2b14e893,"{""distance"":5,""physical_error_rate"":5e-05}","{""detection_events"":90,""detectors_checked"":458752}"
      8192,         0,         0,   0.431,exact_mw,70a969f5042aec17ac076c6379f4170fb7c69b8e925756ef3b7334e28a33338b,"{""distance"":5,""physical_error_rate"":0.0001}","{""detection_events"":826,""detectors_checked"":1835008}"
      1024,         0,         0,   0.071,exact_mw,f32ebecd8e105e50ec838d33c5ed9b45444b6b44a3c6ac541111079f2b14e893,"{""distance"":5,""physical_error_rate"":5e-05}","{""detection_events"":61,""detectors_checked"":229376}"
      2048,         0,         0,   0.074,exact_mw,f32ebecd8e105e50ec838d33c5ed9b45444b6b44a3c6ac541111079f2b14e893,"{""distance"":5,""physical_error_rate"":5e-05}","{""detection_events"":88,""detectors_checked"":458752}"
     70656,         0,         0,    2.19,exact_mw,70a969f5042aec17ac076c6379f4170fb7c69b8e925756ef3b7334e28a33338b,"{""distance"":5,""physical_error_rate"":0.0001}","{""detection_events"":6991,""detectors_checked"":15826944}"
      1024,         0,         0,   0.071,exact_mw,f32ebecd8e105e50ec838d33c5ed9b45444b6b44a3c6ac541111079f2b14e893,"{""distance"":5,""physical_error_rate"":5e-05}","{""detection_events"":45,""detectors_checked"":229376}"
       273,         0,         0,   0.072,exact_mw,bb90ec3459e353008cf9a5bb9142bf1e8515517a9e167021b225104594e48e8a,"{""distance"":5,""physical_error_rate"":0.001}","{""detection_events"":267,""detectors_checked"":61152}"
      3072,         0,         0,   0.145,exact_mw,f32ebecd8e105e50ec838d33c5ed9b45444b6b44a3c6ac541111079f2b14e893,"{""distance"":5,""physical_error_rate"":5e-05}","{""detection_events"":130,""detectors_checked"":688128}"
      1024,         0,         0,   0.213,exact_mw,bb90ec3459e353008cf9a5bb9142bf1e8515517a9e167021b225104594e48e8a,"{""distance"":5,""physical_error_rate"":0.001}","{""detection_events"":1088,""detectors_checked"":229376}"
      2048,         0,         0,   0.142,exact_mw,f32ebecd8e105e50ec838d33c5ed9b45444b6b44a3c6ac541111079f2b14e893,"{""distance"":5,""physical_error_rate"":5e-05}","{""detection_events"":131,""detectors_checked"":458752}"
     15360,         0,         0,    3.14,exact_mw,3208f56225bbcac0e2804eb6f92d0a8b681652a702ca1ec920ccd7367f0e0899,"{""distance"":5,""physical_error_rate"":0.002}","{""detection_events"":29851,""detectors_checked"":3440640}"
      4096,         0,         0,    1.23,exact_mw,3208f56225bbcac0e2804eb6f92d0a8b681652a702ca1ec920ccd7367f0e0899,"{""distance"":5,""physical_error_rate"":0.002}","{""detection_events"":7971,""detectors_checked"":917504}"
      1024,         0,         0,   0.073,exact_mw,bb90ec3459e353008cf9a5bb9142bf1e8515517a9e167021b225104594e48e8a,"{""distance"":5,""physical_error_rate"":0.001}","{""detection_events"":1038,""detectors_checked"":229376}"
     11264,         0,         0,   0.570,exact_mw,70a969f5042aec17ac076c6379f4170fb7c69b8e925756ef3b7334e28a33338b,"{""distance"":5,""physical_error_rate"":0.0001}","{""detection_events"":1123,""detectors_checked"":2523136}"
      5120,         0,         0,   0.217,exact_mw,f32ebecd8e105e50ec838d33c5ed9b45444b6b44a3c6ac541111079f2b14e893,"{""distance"":5,""physical_error_rate"":5e-05}","{""detection_events"":254,""detectors_checked"":1146880}"
      1024,         0,         0,   0.287,exact_mw,bb90ec3459e353008cf9a5bb9142bf1e8515517a9e167021b225104594e48e8a,"{""distance"":5,""physical_error_rate"":0.001}","{""detection_events"":977,""detectors_checked"":229376}"
      1024,         0,         0,   0.074,exact_mw,bb90ec3459e353008cf9a5bb9142bf1e8515517a9e167021b225104594e48e8a,"{""distance"":5,""physical_error_rate"":0.001}","{""detection_events"":965,""detectors_checked"":229376}"
      4096,         0,         0,   0.219,exact_mw,f32ebecd8e105e50ec838d33c5ed9b45444b6b44a3c6ac541111079f2b14e893,"{""distance"":5,""physical_error_rate"":5e-05}","{""detection_events"":167,""detectors_checked"":917504}"
    137216,         0,         0,    3.04,exact_mw,f32ebecd8e105e50ec838d33c5ed9b45444b6b44a3c6ac541111079f2b14e893,"{""distance"":5,""physical_error_rate"":5e-05}","{""detection_events"":6801,""detectors_checked"":30736384}"
     15360,         0,         0,    3.17,exact_mw,bb90ec3459e353008cf9a5bb9142bf1e8515517a9e167021b225104594e48e8a,"{""distance"":5,""physical_error_rate"":0.001}","{""detection_events"":15399,""detectors_checked"":3440640}"
      1024,         0,         0,   0.216,exact_mw,bb90ec3459e353008cf9a5bb9142bf1e8515517a9e167021b225104594e48e8a,"{""distance"":5,""physical_error_rate"":0.001}","{""detection_events"":1026,""detectors_checked"":229376}"
      6144,         0,         0,   0.301,exact_mw,f32ebecd8e105e50ec838d33c5ed9b45444b6b44a3c6ac541111079f2b14e893,"{""distance"":5,""physical_error_rate"":5e-05}","{""detection_events"":291,""detectors_checked"":1376256}"
     23552,         0,         0,    1.58,exact_mw,cb12ae119b9b2ba18d0216e7235b403229e92fd0743ede48fe7f1a2c6f45d594,"{""distance"":5,""physical_error_rate"":0.0005}","{""detection_events"":11606,""detectors_checked"":5275648}"
      1024,         0,         0,   0.287,exact_mw,bb90ec3459e353008cf9a5bb9142bf1e8515517a9e167021b225104594e48e8a,"{""distance"":5,""physical_error_rate"":0.001}","{""detection_events"":974,""detectors_checked"":229376}"
     16384,         0,         0,   0.798,exact_mw,70a969f5042aec17ac076c6379f4170fb7c69b8e925756ef3b7334e28a33338b,"{""distance"":5,""physical_error_rate"":0.0001}","{""detection_events"":1686,""detectors_checked"":3670016}"
      1024,         0,         0,   0.146,exact_mw,bb90ec3459e353008cf9a5bb9142bf1e8515517a9e167021b225104594e48e8a,"{""distance"":5,""physical_error_rate"":0.001}","{""detection_events"":972,""detectors_checked"":229376}"
      8192,         0,         0,   0.430,exact_mw,f32ebecd8e105e50ec838d33c5ed9b45444b6b44a3c6ac541111079f2b14e893,"{""distance"":5,""physical_error_rate"":5e-05}","{""detection_events"":376,""detectors_checked"":1835008}"
     13312,         1,         0,    3.18,exact_mw,3208f56225bbcac0e2804eb6f92d0a8b681652a702ca1ec920ccd7367f0e0899,"{""distance"":5,""physical_error_rate"":0.002}","{""detection_events"":25511,""detectors_checked"":2981888,""obs_mistake_mask=E"":1}"
   4928512,         0,         0,    44.4,exact_mw,f32ebecd8e105e50ec838d33c5ed9b45444b6b44a3c6ac541111079f2b14e893,"{""distance"":5,""physical_error_rate"":5e-05}","{""detection_events"":243785,""detectors_checked"":1103986688}"
    103424,         0,         0,    4.28,exact_mw,bb90ec3459e353008cf9a5bb9142bf1e8515517a9e167021b225104594e48e8a,"{""distance"":5,""physical_error_rate"":0.001}","{""detection_events"":101554,""detectors_checked"":23166976}"
      2048,         0,         0,   0.358,exact_mw,bb90ec3459e353008cf9a5bb9142bf1e8515517a9e167021b225104594e48e8a,"{""distance"":5,""physical_error_rate"":0.001}","{""detection_events"":2023,""detectors_checked"":458752}"
         1,         0,         0,   0.067,exact_mw,bb90ec3459e353008cf9a5bb9142bf1e8515517a9e167021b225104594e48e8a,"{""distance"":5,""physical_error_rate"":0.001}","{""detectors_checked"":224}"
      1024,         0,         0,   0.214,exact_mw,bb90ec3459e353008cf9a5bb9142bf1e8515517a9e167021b225104594e48e8a,"{""distance"":5,""physical_error_rate"":0.001}","{""detection_events"":958,""detectors_checked"":229376}"
     11264,         0,         0,    3.28,exact_mw,3208f56225bbcac0e2804eb6f92d0a8b681652a702ca1ec920ccd7367f0e0899,"{""distance"":5,""physical_error_rate"":0.002}","{""detection_events"":21899,""detectors_checked"":2523136}"
      1160,         0,         0,   0.145,exact_mw,bb90ec3459e353008cf9a5bb9142bf1e8515517a9e167021b225104594e48e8a,"{""distance"":5,""physical_error_rate"":0.001}","{""detection_events"":1105,""detectors_checked"":259840}"
    270336,         0,         0,    4.23,exact_mw,cb12ae119b9b2ba18d0216e7235b403229e92fd0743ede48fe7f1a2c6f45d594,"{""distance"":5,""physical_error_rate"":0.0005}","{""detection_events"":133859,""detectors_checked"":60555264}"
     12288,         0,         0,   0.608,exact_mw,f32ebecd8e105e50ec838d33c5ed9b45444b6b44a3c6ac541111079f2b14e893,"{""distance"":5,""physical_error_rate"":5e-05}","{""detection_events"":602,""detectors_checked"":2752512}"
    367616,         0,         0,    4.26,exact_mw,cdc4a450a40af8e24899239080e4c40992fb5baf91c5a31ab3a165eacb3a1ab3,"{""distance"":5,""physical_error_rate"":0.0002}","{""detection_events"":73298,""detectors_checked"":82345984}"
      1024,         0,         0,   0.146,exact_mw,bb90ec3459e353008cf9a5bb9142bf1e8515517a9e167021b225104594e48e8a,"{""distance"":5,""physical_error_rate"":0.001}","{""detection_events"":966,""detectors_checked"":229376}"
      6144,         0,         0,    1.86,exact_mw,3208f56225bbcac0e2804eb6f92d0a8b681652a702ca1ec920ccd7367f0e0899,"{""distance"":5,""physical_error_rate"":0.002}","{""detection_events"":12042,""detectors_checked"":1376256}"
      2048,         1,         0,   0.290,exact_mw,bb90ec3459e353008cf9a5bb9142bf1e8515517a9e167021b225104594e48e8a,"{""distance"":5,""physical_error_rate"":0.001}","{""detection_events"":1984,""detectors_checked"":458752,""obs_mistake_mask=E"":1}"
      1024,         0,         0,   0.143,exact_mw,bb90ec3459e353008cf9a5bb9142bf1e8515517a9e167021b225104594e48e8a,"{""distance"":5,""physical_error_rate"":0.001}","{""detection_events"":949,""detectors_checked"":229376}"
     22528,         0,         0,    1.15,exact_mw,70a969f5042aec17ac076c6379f4170fb7c69b8e925756ef3b7334e28a33338b,"{""distance"":5,""physical_error_rate"":0.0001}","{""detection_events"":2215,""detectors_checked"":5046272}"
      1024,         0,         0,   0.218,exact_mw,bb90ec3459e353008cf9a5bb9142bf1e8515517a9e167021b225104594e48e8a,"{""distance"":5,""physical_error_rate"":0.001}","{""detection_events"":970,""detectors_checked"":229376}"
   2279424,         0,         0,    44.4,exact_mw,70a969f5042aec17ac076c6379f4170fb7c69b8e925756ef3b7334e28a33338b,"{""distance"":5,""physical_error_rate"":0.0001}","{""detection_events"":224849,""detectors_checked"":510590976}"
   2327552,         0,         0,    44.6,exact_mw,f32ebecd8e105e50ec838d33c5ed9b45444b6b44a3c6ac541111079f2b14e893,"{""distance"":5,""physical_error_rate"":5e-05}","{""detection_events"":114386,""detectors_checked"":521371648}"
      3072,         0,         0,   0.504,exact_mw,bb90ec3459e353008cf9a5bb9142bf1e8515517a9e167021b225104594e48e8a,"{""distance"":5,""physical_error_rate"":0.001}","{""detection_events"":2969,""detectors_checked"":688128}"
      1024,         0,         0,   0.286,exact_mw,bb90ec3459e353008cf9a5bb9142bf1e8515517a9e167021b225104594e48e8a,"{""distance"":5,""physical_error_rate"":0.001}","{""detection_events"":1007,""detectors_checked"":229376}"
     17408,         0,         0,   0.860,exact_mw,f32ebecd8e105e50ec838d33c5ed9b45444b6b44a3c6ac541111079f2b14e893,"{""distance"":5,""physical_error_rate"":5e-05}","{""detection_events"":832,""detectors_checked"":3899392}"
      1024,         0,         0,   0.220,exact_mw,bb90ec3459e353008cf9a5bb9142bf1e8515517a9e167021b225104594e48e8a,"{""distance"":5,""physical_error_rate"":0.001}","{""detection_events"":1053,""detectors_checked"":229376}"
    100352,         0,         0,    3.02,exact_mw,70a969f5042aec17ac076c6379f4170fb7c69b8e925756ef3b7334e28a33338b,"{""distance"":5,""physical_error_rate"":0.0001}","{""detection_events"":9861,""detectors_checked"":22478848}"
      1024,         0,         0,   0.148,exact_mw,bb90ec3459e353008cf9a5bb9142bf1e8515517a9e167021b225104594e48e8a,"{""distance"":5,""physical_error_rate"":0.001}","{""detection_events"":896,""detectors_checked"":229376}"
     30720,         0,         0,    2.23,exact_mw,cb12ae119b9b2ba18d0216e7235b403229e92fd0743ede48fe7f1a2c6f45d594,"{""distance"":5,""physical_error_rate"":0.0005}","{""detection_events"":15462,""detectors_checked"":6881280}"
      4096,         0,         0,   0.646,exact_mw,bb90ec3459e353008cf9a5bb9142bf1e8515517a9e167021b225104594e48e8a,"{""distance"":5,""physical_error_rate"":0.001}","{""detection_events"":3889,""detectors_checked"":917504}"
    216064,         0,         0,    4.26,exact_mw,cb12ae119b9b2ba18d0216e7235b403229e92fd0743ede48fe7f1a2c6f45d594,"{""distance"":5,""physical_error_rate"":0.0005}","{""detection_events"":107205,""detectors_checked"":48398336}"
      2048,         0,         0,   0.365,exact_mw,bb90ec3459e353008cf9a5bb9142bf1e8515517a9e167021b225104594e48e8a,"{""distance"":5,""physical_error_rate"":0.001}","{""detection_events"":1985,""detectors_checked"":458752}"
   2643968,         0,         0,    44.3,exact_mw,70a969f5042aec17ac076c6379f4170fb7c69b8e925756ef3b7334e28a33338b,"{""distance"":5,""physical_error_rate"":0.0001}","{""detection_events"":259306,""detectors_checked"":592248832}"
    363520,         0,         0,    4.17,exact_mw,cdc4a450a40af8e24899239080e4c40992fb5baf91c5a31ab3a165eacb3a1ab3,"{""distance"":5,""physical_error_rate"":0.0002}","{""detection_events"":71265,""detectors_checked"":81428480}"
    301056,         0,         0,    4.22,exact_mw,cdc4a450a40af8e24899239080e4c40992fb5baf91c5a31ab3a165eacb3a1ab3,"{""distance"":5,""physical_error_rate"":0.0002}","{""detection_events"":60009,""detectors_checked"":67436544}"
      1024,         0,         0,   0.287,exact_mw,bb90ec3459e353008cf9a5bb9142bf1e8515517a9e167021b225104594e48e8a,"{""distance"":5,""physical_error_rate"":0.001}","{""detection_events"":1024,""detectors_checked"":229376}"
     31744,         0,         0,    1.56,exact_mw,70a969f5042aec17ac076c6379f4170fb7c69b8e925756ef3b7334e28a33338b,"{""distance"":5,""physical_error_rate"":0.0001}","{""detection_events"":3274,""detectors_checked"":7110656}"
     22528,         0,         0,    1.15,exact_mw,f32ebecd8e105e50ec838d33c5ed9b45444b6b44a3c6ac541111079f2b14e893,"{""distance"":5,""physical_error_rate"":5e-05}","{""detection_events"":1093,""detectors_checked"":5046272}"
   1224704,         0,         0,    31.8,exact_mw,cdc4a450a40af8e24899239080e4c40992fb5baf91c5a31ab3a165eacb3a1ab3,"{""distance"":5,""physical_error_rate"":0.0002}","{""detection_events"":239364,""detectors_checked"":274333696}"
      5120,         0,         0,   0.864,exact_mw,bb90ec3459e353008cf9a5bb9142bf1e8515517a9e167021b225104594e48e8a,"{""distance"":5,""physical_error_rate"":0.001}","{""detection_events"":4989,""detectors_checked"":1146880}"
      2048,         0,         0,   0.361,exact_mw,bb90ec3459e353008cf9a5bb9142bf1e8515517a9e167021b225104594e48e8a,"{""distance"":5,""physical_error_rate"":0.001}","{""detection_events"":2011,""detectors_checked"":458752}"
   1055744,         5,         0,    44.7,exact_mw,bb90ec3459e353008cf9a5bb9142bf1e8515517a9e167021b225104594e48e8a,"{""distance"":5,""physical_error_rate"":0.001}","{""detection_events"":1032939,""detectors_checked"":236486656,""obs_mistake_mask=E"":5}"
   2812928,         0,         0,    44.3,exact_mw,cdc4a450a40af8e24899239080e4c40992fb5baf91c5a31ab3a165eacb3a1ab3,"{""distance"":5,""physical_error_rate"":0.0002}","{""detection_events"":554242,""detectors_checked"":630095872}"
      8192,         0,         0,    2.25,exact_mw,3208f56225bbcac0e2804eb6f92d0a8b681652a702ca1ec920ccd7367f0e0899,"{""distance"":5,""physical_error_rate"":0.002}","{""detection_events"":16419,""detectors_checked"":1835008}"
      3072,         0,         0,   0.575,exact_mw,bb90ec3459e353008cf9a5bb9142bf1e8515517a9e167021b225104594e48e8a,"{""distance"":5,""physical_error_rate"":0.001}","{""detection_events"":2887,""detectors_checked"":688128}"
     21504,         1,         0,    4.51,exact_mw,3208f56225bbcac0e2804eb6f92d0a8b681652a702ca1ec920ccd7367f0e0899,"{""distance"":5,""physical_error_rate"":0.002}","{""detection_events"":42083,""detectors_checked"":4816896,""obs_mistake_mask=E"":1}"
   1062912,         0,         0,    44.6,exact_mw,cb12ae119b9b2ba18d0216e7235b403229e92fd0743ede48fe7f1a2c6f45d594,"{""distance"":5,""physical_error_rate"":0.0005}","{""detection_events"":524378,""detectors_checked"":238092288}"
    193536,         0,         0,    4.20,exact_mw,f32ebecd8e105e50ec838d33c5ed9b45444b6b44a3c6ac541111079f2b14e893,"{""distance"":5,""physical_error_rate"":5e-05}","{""detection_events"":9318,""detectors_checked"":43352064}"
   1037312,         0,         0,    31.8,exact_mw,70a969f5042aec17ac076c6379f4170fb7c69b8e925756ef3b7334e28a33338b,"{""distance"":5,""physical_error_rate"":0.0001}","{""detection_events"":101955,""detectors_checked"":232357888}"
     23552,         0,         0,    4.39,exact_mw,bb90ec3459e353008cf9a5bb9142bf1e8515517a9e167021b225104594e48e8a,"{""distance"":5,""physical_error_rate"":0.001}","{""detection_events"":23526,""detectors_checked"":5275648}"
      3072,         0,         0,   0.649,exact_mw,bb90ec3459e353008cf9a5bb9142bf1e8515517a9e167021b225104594e48e8a,"{""distance"":5,""physical_error_rate"":0.001}","{""detection_events"":3112,""detectors_checked"":688128}"
      6144,         0,         0,    1.30,exact_mw,bb90ec3459e353008cf9a5bb9142bf1e8515517a9e167021b225104594e48e8a,"{""distance"":5,""physical_error_rate"":0.001}","{""detection_events"":6013,""detectors_checked"":1376256}"
     31744,         0,         0,    1.51,exact_mw,f32ebecd8e105e50ec838d33c5ed9b45444b6b44a3c6ac541111079f2b14e893,"{""distance"":5,""physical_error_rate"":5e-05}","{""detection_events"":1657,""detectors_checked"":7110656}"
   2022400,         3,         0,    31.9,exact_mw,cb12ae119b9b2ba18d0216e7235b403229e92fd0743ede48fe7f1a2c6f45d594,"{""distance"":5,""physical_error_rate"":0.0005}","{""detection_events"":995136,""detectors_checked"":453017600,""obs_mistake_mask=E"":3}"
     17408,         3,         0,    4.34,exact_mw,3208f56225bbcac0e2804eb6f92d0a8b681652a702ca1ec920ccd7367f0e0899,"{""distance"":5,""physical_error_rate"":0.002}","{""detection_events"":33972,""detectors_checked"":3899392,""obs_mistake_mask=E"":3}"
   1169408,         0,         0,    31.8,exact_mw,70a969f5042aec17ac076c6379f4170fb7c69b8e925756ef3b7334e28a33338b,"{""distance"":5,""physical_error_rate"":0.0001}","{""detection_events"":115769,""detectors_checked"":261947392}"
     44032,         0,         0,    2.23,exact_mw,70a969f5042aec17ac076c6379f4170fb7c69b8e925756ef3b7334e28a33338b,"{""distance"":5,""physical_error_rate"":0.0001}","{""detection_events"":4381,""detectors_checked"":9863168}"
   2701312,         0,         0,    31.6,exact_mw,f32ebecd8e105e50ec838d33c5ed9b45444b6b44a3c6ac541111079f2b14e893,"{""distance"":5,""physical_error_rate"":5e-05}","{""detection_events"":133073,""detectors_checked"":605093888}"
     46080,         0,         0,    3.03,exact_mw,cb12ae119b9b2ba18d0216e7235b403229e92fd0743ede48fe7f1a2c6f45d594,"{""distance"":5,""physical_error_rate"":0.0005}","{""detection_events"":22293,""detectors_checked"":10321920}"
      6144,         0,         0,   0.799,exact_mw,bb90ec3459e353008cf9a5bb9142bf1e8515517a9e167021b225104594e48e8a,"{""distance"":5,""physical_error_rate"":0.001}","{""detection_events"":5744,""detectors_checked"":1376256}"
     16384,         2,         0,    4.49,exact_mw,3208f56225bbcac0e2804eb6f92d0a8b681652a702ca1ec920ccd7367f0e0899,"{""distance"":5,""physical_error_rate"":0.002}","{""detection_events"":31927,""detectors_checked"":3670016,""obs_mistake_mask=E"":2}"
    635904,         3,         0,    31.8,exact_mw,bb90ec3459e353008cf9a5bb9142bf1e8515517a9e167021b225104594e48e8a,"{""distance"":5,""physical_error_rate"":0.001}","{""detection_events"":625964,""detectors_checked"":142442496,""obs_mistake_mask=E"":3}"
    650240,         4,         0,    31.9,exact_mw,bb90ec3459e353008cf9a5bb9142bf1e8515517a9e167021b225104594e48e8a,"{""distance"":5,""physical_error_rate"":0.001}","{""detection_events"":636817,""detectors_checked"":145653760,""obs_mistake_mask=E"":4}"
   1482752,         1,         0,    31.5,exact_mw,cb12ae119b9b2ba18d0216e7235b403229e92fd0743ede48fe7f1a2c6f45d594,"{""distance"":5,""physical_error_rate"":0.0005}","{""detection_events"":728474,""detectors_checked"":332136448,""obs_mistake_mask=E"":1}"
      9216,         0,         0,    1.59,exact_mw,bb90ec3459e353008cf9a5bb9142bf1e8515517a9e167021b225104594e48e8a,"{""distance"":5,""physical_error_rate"":0.001}","{""detection_events"":8943,""detectors_checked"":2064384}"
    137216,         0,         0,    4.27,exact_mw,70a969f5042aec17ac076c6379f4170fb7c69b8e925756ef3b7334e28a33338b,"{""distance"":5,""physical_error_rate"":0.0001}","{""detection_events"":13635,""detectors_checked"":30736384}"
     11264,         3,         0,    3.09,exact_mw,3208f56225bbcac0e2804eb6f92d0a8b681652a702ca1ec920ccd7367f0e0899,"{""distance"":5,""physical_error_rate"":0.002}","{""detection_events"":22075,""detectors_checked"":2523136,""obs_mistake_mask=E"":3}"
      5120,         0,         0,    1.13,exact_mw,bb90ec3459e353008cf9a5bb9142bf1e8515517a9e167021b225104594e48e8a,"{""distance"":5,""physical_error_rate"":0.001}","{""detection_events"":4983,""detectors_checked"":1146880}"
    155648,         1,         0,    5.96,exact_mw,bb90ec3459e353008cf9a5bb9142bf1e8515517a9e167021b225104594e48e8a,"{""distance"":5,""physical_error_rate"":0.001}","{""detection_events"":152709,""detectors_checked"":34865152,""obs_mistake_mask=E"":1}"
   2604032,         0,         0,    31.8,exact_mw,70a969f5042aec17ac076c6379f4170fb7c69b8e925756ef3b7334e28a33338b,"{""distance"":5,""physical_error_rate"":0.0001}","{""detection_events"":257814,""detectors_checked"":583303168}"
     43008,         0,         0,    2.25,exact_mw,f32ebecd8e105e50ec838d33c5ed9b45444b6b44a3c6ac541111079f2b14e893,"{""distance"":5,""physical_error_rate"":5e-05}","{""detection_events"":2056,""detectors_checked"":9633792}"
    361472,         0,         0,    5.94,exact_mw,cb12ae119b9b2ba18d0216e7235b403229e92fd0743ede48fe7f1a2c6f45d594,"{""distance"":5,""physical_error_rate"":0.0005}","{""detection_events"":177987,""detectors_checked"":80969728}"
    516096,         0,         0,    5.92,exact_mw,cdc4a450a40af8e24899239080e4c40992fb5baf91c5a31ab3a165eacb3a1ab3,"{""distance"":5,""physical_error_rate"":0.0002}","{""detection_events"":102446,""detectors_checked"":115605504}"
    182272,        13,         0,    44.9,exact_mw,3208f56225bbcac0e2804eb6f92d0a8b681652a702ca1ec920ccd7367f0e0899,"{""distance"":5,""physical_error_rate"":0.002}","{""detection_events"":354591,""detectors_checked"":40828928,""obs_mistake_mask=E"":13}"
      8192,         0,         0,    1.60,exact_mw,bb90ec3459e353008cf9a5bb9142bf1e8515517a9e167021b225104594e48e8a,"{""distance"":5,""physical_error_rate"":0.001}","{""detection_events"":7679,""detectors_checked"":1835008}"
     57344,         0,         0,    3.03,exact_mw,70a969f5042aec17ac076c6379f4170fb7c69b8e925756ef3b7334e28a33338b,"{""distance"":5,""physical_error_rate"":0.0001}","{""detection_events"":5637,""detectors_checked"":12845056}"
   2754560,         0,         0,    31.8,exact_mw,f32ebecd8e105e50ec838d33c5ed9b45444b6b44a3c6ac541111079f2b14e893,"{""distance"":5,""physical_error_rate"":5e-05}","{""detection_events"":135463,""detectors_checked"":617021440}"
    318464,         0,         0,    5.87,exact_mw,cb12ae119b9b2ba18d0216e7235b403229e92fd0743ede48fe7f1a2c6f45d594,"{""distance"":5,""physical_error_rate"":0.0005}","{""detection_events"":156272,""detectors_checked"":71335936}"
   3450880,         0,         0,    31.7,exact_mw,f32ebecd8e105e50ec838d33c5ed9b45444b6b44a3c6ac541111079f2b14e893,"{""distance"":5,""physical_error_rate"":5e-05}","{""detection_events"":170308,""detectors_checked"":772997120}"
     11264,         0,         0,    2.48,exact_mw,bb90ec3459e353008cf9a5bb9142bf1e8515517a9e167021b225104594e48e8a,"{""distance"":5,""physical_error_rate"":0.001}","{""detection_events"":11321,""detectors_checked"":2523136}"
    292864,         0,         0,    5.93,exact_mw,cdc4a450a40af8e24899239080e4c40992fb5baf91c5a31ab3a165eacb3a1ab3,"{""distance"":5,""physical_error_rate"":0.0002}","{""detection_events"":57172,""detectors_checked"":65601536}"
    417792,         0,         0,    5.85,exact_mw,cdc4a450a40af8e24899239080e4c40992fb5baf91c5a31ab3a165eacb3a1ab3,"{""distance"":5,""physical_error_rate"":0.0002}","{""detection_events"":81950,""detectors_checked"":93585408}"
   2328576,         0,         0,    44.5,exact_mw,cb12ae119b9b2ba18d0216e7235b403229e92fd0743ede48fe7f1a2c6f45d594,"{""distance"":5,""physical_error_rate"":0.0005}","{""detection_events"":1145568,""detectors_checked"":521601024}"
   1017856,         7,         0,    44.6,exact_mw,bb90ec3459e353008cf9a5bb9142bf1e8515517a9e167021b225104594e48e8a,"{""distance"":5,""physical_error_rate"":0.001}","{""detection_events"":999991,""detectors_checked"":227999744,""obs_mistake_mask=E"":7}"
     55296,         0,         0,    4.25,exact_mw,cb12ae119b9b2ba18d0216e7235b403229e92fd0743ede48fe7f1a2c6f45d594,"{""distance"":5,""physical_error_rate"":0.0005}","{""detection_events"":26949,""detectors_checked"":12386304}"
     28672,         4,         0,    6.08,exact_mw,3208f56225bbcac0e2804eb6f92d0a8b681652a702ca1ec920ccd7367f0e0899,"{""distance"":5,""physical_error_rate"":0.002}","{""detection_events"":54550,""detectors_checked"":6422528,""obs_mistake_mask=E"":4}"
    270336,         0,         0,    5.98,exact_mw,f32ebecd8e105e50ec838d33c5ed9b45444b6b44a3c6ac541111079f2b14e893,"{""distance"":5,""physical_error_rate"":5e-05}","{""detection_events"":13236,""detectors_checked"":60555264}"
     54272,         0,         0,    3.12,exact_mw,f32ebecd8e105e50ec838d33c5ed9b45444b6b44a3c6ac541111079f2b14e893,"{""distance"":5,""physical_error_rate"":5e-05}","{""detection_events"":2633,""detectors_checked"":12156928}"
     32768,         0,         0,    6.05,exact_mw,bb90ec3459e353008cf9a5bb9142bf1e8515517a9e167021b225104594e48e8a,"{""distance"":5,""physical_error_rate"":0.001}","{""detection_events"":31786,""detectors_checked"":7340032}"
     10240,         0,         0,    2.32,exact_mw,bb90ec3459e353008cf9a5bb9142bf1e8515517a9e167021b225104594e48e8a,"{""distance"":5,""physical_error_rate"":0.001}","{""detection_events"":10051,""detectors_checked"":2293760}"
   2036736,         0,         0,    44.4,exact_mw,cdc4a450a40af8e24899239080e4c40992fb5baf91c5a31ab3a165eacb3a1ab3,"{""distance"":5,""physical_error_rate"":0.0002}","{""detection_events"":401797,""detectors_checked"":456228864}"
     24576,         0,         0,    6.18,exact_mw,3208f56225bbcac0e2804eb6f92d0a8b681652a702ca1ec920ccd7367f0e0899,"{""distance"":5,""physical_error_rate"":0.002}","{""detection_events"":48215,""detectors_checked"":5505024}"
     15360,         0,         0,    4.54,exact_mw,3208f56225bbcac0e2804eb6f92d0a8b681652a702ca1ec920ccd7367f0e0899,"{""distance"":5,""physical_error_rate"":0.002}","{""detection_events"":30684,""detectors_checked"":3440640}"
     20480,         0,         0,    6.17,exact_mw,3208f56225bbcac0e2804eb6f92d0a8b681652a702ca1ec920ccd7367f0e0899,"{""distance"":5,""physical_error_rate"":0.002}","{""detection_events"":39701,""detectors_checked"":4587520}"
     15360,         0,         0,    3.12,exact_mw,bb90ec3459e353008cf9a5bb9142bf1e8515517a9e167021b225104594e48e8a,"{""distance"":5,""physical_error_rate"":0.001}","{""detection_events"":15238,""detectors_checked"":3440640}"
    194560,         0,         0,    5.93,exact_mw,70a969f5042aec17ac076c6379f4170fb7c69b8e925756ef3b7334e28a33338b,"{""distance"":5,""physical_error_rate"":0.0001}","{""detection_events"":19275,""detectors_checked"":43581440}"
     77824,         0,         0,    4.32,exact_mw,70a969f5042aec17ac076c6379f4170fb7c69b8e925756ef3b7334e28a33338b,"{""distance"":5,""physical_error_rate"":0.0001}","{""detection_events"":7698,""detectors_checked"":17432576}"
     16384,         0,         0,    3.20,exact_mw,bb90ec3459e353008cf9a5bb9142bf1e8515517a9e167021b225104594e48e8a,"{""distance"":5,""physical_error_rate"":0.001}","{""detection_events"":15570,""detectors_checked"":3670016}"
     77824,         0,         0,    4.24,exact_mw,f32ebecd8e105e50ec838d33c5ed9b45444b6b44a3c6ac541111079f2b14e893,"{""distance"":5,""physical_error_rate"":5e-05}","{""detection_events"":3653,""detectors_checked"":17432576}"
    403456,         2,         0,    8.27,exact_mw,bb90ec3459e353008cf9a5bb9142bf1e8515517a9e167021b225104594e48e8a,"{""distance"":5,""physical_error_rate"":0.001}","{""detection_events"":397261,""detectors_checked"":90374144,""obs_mistake_mask=E"":2}"
   3315712,         1,         0,    62.4,exact_mw,cb12ae119b9b2ba18d0216e7235b403229e92fd0743ede48fe7f1a2c6f45d594,"{""distance"":5,""physical_error_rate"":0.0005}","{""detection_events"":1631987,""detectors_checked"":742719488,""obs_mistake_mask=E"":1}"
    518144,         0,         0,    8.30,exact_mw,cb12ae119b9b2ba18d0216e7235b403229e92fd0743ede48fe7f1a2c6f45d594,"{""distance"":5,""physical_error_rate"":0.0005}","{""detection_events"":255353,""detectors_checked"":116064256}"
   1143808,         6,         0,    62.6,exact_mw,bb90ec3459e353008cf9a5bb9142bf1e8515517a9e167021b225104594e48e8a,"{""distance"":5,""physical_error_rate"":0.001}","{""detection_events"":1122602,""detectors_checked"":256212992,""obs_mistake_mask=E"":6}"
    721920,         0,         0,    8.26,exact_mw,cdc4a450a40af8e24899239080e4c40992fb5baf91c5a31ab3a165eacb3a1ab3,"{""distance"":5,""physical_error_rate"":0.0002}","{""detection_events"":143771,""detectors_checked"":161710080}"
   2485248,         2,         0,    62.2,exact_mw,cb12ae119b9b2ba18d0216e7235b403229e92fd0743ede48fe7f1a2c6f45d594,"{""distance"":5,""physical_error_rate"":0.0005}","{""detection_events"":1221615,""detectors_checked"":556695552,""obs_mistake_mask=E"":2}"
     74752,         1,         0,    5.92,exact_mw,cb12ae119b9b2ba18d0216e7235b403229e92fd0743ede48fe7f1a2c6f45d594,"{""distance"":5,""physical_error_rate"":0.0005}","{""detection_events"":37060,""detectors_checked"":16744448,""obs_mistake_mask=E"":1}"
   7721984,         0,         0,    62.1,exact_mw,70a969f5042aec17ac076c6379f4170fb7c69b8e925756ef3b7334e28a33338b,"{""distance"":5,""physical_error_rate"":0.0001}","{""detection_events"":758923,""detectors_checked"":1729724416}"
     21504,         0,         0,    4.40,exact_mw,bb90ec3459e353008cf9a5bb9142bf1e8515517a9e167021b225104594e48e8a,"{""distance"":5,""physical_error_rate"":0.001}","{""detection_events"":21175,""detectors_checked"":4816896}"
   1195008,        15,         0,    62.6,exact_mw,bb90ec3459e353008cf9a5bb9142bf1e8515517a9e167021b225104594e48e8a,"{""distance"":5,""physical_error_rate"":0.001}","{""detection_events"":1172915,""detectors_checked"":267681792,""obs_mistake_mask=E"":15}"
   4556800,         0,         0,    62.1,exact_mw,cdc4a450a40af8e24899239080e4c40992fb5baf91c5a31ab3a165eacb3a1ab3,"{""distance"":5,""physical_error_rate"":0.0002}","{""detection_events"":900548,""detectors_checked"":1020723200}"
    430080,         0,         0,    8.32,exact_mw,cb12ae119b9b2ba18d0216e7235b403229e92fd0743ede48fe7f1a2c6f45d594,"{""distance"":5,""physical_error_rate"":0.0005}","{""detection_events"":211442,""detectors_checked"":96337920}"
    145408,         0,         0,    8.39,exact_mw,cdc4a450a40af8e24899239080e4c40992fb5baf91c5a31ab3a165eacb3a1ab3,"{""distance"":5,""physical_error_rate"":0.0002}","{""detection_events"":28931,""detectors_checked"":32571392}"
    588800,         0,         0,    8.27,exact_mw,cdc4a450a40af8e24899239080e4c40992fb5baf91c5a31ab3a165eacb3a1ab3,"{""distance"":5,""physical_error_rate"":0.0002}","{""detection_events"":115865,""detectors_checked"":131891200}"
     21504,         1,         0,    6.20,exact_mw,3208f56225bbcac0e2804eb6f92d0a8b681652a702ca1ec920ccd7367f0e0899,"{""distance"":5,""physical_error_rate"":0.002}","{""detection_events"":41885,""detectors_checked"":4816896,""obs_mistake_mask=E"":1}"
  13537280,         0,         0,    62.2,exact_mw,f32ebecd8e105e50ec838d33c5ed9b45444b6b44a3c6ac541111079f2b14e893,"{""distance"":5,""physical_error_rate"":5e-05}","{""detection_events"":665961,""detectors_checked"":3032350720}"
    223232,        13,         0,    44.9,exact_mw,3208f56225bbcac0e2804eb6f92d0a8b681652a702ca1ec920ccd7367f0e0899,"{""distance"":5,""physical_error_rate"":0.002}","{""detection_events"":434701,""detectors_checked"":50003968,""obs_mistake_mask=E"":13}"
   1910784,         0,         0,    62.4,exact_mw,70a969f5042aec17ac076c6379f4170fb7c69b8e925756ef3b7334e28a33338b,"{""distance"":5,""physical_error_rate"":0.0001}","{""detection_events"":188362,""detectors_checked"":428015616}"
   3932160,         4,         0,    62.4,exact_mw,cb12ae119b9b2ba18d0216e7235b403229e92fd0743ede48fe7f1a2c6f45d594,"{""distance"":5,""physical_error_rate"":0.0005}","{""detection_events"":1934647,""detectors_checked"":880803840,""obs_mistake_mask=E"":4}"
    150528,        10,         0,    32.3,exact_mw,3208f56225bbcac0e2804eb6f92d0a8b681652a702ca1ec920ccd7367f0e0899,"{""distance"":5,""physical_error_rate"":0.002}","{""detection_events"":293288,""detectors_checked"":33718272,""obs_mistake_mask=E"":10}"
     22528,         0,         0,    4.48,exact_mw,bb90ec3459e353008cf9a5bb9142bf1e8515517a9e167021b225104594e48e8a,"{""distance"":5,""physical_error_rate"":0.001}","{""detection_events"":22627,""detectors_checked"":5046272}"
   2671616,         0,         0,    31.4,exact_mw,cdc4a450a40af8e24899239080e4c40992fb5baf91c5a31ab3a165eacb3a1ab3,"{""distance"":5,""physical_error_rate"":0.0002}","{""detection_events"":527103,""detectors_checked"":598441984}"
     38912,         1,         0,    8.38,exact_mw,3208f56225bbcac0e2804eb6f92d0a8b681652a702ca1ec920ccd7367f0e0899,"{""distance"":5,""physical_error_rate"":0.002}","{""detection_events"":75543,""detectors_checked"":8716288,""obs_mistake_mask=E"":1}"
    375808,         0,         0,    8.26,exact_mw,f32ebecd8e105e50ec838d33c5ed9b45444b6b44a3c6ac541111079f2b14e893,"{""distance"":5,""physical_error_rate"":5e-05}","{""detection_events"":18232,""detectors_checked"":84180992}"
   2908160,         2,         0,    62.1,exact_mw,cb12ae119b9b2ba18d0216e7235b403229e92fd0743ede48fe7f1a2c6f45d594,"{""distance"":5,""physical_error_rate"":0.0005}","{""detection_events"":1433395,""detectors_checked"":651427840,""obs_mistake_mask=E"":2}"
    107520,         0,         0,    5.84,exact_mw,70a969f5042aec17ac076c6379f4170fb7c69b8e925756ef3b7334e28a33338b,"{""distance"":5,""physical_error_rate"":0.0001}","{""detection_events"":10709,""detectors_checked"":24084480}"
   2724864,         0,         0,    62.5,exact_mw,f32ebecd8e105e50ec838d33c5ed9b45444b6b44a3c6ac541111079f2b14e893,"{""distance"":5,""physical_error_rate"":5e-05}","{""detection_events"":134573,""detectors_checked"":610369536}"
   5639168,         0,         0,    62.1,exact_mw,70a969f5042aec17ac076c6379f4170fb7c69b8e925756ef3b7334e28a33338b,"{""distance"":5,""physical_error_rate"":0.0001}","{""detection_events"":559684,""detectors_checked"":1263173632}"
     38912,         0,         0,    8.48,exact_mw,bb90ec3459e353008cf9a5bb9142bf1e8515517a9e167021b225104594e48e8a,"{""distance"":5,""physical_error_rate"":0.001}","{""detection_events"":38209,""detectors_checked"":8716288}"
   5419008,         0,         0,    62.3,exact_mw,70a969f5042aec17ac076c6379f4170fb7c69b8e925756ef3b7334e28a33338b,"{""distance"":5,""physical_error_rate"":0.0001}","{""detection_events"":534792,""detectors_checked"":1213857792}"
   7831552,         0,         0,    61.6,exact_mw,cdc4a450a40af8e24899239080e4c40992fb5baf91c5a31ab3a165eacb3a1ab3,"{""distance"":5,""physical_error_rate"":0.0002}","{""detection_events"":1540959,""detectors_checked"":1754267648}"
   3960832,         0,         0,    62.3,exact_mw,70a969f5042aec17ac076c6379f4170fb7c69b8e925756ef3b7334e28a33338b,"{""distance"":5,""physical_error_rate"":0.0001}","{""detection_events"":391838,""detectors_checked"":887226368}"
   1702912,         0,         0,    62.4,exact_mw,70a969f5042aec17ac076c6379f4170fb7c69b8e925756ef3b7334e28a33338b,"{""distance"":5,""physical_error_rate"":0.0001}","{""detection_events"":167768,""detectors_checked"":381452288}"
  11810816,         0,         0,    62.2,exact_mw,f32ebecd8e105e50ec838d33c5ed9b45444b6b44a3c6ac541111079f2b14e893,"{""distance"":5,""physical_error_rate"":5e-05}","{""detection_events"":583388,""detectors_checked"":2645622784}"
     34816,         3,         0,    8.53,exact_mw,3208f56225bbcac0e2804eb6f92d0a8b681652a702ca1ec920ccd7367f0e0899,"{""distance"":5,""physical_error_rate"":0.002}","{""detection_events"":68498,""detectors_checked"":7798784,""obs_mistake_mask=E"":3}"
    702464,         2,         0,    62.6,exact_mw,bb90ec3459e353008cf9a5bb9142bf1e8515517a9e167021b225104594e48e8a,"{""distance"":5,""physical_error_rate"":0.001}","{""detection_events"":689008,""detectors_checked"":157351936,""obs_mistake_mask=E"":2}"
   3656704,         0,         0,    62.0,exact_mw,70a969f5042aec17ac076c6379f4170fb7c69b8e925756ef3b7334e28a33338b,"{""distance"":5,""physical_error_rate"":0.0001}","{""detection_events"":361448,""detectors_checked"":819101696}"
   5366784,         0,         0,    62.1,exact_mw,f32ebecd8e105e50ec838d33c5ed9b45444b6b44a3c6ac541111079f2b14e893,"{""distance"":5,""physical_error_rate"":5e-05}","{""detection_events"":264649,""detectors_checked"":1202159616}"
   1212416,         6,         0,    62.5,exact_mw,bb90ec3459e353008cf9a5bb9142bf1e8515517a9e167021b225104594e48e8a,"{""distance"":5,""physical_error_rate"":0.001}","{""detection_events"":1190864,""detectors_checked"":271581184,""obs_mistake_mask=E"":6}"
   3274752,        11,         0,    62.6,exact_mw,bb90ec3459e353008cf9a5bb9142bf1e8515517a9e167021b225104594e48e8a,"{""distance"":5,""physical_error_rate"":0.001}","{""detection_events"":3213221,""detectors_checked"":733544448,""obs_mistake_mask=E"":11}"
   4591616,         0,         0,    62.2,exact_mw,f32ebecd8e105e50ec838d33c5ed9b45444b6b44a3c6ac541111079f2b14e893,"{""distance"":5,""physical_error_rate"":5e-05}","{""detection_events"":227111,""detectors_checked"":1028521984}"
     28672,         3,         0,    8.46,exact_mw,3208f56225bbcac0e2804eb6f92d0a8b681652a702ca1ec920ccd7367f0e0899,"{""distance"":5,""physical_error_rate"":0.002}","{""detection_events"":55121,""detectors_checked"":6422528,""obs_mistake_mask=E"":3}"
   4271104,         0,         0,    62.1,exact_mw,cdc4a450a40af8e24899239080e4c40992fb5baf91c5a31ab3a165eacb3a1ab3,"{""distance"":5,""physical_error_rate"":0.0002}","{""detection_events"":841788,""detectors_checked"":956727296}"
   2747392,         0,         0,    62.5,exact_mw,cdc4a450a40af8e24899239080e4c40992fb5baf91c5a31ab3a165eacb3a1ab3,"{""distance"":5,""physical_error_rate"":0.0002}","{""detection_events"":541358,""detectors_checked"":615415808}"
   3231744,         0,         0,    62.3,exact_mw,cdc4a450a40af8e24899239080e4c40992fb5baf91c5a31ab3a165eacb3a1ab3,"{""distance"":5,""physical_error_rate"":0.0002}","{""detection_events"":636173,""detectors_checked"":723910656}"
    791552,         7,         0,    62.6,exact_mw,bb90ec3459e353008cf9a5bb9142bf1e8515517a9e167021b225104594e48e8a,"{""distance"":5,""physical_error_rate"":0.001}","{""detection_events"":774997,""detectors_checked"":177307648,""obs_mistake_mask=E"":7}"
   5008384,         1,         0,    62.3,exact_mw,cb12ae119b9b2ba18d0216e7235b403229e92fd0743ede48fe7f1a2c6f45d594,"{""distance"":5,""physical_error_rate"":0.0005}","{""detection_events"":2468641,""detectors_checked"":1121878016,""obs_mistake_mask=E"":1}"
   4284416,         0,         0,    62.3,exact_mw,cdc4a450a40af8e24899239080e4c40992fb5baf91c5a31ab3a165eacb3a1ab3,"{""distance"":5,""physical_error_rate"":0.0002}","{""detection_events"":845904,""detectors_checked"":959709184}"
    105472,         0,         0,    6.04,exact_mw,f32ebecd8e105e50ec838d33c5ed9b45444b6b44a3c6ac541111079f2b14e893,"{""distance"":5,""physical_error_rate"":5e-05}","{""detection_events"":4958,""detectors_checked"":23625728}"
   1787904,         0,         0,    62.3,exact_mw,cdc4a450a40af8e24899239080e4c40992fb5baf91c5a31ab3a165eacb3a1ab3,"{""distance"":5,""physical_error_rate"":0.0002}","{""detection_events"":351414,""detectors_checked"":400490496}"
   2364416,         0,         0,    62.3,exact_mw,f32ebecd8e105e50ec838d33c5ed9b45444b6b44a3c6ac541111079f2b14e893,"{""distance"":5,""physical_error_rate"":5e-05}","{""detection_events"":117764,""detectors_checked"":529629184}"
   3905536,         1,         0,    62.5,exact_mw,cb12ae119b9b2ba18d0216e7235b403229e92fd0743ede48fe7f1a2c6f45d594,"{""distance"":5,""physical_error_rate"":0.0005}","{""detection_events"":1921810,""detectors_checked"":874840064,""obs_mistake_mask=E"":1}"
   1212416,         9,         0,    62.7,exact_mw,bb90ec3459e353008cf9a5bb9142bf1e8515517a9e167021b225104594e48e8a,"{""distance"":5,""physical_error_rate"":0.001}","{""detection_events"":1188329,""detectors_checked"":271581184,""obs_mistake_mask=E"":9}"
    271360,         0,         0,    8.32,exact_mw,70a969f5042aec17ac076c6379f4170fb7c69b8e925756ef3b7334e28a33338b,"{""distance"":5,""physical_error_rate"":0.0001}","{""detection_events"":26325,""detectors_checked"":60784640}"
    310272,        17,         0,    63.0,exact_mw,3208f56225bbcac0e2804eb6f92d0a8b681652a702ca1ec920ccd7367f0e0899,"{""distance"":5,""physical_error_rate"":0.002}","{""detection_events"":606849,""detectors_checked"":69500928,""obs_mistake_mask=E"":17}"
   3445760,         1,         0,    62.2,exact_mw,cb12ae119b9b2ba18d0216e7235b403229e92fd0743ede48fe7f1a2c6f45d594,"{""distance"":5,""physical_error_rate"":0.0005}","{""detection_events"":1694764,""detectors_checked"":771850240,""obs_mistake_mask=E"":1}"
    364544,        25,         0,    63.0,exact_mw,3208f56225bbcac0e2804eb6f92d0a8b681652a702ca1ec920ccd7367f0e0899,"{""distance"":5,""physical_error_rate"":0.002}","{""detection_events"":712202,""detectors_checked"":81657856,""obs_mistake_mask=E"":25}"
    238080,        14,         0,    63.0,exact_mw,3208f56225bbcac0e2804eb6f92d0a8b681652a702ca1ec920ccd7367f0e0899,"{""distance"":5,""physical_error_rate"":0.002}","{""detection_events"":463922,""detectors_checked"":53329920,""obs_mistake_mask=E"":14}"
   1291264,        13,         0,    62.6,exact_mw,bb90ec3459e353008cf9a5bb9142bf1e8515517a9e167021b225104594e48e8a,"{""distance"":5,""physical_error_rate"":0.001}","{""detection_events"":1265940,""detectors_checked"":289243136,""obs_mistake_mask=E"":13}"
   1810432,         0,         0,    62.4,exact_mw,70a969f5042aec17ac076c6379f4170fb7c69b8e925756ef3b7334e28a33338b,"{""distance"":5,""physical_error_rate"":0.0001}","{""detection_events"":178648,""detectors_checked"":405536768}"
   8429568,         3,         0,    62.2,exact_mw,cb12ae119b9b2ba18d0216e7235b403229e92fd0743ede48fe7f1a2c6f45d594,"{""distance"":5,""physical_error_rate"":0.0005}","{""detection_events"":4149180,""detectors_checked"":1888223232,""obs_mistake_mask=E"":3}"
   3374080,         1,         0,    62.3,exact_mw,cb12ae119b9b2ba18d0216e7235b403229e92fd0743ede48fe7f1a2c6f45d594,"{""distance"":5,""physical_error_rate"":0.0005}","{""detection_events"":1660929,""detectors_checked"":755793920,""obs_mistake_mask=E"":1}"
     31744,         0,         0,    5.97,exact_mw,bb90ec3459e353008cf9a5bb9142bf1e8515517a9e167021b225104594e48e8a,"{""distance"":5,""physical_error_rate"":0.001}","{""detection_events"":30448,""detectors_checked"":7110656}"
   7563264,         0,         0,    62.1,exact_mw,cdc4a450a40af8e24899239080e4c40992fb5baf91c5a31ab3a165eacb3a1ab3,"{""distance"":5,""physical_error_rate"":0.0002}","{""detection_events"":1492352,""detectors_checked"":1694171136}"
   2260992,         0,         0,    62.4,exact_mw,cdc4a450a40af8e24899239080e4c40992fb5baf91c5a31ab3a165eacb3a1ab3,"{""distance"":5,""physical_error_rate"":0.0002}","{""detection_events"":445911,""detectors_checked"":506462208}"
   3810304,         0,         0,    62.3,exact_mw,cb12ae119b9b2ba18d0216e7235b403229e92fd0743ede48fe7f1a2c6f45d594,"{""distance"":5,""physical_error_rate"":0.0005}","{""detection_events"":1877329,""detectors_checked"":853508096}"
   3451904,         0,         0,    62.7,exact_mw,70a969f5042aec17ac076c6379f4170fb7c69b8e925756ef3b7334e28a33338b,"{""distance"":5,""physical_error_rate"":0.0001}","{""detection_events"":341139,""detectors_checked"":773226496}"
    259072,        15,         0,    63.2,exact_mw,3208f56225bbcac0e2804eb6f92d0a8b681652a702ca1ec920ccd7367f0e0899,"{""distance"":5,""physical_error_rate"":0.002}","{""detection_events"":508455,""detectors_checked"":58032128,""obs_mistake_mask=E"":15}"
    284672,        24,         0,    63.0,exact_mw,3208f56225bbcac0e2804eb6f92d0a8b681652a702ca1ec920ccd7367f0e0899,"{""distance"":5,""physical_error_rate"":0.002}","{""detection_events"":555695,""detectors_checked"":63766528,""obs_mistake_mask=E"":24}"
    942080,         3,         0,    62.7,exact_mw,bb90ec3459e353008cf9a5bb9142bf1e8515517a9e167021b225104594e48e8a,"{""distance"":5,""physical_error_rate"":0.001}","{""detection_events"":925054,""detectors_checked"":211025920,""obs_mistake_mask=E"":3}"
    290816,        15,         0,    63.0,exact_mw,3208f56225bbcac0e2804eb6f92d0a8b681652a702ca1ec920ccd7367f0e0899,"{""distance"":5,""physical_error_rate"":0.002}","{""detection_events"":566581,""detectors_checked"":65142784,""obs_mistake_mask=E"":15}"
   7473152,         0,         0,    62.2,exact_mw,f32ebecd8e105e50ec838d33c5ed9b45444b6b44a3c6ac541111079f2b14e893,"{""distance"":5,""physical_error_rate"":5e-05}","{""detection_events"":369056,""detectors_checked"":1673986048}"
    225280,        14,         0,    63.1,exact_mw,3208f56225bbcac0e2804eb6f92d0a8b681652a702ca1ec920ccd7367f0e0899,"{""distance"":5,""physical_error_rate"":0.002}","{""detection_events"":439691,""detectors_checked"":50462720,""obs_mistake_mask=E"":14}"
     31744,         0,         0,    6.01,exact_mw,bb90ec3459e353008cf9a5bb9142bf1e8515517a9e167021b225104594e48e8a,"{""distance"":5,""physical_error_rate"":0.001}","{""detection_events"":30705,""detectors_checked"":7110656}"
    118784,         0,         0,    8.21,exact_mw,cb12ae119b9b2ba18d0216e7235b403229e92fd0743ede48fe7f1a2c6f45d594,"{""distance"":5,""physical_error_rate"":0.0005}","{""detection_events"":57737,""detectors_checked"":26607616}"
    175104,        10,         0,    63.2,exact_mw,3208f56225bbcac0e2804eb6f92d0a8b681652a702ca1ec920ccd7367f0e0899,"{""distance"":5,""physical_error_rate"":0.002}","{""detection_events"":342550,""detectors_checked"":39223296,""obs_mistake_mask=E"":10}"
    108544,         4,         0,    32.1,exact_mw,3208f56225bbcac0e2804eb6f92d0a8b681652a702ca1ec920ccd7367f0e0899,"{""distance"":5,""physical_error_rate"":0.002}","{""detection_events"":211151,""detectors_checked"":24313856,""obs_mistake_mask=E"":4}"
     28672,         4,         0,    8.62,exact_mw,3208f56225bbcac0e2804eb6f92d0a8b681652a702ca1ec920ccd7367f0e0899,"{""distance"":5,""physical_error_rate"":0.002}","{""detection_events"":55685,""detectors_checked"":6422528,""obs_mistake_mask=E"":4}"
    231424,        15,         0,    63.0,exact_mw,3208f56225bbcac0e2804eb6f92d0a8b681652a702ca1ec920ccd7367f0e0899,"{""distance"":5,""physical_error_rate"":0.002}","{""detection_events"":451000,""detectors_checked"":51838976,""obs_mistake_mask=E"":15}"
    556032,         4,         0,    11.7,exact_mw,bb90ec3459e353008cf9a5bb9142bf1e8515517a9e167021b225104594e48e8a,"{""distance"":5,""physical_error_rate"":0.001}","{""detection_events"":545587,""detectors_checked"":124551168,""obs_mistake_mask=E"":4}"
    185344,         0,         0,    8.07,exact_mw,70a969f5042aec17ac076c6379f4170fb7c69b8e925756ef3b7334e28a33338b,"{""distance"":5,""physical_error_rate"":0.0001}","{""detection_events"":18331,""detectors_checked"":41517056}"
    712704,         0,         0,    11.5,exact_mw,cb12ae119b9b2ba18d0216e7235b403229e92fd0743ede48fe7f1a2c6f45d594,"{""distance"":5,""physical_error_rate"":0.0005}","{""detection_events"":352555,""detectors_checked"":159645696}"
    978944,         0,         0,    11.6,exact_mw,cdc4a450a40af8e24899239080e4c40992fb5baf91c5a31ab3a165eacb3a1ab3,"{""distance"":5,""physical_error_rate"":0.0002}","{""detection_events"":191820,""detectors_checked"":219283456}"
   2907136,         4,         0,    62.2,exact_mw,cb12ae119b9b2ba18d0216e7235b403229e92fd0743ede48fe7f1a2c6f45d594,"{""distance"":5,""physical_error_rate"":0.0005}","{""detection_events"":1430780,""detectors_checked"":651198464,""obs_mistake_mask=E"":4}"
   5323776,         0,         0,    62.3,exact_mw,f32ebecd8e105e50ec838d33c5ed9b45444b6b44a3c6ac541111079f2b14e893,"{""distance"":5,""physical_error_rate"":5e-05}","{""detection_events"":263114,""detectors_checked"":1192525824}"
   3889152,         1,         0,    62.2,exact_mw,cdc4a450a40af8e24899239080e4c40992fb5baf91c5a31ab3a165eacb3a1ab3,"{""distance"":5,""physical_error_rate"":0.0002}","{""detection_events"":764462,""detectors_checked"":871170048,""obs_mistake_mask=E"":1}"
   3856384,         3,         0,    62.3,exact_mw,cb12ae119b9b2ba18d0216e7235b403229e92fd0743ede48fe7f1a2c6f45d594,"{""distance"":5,""physical_error_rate"":0.0005}","{""detection_events"":1896962,""detectors_checked"":863830016,""obs_mistake_mask=E"":3}"
   4134912,         0,         0,    62.2,exact_mw,f32ebecd8e105e50ec838d33c5ed9b45444b6b44a3c6ac541111079f2b14e893,"{""distance"":5,""physical_error_rate"":5e-05}","{""detection_events"":204045,""detectors_checked"":926220288}"
   5369856,         0,         0,    62.3,exact_mw,f32ebecd8e105e50ec838d33c5ed9b45444b6b44a3c6ac541111079f2b14e893,"{""distance"":5,""physical_error_rate"":5e-05}","{""detection_events"":265964,""detectors_checked"":1202847744}"
   1459200,        11,         0,    62.7,exact_mw,bb90ec3459e353008cf9a5bb9142bf1e8515517a9e167021b225104594e48e8a,"{""distance"":5,""physical_error_rate"":0.001}","{""detection_events"":1433864,""detectors_checked"":326860800,""obs_mistake_mask=E"":11}"
    605184,         0,         0,    11.6,exact_mw,cb12ae119b9b2ba18d0216e7235b403229e92fd0743ede48fe7f1a2c6f45d594,"{""distance"":5,""physical_error_rate"":0.0005}","{""detection_events"":297806,""detectors_checked"":135561216}"
   1133568,         5,         0,    62.7,exact_mw,bb90ec3459e353008cf9a5bb9142bf1e8515517a9e167021b225104594e48e8a,"{""distance"":5,""physical_error_rate"":0.001}","{""detection_events"":1113407,""detectors_checked"":253919232,""obs_mistake_mask=E"":5}"
    233472,         0,         0,    8.33,exact_mw,f32ebecd8e105e50ec838d33c5ed9b45444b6b44a3c6ac541111079f2b14e893,"{""distance"":5,""physical_error_rate"":5e-05}","{""detection_events"":11460,""detectors_checked"":52297728}"
    263168,         0,         0,    11.6,exact_mw,cdc4a450a40af8e24899239080e4c40992fb5baf91c5a31ab3a165eacb3a1ab3,"{""distance"":5,""physical_error_rate"":0.0002}","{""detection_events"":51980,""detectors_checked"":58949632}"
    802816,         0,         0,    11.5,exact_mw,cdc4a450a40af8e24899239080e4c40992fb5baf91c5a31ab3a165eacb3a1ab3,"{""distance"":5,""physical_error_rate"":0.0002}","{""detection_events"":158429,""detectors_checked"":179830784}"
   2994176,         0,         0,    62.4,exact_mw,70a969f5042aec17ac076c6379f4170fb7c69b8e925756ef3b7334e28a33338b,"{""distance"":5,""physical_error_rate"":0.0001}","{""detection_events"":294898,""detectors_checked"":670695424}"
   1162240,         9,         0,    62.5,exact_mw,bb90ec3459e353008cf9a5bb9142bf1e8515517a9e167021b225104594e48e8a,"{""distance"":5,""physical_error_rate"":0.001}","{""detection_events"":1138314,""detectors_checked"":260341760,""obs_mistake_mask=E"":9}"
   1492992,         0,         0,    62.2,exact_mw,f32ebecd8e105e50ec838d33c5ed9b45444b6b44a3c6ac541111079f2b14e893,"{""distance"":5,""physical_error_rate"":5e-05}","{""detection_events"":73727,""detectors_checked"":334430208}"
   3540992,         0,         0,    62.3,exact_mw,70a969f5042aec17ac076c6379f4170fb7c69b8e925756ef3b7334e28a33338b,"{""distance"":5,""physical_error_rate"":0.0001}","{""detection_events"":347755,""detectors_checked"":793182208}"
   8367104,         0,         0,    62.5,exact_mw,cdc4a450a40af8e24899239080e4c40992fb5baf91c5a31ab3a165eacb3a1ab3,"{""distance"":5,""physical_error_rate"":0.0002}","{""detection_events"":1653834,""detectors_checked"":1874231296}"
     54272,         4,         0,    11.8,exact_mw,3208f56225bbcac0e2804eb6f92d0a8b681652a702ca1ec920ccd7367f0e0899,"{""distance"":5,""physical_error_rate"":0.002}","{""detection_events"":105624,""detectors_checked"":12156928,""obs_mistake_mask=E"":4}"
   4443136,         0,         0,    62.3,exact_mw,cdc4a450a40af8e24899239080e4c40992fb5baf91c5a31ab3a165eacb3a1ab3,"{""distance"":5,""physical_error_rate"":0.0002}","{""detection_events"":873201,""detectors_checked"":995262464}"
    377856,         0,         0,    11.6,exact_mw,f32ebecd8e105e50ec838d33c5ed9b45444b6b44a3c6ac541111079f2b14e893,"{""distance"":5,""physical_error_rate"":5e-05}","{""detection_events"":18273,""detectors_checked"":84639744}"
     69632,         1,         0,    8.29,exact_mw,bb90ec3459e353008cf9a5bb9142bf1e8515517a9e167021b225104594e48e8a,"{""distance"":5,""physical_error_rate"":0.001}","{""detection_events"":67962,""detectors_checked"":15597568,""obs_mistake_mask=E"":1}"
     82944,         0,         0,    11.8,exact_mw,bb90ec3459e353008cf9a5bb9142bf1e8515517a9e167021b225104594e48e8a,"{""distance"":5,""physical_error_rate"":0.001}","{""detection_events"":80700,""detectors_checked"":18579456}"
   1660928,         0,         0,    62.1,exact_mw,70a969f5042aec17ac076c6379f4170fb7c69b8e925756ef3b7334e28a33338b,"{""distance"":5,""physical_error_rate"":0.0001}","{""detection_events"":164503,""detectors_checked"":372047872}"
   4285440,         0,         0,    62.2,exact_mw,f32ebecd8e105e50ec838d33c5ed9b45444b6b44a3c6ac541111079f2b14e893,"{""distance"":5,""physical_error_rate"":5e-05}","{""detection_events"":211660,""detectors_checked"":959938560}"
     36864,         4,         0,    11.9,exact_mw,3208f56225bbcac0e2804eb6f92d0a8b681652a702ca1ec920ccd7367f0e0899,"{""distance"":5,""physical_error_rate"":0.002}","{""detection_events"":72126,""detectors_checked"":8257536,""obs_mistake_mask=E"":4}"
    232448,        18,         0,    62.9,exact_mw,3208f56225bbcac0e2804eb6f92d0a8b681652a702ca1ec920ccd7367f0e0899,"{""distance"":5,""physical_error_rate"":0.002}","{""detection_events"":453429,""detectors_checked"":52068352,""obs_mistake_mask=E"":18}"
     39936,         5,         0,    11.9,exact_mw,3208f56225bbcac0e2804eb6f92d0a8b681652a702ca1ec920ccd7367f0e0899,"{""distance"":5,""physical_error_rate"":0.002}","{""detection_events"":77873,""detectors_checked"":8945664,""obs_mistake_mask=E"":5}"
   3005440,         0,         0,    62.4,exact_mw,f32ebecd8e105e50ec838d33c5ed9b45444b6b44a3c6ac541111079f2b14e893,"{""distance"":5,""physical_error_rate"":5e-05}","{""detection_events"":147847,""detectors_checked"":673218560}"
    364544,         0,         0,    11.6,exact_mw,70a969f5042aec17ac076c6379f4170fb7c69b8e925756ef3b7334e28a33338b,"{""distance"":5,""physical_error_rate"":0.0001}","{""detection_events"":36344,""detectors_checked"":81657856}"
     84992,         0,         0,    8.29,exact_mw,bb90ec3459e353008cf9a5bb9142bf1e8515517a9e167021b225104594e48e8a,"{""distance"":5,""physical_error_rate"":0.001}","{""detection_events"":83291,""detectors_checked"":19038208}"
    325632,        18,         0,    62.9,exact_mw,3208f56225bbcac0e2804eb6f92d0a8b681652a702ca1ec920ccd7367f0e0899,"{""distance"":5,""physical_error_rate"":0.002}","{""detection_events"":634305,""detectors_checked"":72941568,""obs_mistake_mask=E"":18}"
   1141760,         3,         0,    62.6,exact_mw,bb90ec3459e353008cf9a5bb9142bf1e8515517a9e167021b225104594e48e8a,"{""distance"":5,""physical_error_rate"":0.001}","{""detection_events"":1122567,""detectors_checked"":255754240,""obs_mistake_mask=E"":3}"
    110592,         6,         0,    63.5,exact_mw,3208f56225bbcac0e2804eb6f92d0a8b681652a702ca1ec920ccd7367f0e0899,"{""distance"":5,""physical_error_rate"":0.002}","{""detection_events"":215865,""detectors_checked"":24772608,""obs_mistake_mask=E"":6}"
   1588224,         0,         0,    62.2,exact_mw,cb12ae119b9b2ba18d0216e7235b403229e92fd0743ede48fe7f1a2c6f45d594,"{""distance"":5,""physical_error_rate"":0.0005}","{""detection_events"":779703,""detectors_checked"":355762176}"
   3523584,         2,         0,    62.2,exact_mw,cb12ae119b9b2ba18d0216e7235b403229e92fd0743ede48fe7f1a2c6f45d594,"{""distance"":5,""physical_error_rate"":0.0005}","{""detection_events"":1734916,""detectors_checked"":789282816,""obs_mistake_mask=E"":2}"
   5121024,         0,         0,    62.2,exact_mw,f32ebecd8e105e50ec838d33c5ed9b45444b6b44a3c6ac541111079f2b14e893,"{""distance"":5,""physical_error_rate"":5e-05}","{""detection_events"":253461,""detectors_checked"":1147109376}"
   4209664,         0,         0,    62.3,exact_mw,70a969f5042aec17ac076c6379f4170fb7c69b8e925756ef3b7334e28a33338b,"{""distance"":5,""physical_error_rate"":0.0001}","{""detection_events"":414294,""detectors_checked"":942964736}"
   2113536,         0,         0,    62.1,exact_mw,cdc4a450a40af8e24899239080e4c40992fb5baf91c5a31ab3a165eacb3a1ab3,"{""distance"":5,""physical_error_rate"":0.0002}","{""detection_events"":415475,""detectors_checked"":473432064}"
    362496,         0,         0,    11.6,exact_mw,cb12ae119b9b2ba18d0216e7235b403229e92fd0743ede48fe7f1a2c6f45d594,"{""distance"":5,""physical_error_rate"":0.0005}","{""detection_events"":178459,""detectors_checked"":81199104}"
   4671488,         0,         0,    62.0,exact_mw,70a969f5042aec17ac076c6379f4170fb7c69b8e925756ef3b7334e28a33338b,"{""distance"":5,""physical_error_rate"":0.0001}","{""detection_events"":460921,""detectors_checked"":1046413312}"
    132096,         7,         0,    63.1,exact_mw,3208f56225bbcac0e2804eb6f92d0a8b681652a702ca1ec920ccd7367f0e0899,"{""distance"":5,""physical_error_rate"":0.002}","{""detection_events"":257026,""detectors_checked"":29589504,""obs_mistake_mask=E"":7}"
     25088,         1,         0,    11.9,exact_mw,3208f56225bbcac0e2804eb6f92d0a8b681652a702ca1ec920ccd7367f0e0899,"{""distance"":5,""physical_error_rate"":0.002}","{""detection_events"":49291,""detectors_checked"":5619712,""obs_mistake_mask=E"":1}"
   4364288,         0,         0,    62.4,exact_mw,cdc4a450a40af8e24899239080e4c40992fb5baf91c5a31ab3a165eacb3a1ab3,"{""distance"":5,""physical_error_rate"":0.0002}","{""detection_events"":863015,""detectors_checked"":977600512}"
    353280,         0,         0,    11.4,exact_mw,70a969f5042aec17ac076c6379f4170fb7c69b8e925756ef3b7334e28a33338b,"{""distance"":5,""physical_error_rate"":0.0001}","{""detection_events"":34595,""detectors_checked"":79134720}"
    467968,         0,         0,    11.5,exact_mw,f32ebecd8e105e50ec838d33c5ed9b45444b6b44a3c6ac541111079f2b14e893,"{""distance"":5,""physical_error_rate"":5e-05}","{""detection_events"":23260,""detectors_checked"":104824832}"
   1050624,         8,         0,    62.6,exact_mw,bb90ec3459e353008cf9a5bb9142bf1e8515517a9e167021b225104594e48e8a,"{""distance"":5,""physical_error_rate"":0.001}","{""detection_events"":1028773,""detectors_checked"":235339776,""obs_mistake_mask=E"":8}"
    222208,         1,         0,    11.6,exact_mw,bb90ec3459e353008cf9a5bb9142bf1e8515517a9e167021b225104594e48e8a,"{""distance"":5,""physical_error_rate"":0.001}","{""detection_events"":218108,""detectors_checked"":49774592,""obs_mistake_mask=E"":1}"
    786432,         4,         0,    16.2,exact_mw,bb90ec3459e353008cf9a5bb9142bf1e8515517a9e167021b225104594e48e8a,"{""distance"":5,""physical_error_rate"":0.001}","{""detection_events"":773628,""detectors_checked"":176160768,""obs_mistake_mask=E"":4}"
   1087488,         0,         0,    16.1,exact_mw,cb12ae119b9b2ba18d0216e7235b403229e92fd0743ede48fe7f1a2c6f45d594,"{""distance"":5,""physical_error_rate"":0.0005}","{""detection_events"":534092,""detectors_checked"":243597312}"
   1131520,         0,         0,    16.2,exact_mw,cdc4a450a40af8e24899239080e4c40992fb5baf91c5a31ab3a165eacb3a1ab3,"{""distance"":5,""physical_error_rate"":0.0002}","{""detection_events"":222049,""detectors_checked"":253460480}"
     75776,         0,         0,    11.7,exact_mw,bb90ec3459e353008cf9a5bb9142bf1e8515517a9e167021b225104594e48e8a,"{""distance"":5,""physical_error_rate"":0.001}","{""detection_events"":74138,""detectors_checked"":16973824}"
    303104,        23,         0,    63.1,exact_mw,3208f56225bbcac0e2804eb6f92d0a8b681652a702ca1ec920ccd7367f0e0899,"{""distance"":5,""physical_error_rate"":0.002}","{""detection_events"":593309,""detectors_checked"":67895296,""obs_mistake_mask=E"":23}"
    860160,         1,         0,    16.3,exact_mw,cb12ae119b9b2ba18d0216e7235b403229e92fd0743ede48fe7f1a2c6f45d594,"{""distance"":5,""physical_error_rate"":0.0005}","{""detection_events"":422805,""detectors_checked"":192675840,""obs_mistake_mask=E"":1}"
    635904,         0,         0,    16.2,exact_mw,cdc4a450a40af8e24899239080e4c40992fb5baf91c5a31ab3a165eacb3a1ab3,"{""distance"":5,""physical_error_rate"":0.0002}","{""detection_events"":125007,""detectors_checked"":142442496}"
   2007040,         0,         0,    16.1,exact_mw,cdc4a450a40af8e24899239080e4c40992fb5baf91c5a31ab3a165eacb3a1ab3,"{""distance"":5,""physical_error_rate"":0.0002}","{""detection_events"":397195,""detectors_checked"":449576960}"
     87040,         2,         0,    16.5,exact_mw,3208f56225bbcac0e2804eb6f92d0a8b681652a702ca1ec920ccd7367f0e0899,"{""distance"":5,""physical_error_rate"":0.002}","{""detection_events"":169693,""detectors_checked"":19496960,""obs_mistake_mask=E"":2}"
   1106944,         0,         0,    16.3,exact_mw,f32ebecd8e105e50ec838d33c5ed9b45444b6b44a3c6ac541111079f2b14e893,"{""distance"":5,""physical_error_rate"":5e-05}","{""detection_events"":54767,""detectors_checked"":247955456}"
    128000,         1,         0,    16.2,exact_mw,bb90ec3459e353008cf9a5bb9142bf1e8515517a9e167021b225104594e48e8a,"{""distance"":5,""physical_error_rate"":0.001}","{""detection_events"":124860,""detectors_checked"":28672000,""obs_mistake_mask=E"":1}"
     54272,         1,         0,    16.5,exact_mw,3208f56225bbcac0e2804eb6f92d0a8b681652a702ca1ec920ccd7367f0e0899,"{""distance"":5,""physical_error_rate"":0.002}","{""detection_events"":106235,""detectors_checked"":12156928,""obs_mistake_mask=E"":1}"
   1170432,         0,         0,    44.5,exact_mw,cdc4a450a40af8e24899239080e4c40992fb5baf91c5a31ab3a165eacb3a1ab3,"{""distance"":5,""physical_error_rate"":0.0002}","{""detection_events"":229919,""detectors_checked"":262176768}"
     24064,         2,         0,    16.5,exact_mw,3208f56225bbcac0e2804eb6f92d0a8b681652a702ca1ec920ccd7367f0e0899,"{""distance"":5,""physical_error_rate"":0.002}","{""detection_events"":46972,""detectors_checked"":5390336,""obs_mistake_mask=E"":2}"
    587776,         0,         0,    16.3,exact_mw,70a969f5042aec17ac076c6379f4170fb7c69b8e925756ef3b7334e28a33338b,"{""distance"":5,""physical_error_rate"":0.0001}","{""detection_events"":57497,""detectors_checked"":131661824}"
    931840,         0,         0,    44.6,exact_mw,70a969f5042aec17ac076c6379f4170fb7c69b8e925756ef3b7334e28a33338b,"{""distance"":5,""physical_error_rate"":0.0001}","{""detection_events"":91782,""detectors_checked"":208732160}"
   2621440,         0,         0,    44.6,exact_mw,cb12ae119b9b2ba18d0216e7235b403229e92fd0743ede48fe7f1a2c6f45d594,"{""distance"":5,""physical_error_rate"":0.0005}","{""detection_events"":1291170,""detectors_checked"":587202560}"
   1247232,         0,         0,    44.6,exact_mw,70a969f5042aec17ac076c6379f4170fb7c69b8e925756ef3b7334e28a33338b,"{""distance"":5,""physical_error_rate"":0.0001}","{""detection_events"":123742,""detectors_checked"":279379968}"
   4114432,         0,         0,    44.6,exact_mw,f32ebecd8e105e50ec838d33c5ed9b45444b6b44a3c6ac541111079f2b14e893,"{""distance"":5,""physical_error_rate"":5e-05}","{""detection_events"":204301,""detectors_checked"":921632768}"
   1489920,        10,         0,    44.8,exact_mw,bb90ec3459e353008cf9a5bb9142bf1e8515517a9e167021b225104594e48e8a,"{""distance"":5,""physical_error_rate"":0.001}","{""detection_events"":1461450,""detectors_checked"":333742080,""obs_mistake_mask=E"":10}"
    931840,         4,         0,    44.7,exact_mw,bb90ec3459e353008cf9a5bb9142bf1e8515517a9e167021b225104594e48e8a,"{""distance"":5,""physical_error_rate"":0.001}","{""detection_events"":913261,""detectors_checked"":208732160,""obs_mistake_mask=E"":4}"
   2200576,         0,         0,    44.6,exact_mw,cb12ae119b9b2ba18d0216e7235b403229e92fd0743ede48fe7f1a2c6f45d594,"{""distance"":5,""physical_error_rate"":0.0005}","{""detection_events"":1079844,""detectors_checked"":492929024}"
   4074496,         0,         0,    44.6,exact_mw,70a969f5042aec17ac076c6379f4170fb7c69b8e925756ef3b7334e28a33338b,"{""distance"":5,""physical_error_rate"":0.0001}","{""detection_events"":401608,""detectors_checked"":912687104}"
   1197056,         0,         0,    16.3,exact_mw,cb12ae119b9b2ba18d0216e7235b403229e92fd0743ede48fe7f1a2c6f45d594,"{""distance"":5,""physical_error_rate"":0.0005}","{""detection_events"":590828,""detectors_checked"":268140544}"
   3582976,         0,         0,    44.5,exact_mw,f32ebecd8e105e50ec838d33c5ed9b45444b6b44a3c6ac541111079f2b14e893,"{""distance"":5,""physical_error_rate"":5e-05}","{""detection_events"":177304,""detectors_checked"":802586624}"
   4770816,         0,         0,    44.5,exact_mw,f32ebecd8e105e50ec838d33c5ed9b45444b6b44a3c6ac541111079f2b14e893,"{""distance"":5,""physical_error_rate"":5e-05}","{""detection_events"":235782,""detectors_checked"":1068662784}"
     17920,         2,         0,    16.9,exact_mw,3208f56225bbcac0e2804eb6f92d0a8b681652a702ca1ec920ccd7367f0e0899,"{""distance"":5,""physical_error_rate"":0.002}","{""detection_events"":34530,""detectors_checked"":4014080,""obs_mistake_mask=E"":2}"
   1274880,         0,         0,    16.2,exact_mw,70a969f5042aec17ac076c6379f4170fb7c69b8e925756ef3b7334e28a33338b,"{""distance"":5,""physical_error_rate"":0.0001}","{""detection_events"":126405,""detectors_checked"":285573120}"
    417792,         0,         0,    16.2,exact_mw,f32ebecd8e105e50ec838d33c5ed9b45444b6b44a3c6ac541111079f2b14e893,"{""distance"":5,""physical_error_rate"":5e-05}","{""detection_events"":21019,""detectors_checked"":93585408}"
    327680,         2,         0,    16.4,exact_mw,bb90ec3459e353008cf9a5bb9142bf1e8515517a9e167021b225104594e48e8a,"{""distance"":5,""physical_error_rate"":0.001}","{""detection_events"":320248,""detectors_checked"":73400320,""obs_mistake_mask=E"":2}"
     94208,         0,         0,    16.4,exact_mw,bb90ec3459e353008cf9a5bb9142bf1e8515517a9e167021b225104594e48e8a,"{""distance"":5,""physical_error_rate"":0.001}","{""detection_events"":92189,""detectors_checked"":21102592}"
   2746368,         0,         0,    44.3,exact_mw,cdc4a450a40af8e24899239080e4c40992fb5baf91c5a31ab3a165eacb3a1ab3,"{""distance"":5,""physical_error_rate"":0.0002}","{""detection_events"":542875,""detectors_checked"":615186432}"
    116224,         5,         0,    45.2,exact_mw,3208f56225bbcac0e2804eb6f92d0a8b681652a702ca1ec920ccd7367f0e0899,"{""distance"":5,""physical_error_rate"":0.002}","{""detection_events"":226771,""detectors_checked"":26034176,""obs_mistake_mask=E"":5}"
   5693440,         0,         0,    62.5,exact_mw,f32ebecd8e105e50ec838d33c5ed9b45444b6b44a3c6ac541111079f2b14e893,"{""distance"":5,""physical_error_rate"":5e-05}","{""detection_events"":280401,""detectors_checked"":1275330560}"
   2656256,         0,         0,    62.4,exact_mw,70a969f5042aec17ac076c6379f4170fb7c69b8e925756ef3b7334e28a33338b,"{""distance"":5,""physical_error_rate"":0.0001}","{""detection_events"":261933,""detectors_checked"":595001344}"
   1945600,         0,         0,    62.5,exact_mw,f32ebecd8e105e50ec838d33c5ed9b45444b6b44a3c6ac541111079f2b14e893,"{""distance"":5,""physical_error_rate"":5e-05}","{""detection_events"":95508,""detectors_checked"":435814400}"
   4494336,         0,         0,    62.0,exact_mw,70a969f5042aec17ac076c6379f4170fb7c69b8e925756ef3b7334e28a33338b,"{""distance"":5,""physical_error_rate"":0.0001}","{""detection_events"":444556,""detectors_checked"":1006731264}"
   1104896,         6,         0,    22.7,exact_mw,bb90ec3459e353008cf9a5bb9142bf1e8515517a9e167021b225104594e48e8a,"{""distance"":5,""physical_error_rate"":0.001}","{""detection_events"":1086633,""detectors_checked"":247496704,""obs_mistake_mask=E"":6}"
   1383424,         8,         0,    62.8,exact_mw,bb90ec3459e353008cf9a5bb9142bf1e8515517a9e167021b225104594e48e8a,"{""distance"":5,""physical_error_rate"":0.001}","{""detection_events"":1363555,""detectors_checked"":309886976,""obs_mistake_mask=E"":8}"
   3965952,         0,         0,    62.0,exact_mw,cdc4a450a40af8e24899239080e4c40992fb5baf91c5a31ab3a165eacb3a1ab3,"{""distance"":5,""physical_error_rate"":0.0002}","{""detection_events"":779997,""detectors_checked"":888373248}"
   2480128,         2,         0,    22.6,exact_mw,cb12ae119b9b2ba18d0216e7235b403229e92fd0743ede48fe7f1a2c6f45d594,"{""distance"":5,""physical_error_rate"":0.0005}","{""detection_events"":1221504,""detectors_checked"":555548672,""obs_mistake_mask=E"":2}"
   1570816,         0,         0,    22.7,exact_mw,cdc4a450a40af8e24899239080e4c40992fb5baf91c5a31ab3a165eacb3a1ab3,"{""distance"":5,""physical_error_rate"":0.0002}","{""detection_events"":309221,""detectors_checked"":351862784}"
   2332672,         0,         0,    62.5,exact_mw,cb12ae119b9b2ba18d0216e7235b403229e92fd0743ede48fe7f1a2c6f45d594,"{""distance"":5,""physical_error_rate"":0.0005}","{""detection_events"":1145783,""detectors_checked"":522518528}"
   1273856,         0,         0,    22.7,exact_mw,cb12ae119b9b2ba18d0216e7235b403229e92fd0743ede48fe7f1a2c6f45d594,"{""distance"":5,""physical_error_rate"":0.0005}","{""detection_events"":628231,""detectors_checked"":285343744}"
    630784,         0,         0,    22.8,exact_mw,cdc4a450a40af8e24899239080e4c40992fb5baf91c5a31ab3a165eacb3a1ab3,"{""distance"":5,""physical_error_rate"":0.0002}","{""detection_events"":124516,""detectors_checked"":141295616}"
   1080320,         0,         0,    22.6,exact_mw,cdc4a450a40af8e24899239080e4c40992fb5baf91c5a31ab3a165eacb3a1ab3,"{""distance"":5,""physical_error_rate"":0.0002}","{""detection_events"":213242,""detectors_checked"":241991680}"
    195584,         8,         0,    22.9,exact_mw,3208f56225bbcac0e2804eb6f92d0a8b681652a702ca1ec920ccd7367f0e0899,"{""distance"":5,""physical_error_rate"":0.002}","{""detection_events"":381961,""detectors_checked"":43810816,""obs_mistake_mask=E"":8}"
   1653760,         0,         0,    22.7,exact_mw,f32ebecd8e105e50ec838d33c5ed9b45444b6b44a3c6ac541111079f2b14e893,"{""distance"":5,""physical_error_rate"":5e-05}","{""detection_events"":81138,""detectors_checked"":370442240}"
     92672,         6,         0,    45.2,exact_mw,3208f56225bbcac0e2804eb6f92d0a8b681652a702ca1ec920ccd7367f0e0899,"{""distance"":5,""physical_error_rate"":0.002}","{""detection_events"":181893,""detectors_checked"":20758528,""obs_mistake_mask=E"":6}"
    208896,         1,         0,    23.0,exact_mw,bb90ec3459e353008cf9a5bb9142bf1e8515517a9e167021b225104594e48e8a,"{""distance"":5,""physical_error_rate"":0.001}","{""detection_events"":203300,""detectors_checked"":46792704,""obs_mistake_mask=E"":1}"
    377856,        25,         0,    63.0,exact_mw,3208f56225bbcac0e2804eb6f92d0a8b681652a702ca1ec920ccd7367f0e0899,"{""distance"":5,""physical_error_rate"":0.002}","{""detection_events"":735848,""detectors_checked"":84639744,""obs_mistake_mask=E"":25}"
     95232,         5,         0,    23.0,exact_mw,3208f56225bbcac0e2804eb6f92d0a8b681652a702ca1ec920ccd7367f0e0899,"{""distance"":5,""physical_error_rate"":0.002}","{""detection_events"":185023,""detectors_checked"":21331968,""obs_mistake_mask=E"":5}"
     71680,         0,         0,    23.1,exact_mw,3208f56225bbcac0e2804eb6f92d0a8b681652a702ca1ec920ccd7367f0e0899,"{""distance"":5,""physical_error_rate"":0.002}","{""detection_events"":140406,""detectors_checked"":16056320}"
    779264,         0,         0,    22.7,exact_mw,70a969f5042aec17ac076c6379f4170fb7c69b8e925756ef3b7334e28a33338b,"{""distance"":5,""physical_error_rate"":0.0001}","{""detection_events"":77082,""detectors_checked"":174555136}"
   3907584,         1,         0,    62.3,exact_mw,cb12ae119b9b2ba18d0216e7235b403229e92fd0743ede48fe7f1a2c6f45d594,"{""distance"":5,""physical_error_rate"":0.0005}","{""detection_events"":1919611,""detectors_checked"":875298816,""obs_mistake_mask=E"":1}"
   1574912,         7,         0,    62.7,exact_mw,bb90ec3459e353008cf9a5bb9142bf1e8515517a9e167021b225104594e48e8a,"{""distance"":5,""physical_error_rate"":0.001}","{""detection_events"":1549140,""detectors_checked"":352780288,""obs_mistake_mask=E"":7}"
   1812480,         0,         0,    62.3,exact_mw,cdc4a450a40af8e24899239080e4c40992fb5baf91c5a31ab3a165eacb3a1ab3,"{""distance"":5,""physical_error_rate"":0.0002}","{""detection_events"":356851,""detectors_checked"":405995520}"
    622592,         0,         0,    22.7,exact_mw,cb12ae119b9b2ba18d0216e7235b403229e92fd0743ede48fe7f1a2c6f45d594,"{""distance"":5,""physical_error_rate"":0.0005}","{""detection_events"":307627,""detectors_checked"":139460608}"
   2071552,         0,         0,    22.8,exact_mw,70a969f5042aec17ac076c6379f4170fb7c69b8e925756ef3b7334e28a33338b,"{""distance"":5,""physical_error_rate"":0.0001}","{""detection_events"":204103,""detectors_checked"":464027648}"
     40960,         5,         0,    23.9,exact_mw,3208f56225bbcac0e2804eb6f92d0a8b681652a702ca1ec920ccd7367f0e0899,"{""distance"":5,""physical_error_rate"":0.002}","{""detection_events"":80331,""detectors_checked"":9175040,""obs_mistake_mask=E"":5}"
    720896,         0,         0,    22.9,exact_mw,f32ebecd8e105e50ec838d33c5ed9b45444b6b44a3c6ac541111079f2b14e893,"{""distance"":5,""physical_error_rate"":5e-05}","{""detection_events"":35177,""detectors_checked"":161480704}"
    233472,         7,         0,    63.4,exact_mw,3208f56225bbcac0e2804eb6f92d0a8b681652a702ca1ec920ccd7367f0e0899,"{""distance"":5,""physical_error_rate"":0.002}","{""detection_events"":454619,""detectors_checked"":52297728,""obs_mistake_mask=E"":7}"
    465920,         3,         0,    22.8,exact_mw,bb90ec3459e353008cf9a5bb9142bf1e8515517a9e167021b225104594e48e8a,"{""distance"":5,""physical_error_rate"":0.001}","{""detection_events"":456617,""detectors_checked"":104366080,""obs_mistake_mask=E"":3}"
    405504,         1,         0,    22.8,exact_mw,bb90ec3459e353008cf9a5bb9142bf1e8515517a9e167021b225104594e48e8a,"{""distance"":5,""physical_error_rate"":0.001}","{""detection_events"":398919,""detectors_checked"":90832896,""obs_mistake_mask=E"":1}"
   1004544,         5,         0,    31.9,exact_mw,bb90ec3459e353008cf9a5bb9142bf1e8515517a9e167021b225104594e48e8a,"{""distance"":5,""physical_error_rate"":0.001}","{""detection_events"":984845,""detectors_checked"":225017856,""obs_mistake_mask=E"":5}"
   2717696,         2,         0,    31.6,exact_mw,cb12ae119b9b2ba18d0216e7235b403229e92fd0743ede48fe7f1a2c6f45d594,"{""distance"":5,""physical_error_rate"":0.0005}","{""detection_events"":1334970,""detectors_checked"":608763904,""obs_mistake_mask=E"":2}"
   2615296,         0,         0,    31.9,exact_mw,cdc4a450a40af8e24899239080e4c40992fb5baf91c5a31ab3a165eacb3a1ab3,"{""distance"":5,""physical_error_rate"":0.0002}","{""detection_events"":516390,""detectors_checked"":585826304}"
   1445888,         1,         0,    31.7,exact_mw,cb12ae119b9b2ba18d0216e7235b403229e92fd0743ede48fe7f1a2c6f45d594,"{""distance"":5,""physical_error_rate"":0.0005}","{""detection_events"":711690,""detectors_checked"":323878912,""obs_mistake_mask=E"":1}"
    962560,         0,         0,    31.6,exact_mw,cdc4a450a40af8e24899239080e4c40992fb5baf91c5a31ab3a165eacb3a1ab3,"{""distance"":5,""physical_error_rate"":0.0002}","{""detection_events"":189596,""detectors_checked"":215613440}"
   1966080,         0,         0,    31.8,exact_mw,cdc4a450a40af8e24899239080e4c40992fb5baf91c5a31ab3a165eacb3a1ab3,"{""distance"":5,""physical_error_rate"":0.0002}","{""detection_events"":387552,""detectors_checked"":440401920}"
    100864,         3,         0,    32.1,exact_mw,3208f56225bbcac0e2804eb6f92d0a8b681652a702ca1ec920ccd7367f0e0899,"{""distance"":5,""physical_error_rate"":0.002}","{""detection_events"":198381,""detectors_checked"":22593536,""obs_mistake_mask=E"":3}"
   2314240,         0,         0,    31.7,exact_mw,f32ebecd8e105e50ec838d33c5ed9b45444b6b44a3c6ac541111079f2b14e893,"{""distance"":5,""physical_error_rate"":5e-05}","{""detection_events"":114077,""detectors_checked"":518389760}"
    283648,         3,         0,    32.1,exact_mw,bb90ec3459e353008cf9a5bb9142bf1e8515517a9e167021b225104594e48e8a,"{""distance"":5,""physical_error_rate"":0.001}","{""detection_events"":276823,""detectors_checked"":63537152,""obs_mistake_mask=E"":3}"
    104448,         4,         0,    32.4,exact_mw,3208f56225bbcac0e2804eb6f92d0a8b681652a702ca1ec920ccd7367f0e0899,"{""distance"":5,""physical_error_rate"":0.002}","{""detection_events"":203316,""detectors_checked"":23396352,""obs_mistake_mask=E"":4}"
   4182016,         0,         0,    87.1,exact_mw,cb12ae119b9b2ba18d0216e7235b403229e92fd0743ede48fe7f1a2c6f45d594,"{""distance"":5,""physical_error_rate"":0.0005}","{""detection_events"":2052694,""detectors_checked"":936771584}"
   1606656,        11,         0,    87.6,exact_mw,bb90ec3459e353008cf9a5bb9142bf1e8515517a9e167021b225104594e48e8a,"{""distance"":5,""physical_error_rate"":0.001}","{""detection_events"":1577634,""detectors_checked"":359890944,""obs_mistake_mask=E"":11}"
   3429376,         2,         0,    86.9,exact_mw,cb12ae119b9b2ba18d0216e7235b403229e92fd0743ede48fe7f1a2c6f45d594,"{""distance"":5,""physical_error_rate"":0.0005}","{""detection_events"":1692313,""detectors_checked"":768180224,""obs_mistake_mask=E"":2}"
    978944,         0,         0,    31.8,exact_mw,70a969f5042aec17ac076c6379f4170fb7c69b8e925756ef3b7334e28a33338b,"{""distance"":5,""physical_error_rate"":0.0001}","{""detection_events"":96320,""detectors_checked"":219283456}"
  15967232,         0,         0,    87.1,exact_mw,70a969f5042aec17ac076c6379f4170fb7c69b8e925756ef3b7334e28a33338b,"{""distance"":5,""physical_error_rate"":0.0001}","{""detection_events"":1573478,""detectors_checked"":3576659968}"
     79872,         2,         0,    32.6,exact_mw,3208f56225bbcac0e2804eb6f92d0a8b681652a702ca1ec920ccd7367f0e0899,"{""distance"":5,""physical_error_rate"":0.002}","{""detection_events"":155997,""detectors_checked"":17891328,""obs_mistake_mask=E"":2}"
      1024,         0,         0,   0.883,exact_mw,3208f56225bbcac0e2804eb6f92d0a8b681652a702ca1ec920ccd7367f0e0899,"{""distance"":5,""physical_error_rate"":0.002}","{""detection_events"":1914,""detectors_checked"":229376}"
     58368,         5,         0,    34.0,exact_mw,3208f56225bbcac0e2804eb6f92d0a8b681652a702ca1ec920ccd7367f0e0899,"{""distance"":5,""physical_error_rate"":0.002}","{""detection_events"":113981,""detectors_checked"":13074432,""obs_mistake_mask=E"":5}"
    366592,        27,         0,    71.7,exact_mw,3208f56225bbcac0e2804eb6f92d0a8b681652a702ca1ec920ccd7367f0e0899,"{""distance"":5,""physical_error_rate"":0.002}","{""detection_events"":718386,""detectors_checked"":82116608,""obs_mistake_mask=E"":27}"
    147456,         5,         0,    23.1,exact_mw,3208f56225bbcac0e2804eb6f92d0a8b681652a702ca1ec920ccd7367f0e0899,"{""distance"":5,""physical_error_rate"":0.002}","{""detection_events"":287900,""detectors_checked"":33030144,""obs_mistake_mask=E"":5}"
    147456,        13,         0,    72.7,exact_mw,3208f56225bbcac0e2804eb6f92d0a8b681652a702ca1ec920ccd7367f0e0899,"{""distance"":5,""physical_error_rate"":0.002}","{""detection_events"":287023,""detectors_checked"":33030144,""obs_mistake_mask=E"":13}"
    145408,         7,         0,    41.0,exact_mw,3208f56225bbcac0e2804eb6f92d0a8b681652a702ca1ec920ccd7367f0e0899,"{""distance"":5,""physical_error_rate"":0.002}","{""detection_events"":282751,""detectors_checked"":32571392,""obs_mistake_mask=E"":7}"
    329728,        17,         0,    82.9,exact_mw,3208f56225bbcac0e2804eb6f92d0a8b681652a702ca1ec920ccd7367f0e0899,"{""distance"":5,""physical_error_rate"":0.002}","{""detection_events"":645165,""detectors_checked"":73859072,""obs_mistake_mask=E"":17}"
   1208320,         4,         0,    87.6,exact_mw,bb90ec3459e353008cf9a5bb9142bf1e8515517a9e167021b225104594e48e8a,"{""distance"":5,""physical_error_rate"":0.001}","{""detection_events"":1184649,""detectors_checked"":270663680,""obs_mistake_mask=E"":4}"
    353280,        17,         0,    81.6,exact_mw,3208f56225bbcac0e2804eb6f92d0a8b681652a702ca1ec920ccd7367f0e0899,"{""distance"":5,""physical_error_rate"":0.002}","{""detection_events"":693022,""detectors_checked"":79134720,""obs_mistake_mask=E"":17}"
    285696,        19,         0,    78.1,exact_mw,3208f56225bbcac0e2804eb6f92d0a8b681652a702ca1ec920ccd7367f0e0899,"{""distance"":5,""physical_error_rate"":0.002}","{""detection_events"":557661,""detectors_checked"":63995904,""obs_mistake_mask=E"":19}"
    348160,        15,         0,    80.3,exact_mw,3208f56225bbcac0e2804eb6f92d0a8b681652a702ca1ec920ccd7367f0e0899,"{""distance"":5,""physical_error_rate"":0.002}","{""detection_events"":678165,""detectors_checked"":77987840,""obs_mistake_mask=E"":15}"
     11264,         1,         0,    2.80,exact_mw,3208f56225bbcac0e2804eb6f92d0a8b681652a702ca1ec920ccd7367f0e0899,"{""distance"":5,""physical_error_rate"":0.002}","{""detection_events"":22276,""detectors_checked"":2523136,""obs_mistake_mask=E"":1}"
    314368,        16,         0,    80.2,exact_mw,3208f56225bbcac0e2804eb6f92d0a8b681652a702ca1ec920ccd7367f0e0899,"{""distance"":5,""physical_error_rate"":0.002}","{""detection_events"":615921,""detectors_checked"":70418432,""obs_mistake_mask=E"":16}"
    163840,         6,         0,    33.9,exact_mw,3208f56225bbcac0e2804eb6f92d0a8b681652a702ca1ec920ccd7367f0e0899,"{""distance"":5,""physical_error_rate"":0.002}","{""detection_events"":318874,""detectors_checked"":36700160,""obs_mistake_mask=E"":6}"
    166912,         8,         0,    83.6,exact_mw,3208f56225bbcac0e2804eb6f92d0a8b681652a702ca1ec920ccd7367f0e0899,"{""distance"":5,""physical_error_rate"":0.002}","{""detection_events"":326020,""detectors_checked"":37388288,""obs_mistake_mask=E"":8}"
     93184,         3,         0,    25.9,exact_mw,3208f56225bbcac0e2804eb6f92d0a8b681652a702ca1ec920ccd7367f0e0899,"{""distance"":5,""physical_error_rate"":0.002}","{""detection_events"":182209,""detectors_checked"":20873216,""obs_mistake_mask=E"":3}"
    328704,        15,         0,    80.4,exact_mw,3208f56225bbcac0e2804eb6f92d0a8b681652a702ca1ec920ccd7367f0e0899,"{""distance"":5,""physical_error_rate"":0.002}","{""detection_events"":642226,""detectors_checked"":73629696,""obs_mistake_mask=E"":15}"
    346112,        24,         0,    83.2,exact_mw,3208f56225bbcac0e2804eb6f92d0a8b681652a702ca1ec920ccd7367f0e0899,"{""distance"":5,""physical_error_rate"":0.002}","{""detection_events"":675087,""detectors_checked"":77529088,""obs_mistake_mask=E"":24}"
   4856832,         0,         0,    87.2,exact_mw,cdc4a450a40af8e24899239080e4c40992fb5baf91c5a31ab3a165eacb3a1ab3,"{""distance"":5,""physical_error_rate"":0.0002}","{""detection_events"":959397,""detectors_checked"":1087930368}"
    151040,        12,         0,    81.9,exact_mw,3208f56225bbcac0e2804eb6f92d0a8b681652a702ca1ec920ccd7367f0e0899,"{""distance"":5,""physical_error_rate"":0.002}","{""detection_events"":293868,""detectors_checked"":33832960,""obs_mistake_mask=E"":12}"
    122880,         8,         0,    68.5,exact_mw,3208f56225bbcac0e2804eb6f92d0a8b681652a702ca1ec920ccd7367f0e0899,"{""distance"":5,""physical_error_rate"":0.002}","{""detection_events"":241557,""detectors_checked"":27525120,""obs_mistake_mask=E"":8}"
     98304,         7,         0,    71.3,exact_mw,3208f56225bbcac0e2804eb6f92d0a8b681652a702ca1ec920ccd7367f0e0899,"{""distance"":5,""physical_error_rate"":0.002}","{""detection_events"":191789,""detectors_checked"":22020096,""obs_mistake_mask=E"":7}"
    152064,         5,         0,    60.4,exact_mw,3208f56225bbcac0e2804eb6f92d0a8b681652a702ca1ec920ccd7367f0e0899,"{""distance"":5,""physical_error_rate"":0.002}","{""detection_events"":295334,""detectors_checked"":34062336,""obs_mistake_mask=E"":5}"
      1024,         0,         0,   0.906,exact_mw,3208f56225bbcac0e2804eb6f92d0a8b681652a702ca1ec920ccd7367f0e0899,"{""distance"":5,""physical_error_rate"":0.002}","{""detection_events"":1872,""detectors_checked"":229376}"
  17404928,         0,         0,    87.2,exact_mw,f32ebecd8e105e50ec838d33c5ed9b45444b6b44a3c6ac541111079f2b14e893,"{""distance"":5,""physical_error_rate"":5e-05}","{""detection_events"":859564,""detectors_checked"":3898703872}"
   6379520,         0,         0,    87.4,exact_mw,70a969f5042aec17ac076c6379f4170fb7c69b8e925756ef3b7334e28a33338b,"{""distance"":5,""physical_error_rate"":0.0001}","{""detection_events"":628724,""detectors_checked"":1429012480}"
   4253696,         2,         0,    87.0,exact_mw,cb12ae119b9b2ba18d0216e7235b403229e92fd0743ede48fe7f1a2c6f45d594,"{""distance"":5,""physical_error_rate"":0.0005}","{""detection_events"":2096011,""detectors_checked"":952827904,""obs_mistake_mask=E"":2}"
   4383744,         5,         0,    87.1,exact_mw,cb12ae119b9b2ba18d0216e7235b403229e92fd0743ede48fe7f1a2c6f45d594,"{""distance"":5,""physical_error_rate"":0.0005}","{""detection_events"":2156838,""detectors_checked"":981958656,""obs_mistake_mask=E"":5}"
   5008384,         0,         0,    87.2,exact_mw,f32ebecd8e105e50ec838d33c5ed9b45444b6b44a3c6ac541111079f2b14e893,"{""distance"":5,""physical_error_rate"":5e-05}","{""detection_events"":247770,""detectors_checked"":1121878016}"
   7108608,         0,         0,    87.2,exact_mw,70a969f5042aec17ac076c6379f4170fb7c69b8e925756ef3b7334e28a33338b,"{""distance"":5,""physical_error_rate"":0.0001}","{""detection_events"":701297,""detectors_checked"":1592328192}"
   6645760,         0,         0,    87.1,exact_mw,70a969f5042aec17ac076c6379f4170fb7c69b8e925756ef3b7334e28a33338b,"{""distance"":5,""physical_error_rate"":0.0001}","{""detection_events"":653986,""detectors_checked"":1488650240}"
  14698496,         1,         0,    86.5,exact_mw,cdc4a450a40af8e24899239080e4c40992fb5baf91c5a31ab3a165eacb3a1ab3,"{""distance"":5,""physical_error_rate"":0.0002}","{""detection_events"":2903960,""detectors_checked"":3292463104,""obs_mistake_mask=E"":1}"
   4944896,         0,         0,    87.3,exact_mw,70a969f5042aec17ac076c6379f4170fb7c69b8e925756ef3b7334e28a33338b,"{""distance"":5,""physical_error_rate"":0.0001}","{""detection_events"":487879,""detectors_checked"":1107656704}"
   1825792,         2,         0,    31.8,exact_mw,cb12ae119b9b2ba18d0216e7235b403229e92fd0743ede48fe7f1a2c6f45d594,"{""distance"":5,""physical_error_rate"":0.0005}","{""detection_events"":897863,""detectors_checked"":408977408,""obs_mistake_mask=E"":2}"
   2521088,         0,         0,    87.2,exact_mw,70a969f5042aec17ac076c6379f4170fb7c69b8e925756ef3b7334e28a33338b,"{""distance"":5,""physical_error_rate"":0.0001}","{""detection_events"":249401,""detectors_checked"":564723712}"
  15465472,         0,         0,    87.2,exact_mw,f32ebecd8e105e50ec838d33c5ed9b45444b6b44a3c6ac541111079f2b14e893,"{""distance"":5,""physical_error_rate"":5e-05}","{""detection_events"":762837,""detectors_checked"":3464265728}"
   6838272,         0,         0,    87.2,exact_mw,70a969f5042aec17ac076c6379f4170fb7c69b8e925756ef3b7334e28a33338b,"{""distance"":5,""physical_error_rate"":0.0001}","{""detection_events"":675757,""detectors_checked"":1531772928}"
   1041408,         6,         0,    87.7,exact_mw,bb90ec3459e353008cf9a5bb9142bf1e8515517a9e167021b225104594e48e8a,"{""distance"":5,""physical_error_rate"":0.001}","{""detection_events"":1023952,""detectors_checked"":233275392,""obs_mistake_mask=E"":6}"
   6521856,         0,         0,    87.1,exact_mw,f32ebecd8e105e50ec838d33c5ed9b45444b6b44a3c6ac541111079f2b14e893,"{""distance"":5,""physical_error_rate"":5e-05}","{""detection_events"":322482,""detectors_checked"":1460895744}"
         1,         0,         0,   0.000,exact_mw,f32ebecd8e105e50ec838d33c5ed9b45444b6b44a3c6ac541111079f2b14e893,"{""distance"":5,""physical_error_rate"":5e-05}","{""detectors_checked"":224}"
   1856512,        12,         0,    87.5,exact_mw,bb90ec3459e353008cf9a5bb9142bf1e8515517a9e167021b225104594e48e8a,"{""distance"":5,""physical_error_rate"":0.001}","{""detection_events"":1818619,""detectors_checked"":415858688,""obs_mistake_mask=E"":12}"
      2320,         0,         0,   0.025,exact_mw,f32ebecd8e105e50ec838d33c5ed9b45444b6b44a3c6ac541111079f2b14e893,"{""distance"":5,""physical_error_rate"":5e-05}","{""detection_events"":142,""detectors_checked"":519680}"
      4096,         0,         0,   0.024,exact_mw,f32ebecd8e105e50ec838d33c5ed9b45444b6b44a3c6ac541111079f2b14e893,"{""distance"":5,""physical_error_rate"":5e-05}","{""detection_events"":202,""detectors_checked"":917504}"
   4142080,        28,         0,    87.6,exact_mw,bb90ec3459e353008cf9a5bb9142bf1e8515517a9e167021b225104594e48e8a,"{""distance"":5,""physical_error_rate"":0.001}","{""detection_events"":4064323,""detectors_checked"":927825920,""obs_mistake_mask=E"":28}"
      4096,         0,         0,   0.029,exact_mw,f32ebecd8e105e50ec838d33c5ed9b45444b6b44a3c6ac541111079f2b14e893,"{""distance"":5,""physical_error_rate"":5e-05}","{""detection_events"":231,""detectors_checked"":917504}"
   3734528,         0,         0,    87.5,exact_mw,f32ebecd8e105e50ec838d33c5ed9b45444b6b44a3c6ac541111079f2b14e893,"{""distance"":5,""physical_error_rate"":5e-05}","{""detection_events"":182381,""detectors_checked"":836534272}"
      6144,         0,         0,   0.048,exact_mw,f32ebecd8e105e50ec838d33c5ed9b45444b6b44a3c6ac541111079f2b14e893,"{""distance"":5,""physical_error_rate"":5e-05}","{""detection_events"":324,""detectors_checked"":1376256}"
       273,         0,         0,   0.001,exact_mw,cdc4a450a40af8e24899239080e4c40992fb5baf91c5a31ab3a165eacb3a1ab3,"{""distance"":5,""physical_error_rate"":0.0002}","{""detection_events"":39,""detectors_checked"":61152}"
      7168,         0,         0,   0.055,exact_mw,f32ebecd8e105e50ec838d33c5ed9b45444b6b44a3c6ac541111079f2b14e893,"{""distance"":5,""physical_error_rate"":5e-05}","{""detection_events"":351,""detectors_checked"":1605632}"
      2048,         0,         0,   0.020,exact_mw,cdc4a450a40af8e24899239080e4c40992fb5baf91c5a31ab3a165eacb3a1ab3,"{""distance"":5,""physical_error_rate"":0.0002}","{""detection_events"":403,""detectors_checked"":458752}"
   6254592,         0,         0,    87.1,exact_mw,cdc4a450a40af8e24899239080e4c40992fb5baf91c5a31ab3a165eacb3a1ab3,"{""distance"":5,""physical_error_rate"":0.0002}","{""detection_events"":1233136,""detectors_checked"":1401028608}"
      3072,         0,         0,   0.031,exact_mw,cdc4a450a40af8e24899239080e4c40992fb5baf91c5a31ab3a165eacb3a1ab3,"{""distance"":5,""physical_error_rate"":0.0002}","{""detection_events"":603,""detectors_checked"":688128}"
      7168,         0,         0,   0.072,exact_mw,f32ebecd8e105e50ec838d33c5ed9b45444b6b44a3c6ac541111079f2b14e893,"{""distance"":5,""physical_error_rate"":5e-05}","{""detection_events"":350,""detectors_checked"":1605632}"
   2997248,         0,         0,    87.1,exact_mw,cdc4a450a40af8e24899239080e4c40992fb5baf91c5a31ab3a165eacb3a1ab3,"{""distance"":5,""physical_error_rate"":0.0002}","{""detection_events"":588881,""detectors_checked"":671383552}"
      3072,         0,         0,   0.030,exact_mw,cdc4a450a40af8e24899239080e4c40992fb5baf91c5a31ab3a165eacb3a1ab3,"{""distance"":5,""physical_error_rate"":0.0002}","{""detection_events"":601,""detectors_checked"":688128}"
       273,         0,         0,   0.001,exact_mw,70a969f5042aec17ac076c6379f4170fb7c69b8e925756ef3b7334e28a33338b,"{""distance"":5,""physical_error_rate"":0.0001}","{""detection_events"":27,""detectors_checked"":61152}"
      3345,         0,         0,   0.028,exact_mw,70a969f5042aec17ac076c6379f4170fb7c69b8e925756ef3b7334e28a33338b,"{""distance"":5,""physical_error_rate"":0.0001}","{""detection_events"":308,""detectors_checked"":749280}"
      1024,         0,         0,   0.003,exact_mw,70a969f5042aec17ac076c6379f4170fb7c69b8e925756ef3b7334e28a33338b,"{""distance"":5,""physical_error_rate"":0.0001}","{""detection_events"":97,""detectors_checked"":229376}"
      1024,         0,         0,   0.003,exact_mw,70a969f5042aec17ac076c6379f4170fb7c69b8e925756ef3b7334e28a33338b,"{""distance"":5,""physical_error_rate"":0.0001}","{""detection_events"":94,""detectors_checked"":229376}"
      3072,         0,         0,   0.030,exact_mw,cdc4a450a40af8e24899239080e4c40992fb5baf91c5a31ab3a165eacb3a1ab3,"{""distance"":5,""physical_error_rate"":0.0002}","{""detection_events"":603,""detectors_checked"":688128}"
      4096,         0,         0,   0.030,exact_mw,70a969f5042aec17ac076c6379f4170fb7c69b8e925756ef3b7334e28a33338b,"{""distance"":5,""physical_error_rate"":0.0001}","{""detection_events"":377,""detectors_checked"":917504}"
      5120,         0,         0,   0.033,exact_mw,70a969f5042aec17ac076c6379f4170fb7c69b8e925756ef3b7334e28a33338b,"{""distance"":5,""physical_error_rate"":0.0001}","{""detection_events"":528,""detectors_checked"":1146880}"
      4096,         0,         0,   0.029,exact_mw,70a969f5042aec17ac076c6379f4170fb7c69b8e925756ef3b7334e28a33338b,"{""distance"":5,""physical_error_rate"":0.0001}","{""detection_events"":346,""detectors_checked"":917504}"
      2048,         0,         0,   0.027,exact_mw,70a969f5042aec17ac076c6379f4170fb7c69b8e925756ef3b7334e28a33338b,"{""distance"":5,""physical_error_rate"":0.0001}","{""detection_events"":211,""detectors_checked"":458752}"
     11264,         0,         0,   0.106,exact_mw,f32ebecd8e105e50ec838d33c5ed9b45444b6b44a3c6ac541111079f2b14e893,"{""distance"":5,""physical_error_rate"":5e-05}","{""detection_events"":587,""detectors_checked"":2523136}"
   3087360,         0,         0,    87.5,exact_mw,cdc4a450a40af8e24899239080e4c40992fb5baf91c5a31ab3a165eacb3a1ab3,"{""distance"":5,""physical_error_rate"":0.0002}","{""detection_events"":607828,""detectors_checked"":691568640}"
      4096,         0,         0,   0.054,exact_mw,cdc4a450a40af8e24899239080e4c40992fb5baf91c5a31ab3a165eacb3a1ab3,"{""distance"":5,""physical_error_rate"":0.0002}","{""detection_events"":871,""detectors_checked"":917504}"
   1055744,        11,         0,    87.5,exact_mw,bb90ec3459e353008cf9a5bb9142bf1e8515517a9e167021b225104594e48e8a,"{""distance"":5,""physical_error_rate"":0.001}","{""detection_events"":1038023,""detectors_checked"":236486656,""obs_mistake_mask=E"":11}"
   4997120,         1,         0,    87.2,exact_mw,cb12ae119b9b2ba18d0216e7235b403229e92fd0743ede48fe7f1a2c6f45d594,"{""distance"":5,""physical_error_rate"":0.0005}","{""detection_events"":2455060,""detectors_checked"":1119354880,""obs_mistake_mask=E"":1}"
      6144,         0,         0,   0.051,exact_mw,70a969f5042aec17ac076c6379f4170fb7c69b8e925756ef3b7334e28a33338b,"{""distance"":5,""physical_error_rate"":0.0001}","{""detection_events"":602,""detectors_checked"":1376256}"
      5120,         0,         0,   0.056,exact_mw,70a969f5042aec17ac076c6379f4170fb7c69b8e925756ef3b7334e28a33338b,"{""distance"":5,""physical_error_rate"":0.0001}","{""detection_events"":560,""detectors_checked"":1146880}"
      7168,         0,         0,   0.084,exact_mw,cdc4a450a40af8e24899239080e4c40992fb5baf91c5a31ab3a165eacb3a1ab3,"{""distance"":5,""physical_error_rate"":0.0002}","{""detection_events"":1469,""detectors_checked"":1605632}"
   6364160,         0,         0,    87.0,exact_mw,cdc4a450a40af8e24899239080e4c40992fb5baf91c5a31ab3a165eacb3a1ab3,"{""distance"":5,""physical_error_rate"":0.0002}","{""detection_events"":1253240,""detectors_checked"":1425571840}"
      5120,         0,         0,   0.056,exact_mw,70a969f5042aec17ac076c6379f4170fb7c69b8e925756ef3b7334e28a33338b,"{""distance"":5,""physical_error_rate"":0.0001}","{""detection_events"":509,""detectors_checked"":1146880}"
      8192,         0,         0,   0.073,exact_mw,70a969f5042aec17ac076c6379f4170fb7c69b8e925756ef3b7334e28a33338b,"{""distance"":5,""physical_error_rate"":0.0001}","{""detection_events"":831,""detectors_checked"":1835008}"
     14336,         0,         0,   0.144,exact_mw,f32ebecd8e105e50ec838d33c5ed9b45444b6b44a3c6ac541111079f2b14e893,"{""distance"":5,""physical_error_rate"":5e-05}","{""detection_events"":787,""detectors_checked"":3211264}"
      7168,         0,         0,   0.083,exact_mw,70a969f5042aec17ac076c6379f4170fb7c69b8e925756ef3b7334e28a33338b,"{""distance"":5,""physical_error_rate"":0.0001}","{""detection_events"":737,""detectors_checked"":1605632}"
   2766848,         0,         0,    87.4,exact_mw,f32ebecd8e105e50ec838d33c5ed9b45444b6b44a3c6ac541111079f2b14e893,"{""distance"":5,""physical_error_rate"":5e-05}","{""detection_events"":136558,""detectors_checked"":619773952}"
      9216,         0,         0,   0.079,exact_mw,70a969f5042aec17ac076c6379f4170fb7c69b8e925756ef3b7334e28a33338b,"{""distance"":5,""physical_error_rate"":0.0001}","{""detection_events"":903,""detectors_checked"":2064384}"
   4701184,         1,         0,    87.1,exact_mw,cb12ae119b9b2ba18d0216e7235b403229e92fd0743ede48fe7f1a2c6f45d594,"{""distance"":5,""physical_error_rate"":0.0005}","{""detection_events"":2319702,""detectors_checked"":1053065216,""obs_mistake_mask=E"":1}"
   2065408,         0,         0,    87.1,exact_mw,cdc4a450a40af8e24899239080e4c40992fb5baf91c5a31ab3a165eacb3a1ab3,"{""distance"":5,""physical_error_rate"":0.0002}","{""detection_events"":405716,""detectors_checked"":462651392}"
      9216,         0,         0,   0.110,exact_mw,cdc4a450a40af8e24899239080e4c40992fb5baf91c5a31ab3a165eacb3a1ab3,"{""distance"":5,""physical_error_rate"":0.0002}","{""detection_events"":1851,""detectors_checked"":2064384}"
   1876992,        10,         0,    87.7,exact_mw,bb90ec3459e353008cf9a5bb9142bf1e8515517a9e167021b225104594e48e8a,"{""distance"":5,""physical_error_rate"":0.001}","{""detection_events"":1843751,""detectors_checked"":420446208,""obs_mistake_mask=E"":10}"
     10240,         0,         0,   0.112,exact_mw,70a969f5042aec17ac076c6379f4170fb7c69b8e925756ef3b7334e28a33338b,"{""distance"":5,""physical_error_rate"":0.0001}","{""detection_events"":1033,""detectors_checked"":2293760}"
     13312,         0,         0,   0.108,exact_mw,70a969f5042aec17ac076c6379f4170fb7c69b8e925756ef3b7334e28a33338b,"{""distance"":5,""physical_error_rate"":0.0001}","{""detection_events"":1369,""detectors_checked"":2981888}"
     14336,         0,         0,   0.168,exact_mw,cdc4a450a40af8e24899239080e4c40992fb5baf91c5a31ab3a165eacb3a1ab3,"{""distance"":5,""physical_error_rate"":0.0002}","{""detection_events"":2823,""detectors_checked"":3211264}"
     19456,         0,         0,   0.222,exact_mw,f32ebecd8e105e50ec838d33c5ed9b45444b6b44a3c6ac541111079f2b14e893,"{""distance"":5,""physical_error_rate"":5e-05}","{""detection_events"":988,""detectors_checked"":4358144}"
     19456,         0,         0,   0.161,exact_mw,70a969f5042aec17ac076c6379f4170fb7c69b8e925756ef3b7334e28a33338b,"{""distance"":5,""physical_error_rate"":0.0001}","{""detection_events"":1799,""detectors_checked"":4358144}"
     14336,         0,         0,   0.166,exact_mw,70a969f5042aec17ac076c6379f4170fb7c69b8e925756ef3b7334e28a33338b,"{""distance"":5,""physical_error_rate"":0.0001}","{""detection_events"":1511,""detectors_checked"":3211264}"
   4877312,         0,         0,    87.2,exact_mw,cb12ae119b9b2ba18d0216e7235b403229e92fd0743ede48fe7f1a2c6f45d594,"{""distance"":5,""physical_error_rate"":0.0005}","{""detection_events"":2403709,""detectors_checked"":1092517888}"
      1297,         0,         0,   0.026,exact_mw,bb90ec3459e353008cf9a5bb9142bf1e8515517a9e167021b225104594e48e8a,"{""distance"":5,""physical_error_rate"":0.001}","{""detection_events"":1322,""detectors_checked"":290528}"
      1024,         0,         0,   0.018,exact_mw,bb90ec3459e353008cf9a5bb9142bf1e8515517a9e167021b225104594e48e8a,"{""distance"":5,""physical_error_rate"":0.001}","{""detection_events"":1010,""detectors_checked"":229376}"
      1024,         0,         0,   0.028,exact_mw,bb90ec3459e353008cf9a5bb9142bf1e8515517a9e167021b225104594e48e8a,"{""distance"":5,""physical_error_rate"":0.001}","{""detection_events"":1021,""detectors_checked"":229376}"
     18432,         0,         0,   0.218,exact_mw,cdc4a450a40af8e24899239080e4c40992fb5baf91c5a31ab3a165eacb3a1ab3,"{""distance"":5,""physical_error_rate"":0.0002}","{""detection_events"":3790,""detectors_checked"":4128768}"
      2048,         0,         0,   0.030,exact_mw,bb90ec3459e353008cf9a5bb9142bf1e8515517a9e167021b225104594e48e8a,"{""distance"":5,""physical_error_rate"":0.001}","{""detection_events"":1810,""detectors_checked"":458752}"
      2048,         0,         0,   0.037,exact_mw,bb90ec3459e353008cf9a5bb9142bf1e8515517a9e167021b225104594e48e8a,"{""distance"":5,""physical_error_rate"":0.001}","{""detection_events"":2012,""detectors_checked"":458752}"
     25600,         0,         0,   0.207,exact_mw,70a969f5042aec17ac076c6379f4170fb7c69b8e925756ef3b7334e28a33338b,"{""distance"":5,""physical_error_rate"":0.0001}","{""detection_events"":2574,""detectors_checked"":5734400}"
     25600,         0,         0,   0.294,exact_mw,f32ebecd8e105e50ec838d33c5ed9b45444b6b44a3c6ac541111079f2b14e893,"{""distance"":5,""physical_error_rate"":5e-05}","{""detection_events"":1233,""detectors_checked"":5734400}"
     20480,         0,         0,   0.224,exact_mw,70a969f5042aec17ac076c6379f4170fb7c69b8e925756ef3b7334e28a33338b,"{""distance"":5,""physical_error_rate"":0.0001}","{""detection_events"":2138,""detectors_checked"":4587520}"
      2048,         1,         0,   0.053,exact_mw,bb90ec3459e353008cf9a5bb9142bf1e8515517a9e167021b225104594e48e8a,"{""distance"":5,""physical_error_rate"":0.001}","{""detection_events"":2003,""detectors_checked"":458752,""obs_mistake_mask=E"":1}"
      3072,         0,         0,   0.087,exact_mw,bb90ec3459e353008cf9a5bb9142bf1e8515517a9e167021b225104594e48e8a,"{""distance"":5,""physical_error_rate"":0.001}","{""detection_events"":3031,""detectors_checked"":688128}"
     25600,         0,         0,   0.308,exact_mw,cdc4a450a40af8e24899239080e4c40992fb5baf91c5a31ab3a165eacb3a1ab3,"{""distance"":5,""physical_error_rate"":0.0002}","{""detection_events"":5136,""detectors_checked"":5734400}"
        17,         0,         0,   0.021,exact_mw,cdc4a450a40af8e24899239080e4c40992fb5baf91c5a31ab3a165eacb3a1ab3,"{""distance"":5,""physical_error_rate"":0.0002}","{""detection_events"":2,""detectors_checked"":3808}"
     32768,         0,         0,   0.294,exact_mw,70a969f5042aec17ac076c6379f4170fb7c69b8e925756ef3b7334e28a33338b,"{""distance"":5,""physical_error_rate"":0.0001}","{""detection_events"":3236,""detectors_checked"":7340032}"
      3072,         0,         0,   0.155,exact_mw,bb90ec3459e353008cf9a5bb9142bf1e8515517a9e167021b225104594e48e8a,"{""distance"":5,""physical_error_rate"":0.001}","{""detection_events"":3030,""detectors_checked"":688128}"
      3328,         0,         0,   0.030,exact_mw,cdc4a450a40af8e24899239080e4c40992fb5baf91c5a31ab3a165eacb3a1ab3,"{""distance"":5,""physical_error_rate"":0.0002}","{""detection_events"":613,""detectors_checked"":745472}"
     28672,         0,         0,   0.306,exact_mw,70a969f5042aec17ac076c6379f4170fb7c69b8e925756ef3b7334e28a33338b,"{""distance"":5,""physical_error_rate"":0.0001}","{""detection_events"":2917,""detectors_checked"":6422528}"
      2048,         0,         0,   0.027,exact_mw,cdc4a450a40af8e24899239080e4c40992fb5baf91c5a31ab3a165eacb3a1ab3,"{""distance"":5,""physical_error_rate"":0.0002}","{""detection_events"":390,""detectors_checked"":458752}"
      3072,         0,         0,   0.029,exact_mw,cdc4a450a40af8e24899239080e4c40992fb5baf91c5a31ab3a165eacb3a1ab3,"{""distance"":5,""physical_error_rate"":0.0002}","{""detection_events"":582,""detectors_checked"":688128}"
      4096,         0,         0,   0.055,exact_mw,cdc4a450a40af8e24899239080e4c40992fb5baf91c5a31ab3a165eacb3a1ab3,"{""distance"":5,""physical_error_rate"":0.0002}","{""detection_events"":797,""detectors_checked"":917504}"
     37888,         0,         0,   0.419,exact_mw,f32ebecd8e105e50ec838d33c5ed9b45444b6b44a3c6ac541111079f2b14e893,"{""distance"":5,""physical_error_rate"":5e-05}","{""detection_events"":1868,""detectors_checked"":8486912}"
      5120,         0,         0,   0.056,exact_mw,cdc4a450a40af8e24899239080e4c40992fb5baf91c5a31ab3a165eacb3a1ab3,"{""distance"":5,""physical_error_rate"":0.0002}","{""detection_events"":983,""detectors_checked"":1146880}"
      6144,         0,         0,   0.189,exact_mw,bb90ec3459e353008cf9a5bb9142bf1e8515517a9e167021b225104594e48e8a,"{""distance"":5,""physical_error_rate"":0.001}","{""detection_events"":5914,""detectors_checked"":1376256}"
       273,         0,         0,   0.022,exact_mw,f32ebecd8e105e50ec838d33c5ed9b45444b6b44a3c6ac541111079f2b14e893,"{""distance"":5,""physical_error_rate"":5e-05}","{""detection_events"":14,""detectors_checked"":61152}"
      7168,         0,         0,   0.082,exact_mw,cdc4a450a40af8e24899239080e4c40992fb5baf91c5a31ab3a165eacb3a1ab3,"{""distance"":5,""physical_error_rate"":0.0002}","{""detection_events"":1369,""detectors_checked"":1605632}"
      3072,         0,         0,   0.030,exact_mw,f32ebecd8e105e50ec838d33c5ed9b45444b6b44a3c6ac541111079f2b14e893,"{""distance"":5,""physical_error_rate"":5e-05}","{""detection_events"":167,""detectors_checked"":688128}"
      2048,         0,         0,   0.027,exact_mw,f32ebecd8e105e50ec838d33c5ed9b45444b6b44a3c6ac541111079f2b14e893,"{""distance"":5,""physical_error_rate"":5e-05}","{""detection_events"":85,""detectors_checked"":458752}"
      3072,         0,         0,   0.029,exact_mw,f32ebecd8e105e50ec838d33c5ed9b45444b6b44a3c6ac541111079f2b14e893,"{""distance"":5,""physical_error_rate"":5e-05}","{""detection_events"":151,""detectors_checked"":688128}"
     34816,         0,         0,   0.417,exact_mw,cdc4a450a40af8e24899239080e4c40992fb5baf91c5a31ab3a165eacb3a1ab3,"{""distance"":5,""physical_error_rate"":0.0002}","{""detection_events"":6930,""detectors_checked"":7798784}"
      1297,         0,         0,   0.026,exact_mw,cb12ae119b9b2ba18d0216e7235b403229e92fd0743ede48fe7f1a2c6f45d594,"{""distance"":5,""physical_error_rate"":0.0005}","{""detection_events"":616,""detectors_checked"":290528}"
      1024,         0,         0,   0.025,exact_mw,cb12ae119b9b2ba18d0216e7235b403229e92fd0743ede48fe7f1a2c6f45d594,"{""distance"":5,""physical_error_rate"":0.0005}","{""detection_events"":533,""detectors_checked"":229376}"
     10240,         0,         0,   0.113,exact_mw,cdc4a450a40af8e24899239080e4c40992fb5baf91c5a31ab3a165eacb3a1ab3,"{""distance"":5,""physical_error_rate"":0.0002}","{""detection_events"":1962,""detectors_checked"":2293760}"
      4096,         0,         0,   0.053,exact_mw,f32ebecd8e105e50ec838d33c5ed9b45444b6b44a3c6ac541111079f2b14e893,"{""distance"":5,""physical_error_rate"":5e-05}","{""detection_events"":203,""detectors_checked"":917504}"
      2048,         0,         0,   0.030,exact_mw,cb12ae119b9b2ba18d0216e7235b403229e92fd0743ede48fe7f1a2c6f45d594,"{""distance"":5,""physical_error_rate"":0.0005}","{""detection_events"":1044,""detectors_checked"":458752}"
     46080,         0,         0,   0.385,exact_mw,70a969f5042aec17ac076c6379f4170fb7c69b8e925756ef3b7334e28a33338b,"{""distance"":5,""physical_error_rate"":0.0001}","{""detection_events"":4655,""detectors_checked"":10321920}"
      6144,         0,         0,   0.220,exact_mw,bb90ec3459e353008cf9a5bb9142bf1e8515517a9e167021b225104594e48e8a,"{""distance"":5,""physical_error_rate"":0.001}","{""detection_events"":6002,""detectors_checked"":1376256}"
      2048,         0,         0,   0.029,exact_mw,cb12ae119b9b2ba18d0216e7235b403229e92fd0743ede48fe7f1a2c6f45d594,"{""distance"":5,""physical_error_rate"":0.0005}","{""detection_events"":1150,""detectors_checked"":458752}"
     38912,         0,         0,   0.398,exact_mw,70a969f5042aec17ac076c6379f4170fb7c69b8e925756ef3b7334e28a33338b,"{""distance"":5,""physical_error_rate"":0.0001}","{""detection_events"":3855,""detectors_checked"":8716288}"
      5120,         0,         0,   0.056,exact_mw,f32ebecd8e105e50ec838d33c5ed9b45444b6b44a3c6ac541111079f2b14e893,"{""distance"":5,""physical_error_rate"":5e-05}","{""detection_events"":274,""detectors_checked"":1146880}"
      3072,         0,         0,   0.055,exact_mw,cb12ae119b9b2ba18d0216e7235b403229e92fd0743ede48fe7f1a2c6f45d594,"{""distance"":5,""physical_error_rate"":0.0005}","{""detection_events"":1535,""detectors_checked"":688128}"
   1950720,         8,         0,    87.6,exact_mw,bb90ec3459e353008cf9a5bb9142bf1e8515517a9e167021b225104594e48e8a,"{""distance"":5,""physical_error_rate"":0.001}","{""detection_events"":1914880,""detectors_checked"":436961280,""obs_mistake_mask=E"":8}"
      8192,         0,         0,   0.088,exact_mw,f32ebecd8e105e50ec838d33c5ed9b45444b6b44a3c6ac541111079f2b14e893,"{""distance"":5,""physical_error_rate"":5e-05}","{""detection_events"":439,""detectors_checked"":1835008}"
      3072,         0,         0,   0.058,exact_mw,cb12ae119b9b2ba18d0216e7235b403229e92fd0743ede48fe7f1a2c6f45d594,"{""distance"":5,""physical_error_rate"":0.0005}","{""detection_events"":1524,""detectors_checked"":688128}"
     14336,         0,         0,   0.167,exact_mw,cdc4a450a40af8e24899239080e4c40992fb5baf91c5a31ab3a165eacb3a1ab3,"{""distance"":5,""physical_error_rate"":0.0002}","{""detection_events"":2739,""detectors_checked"":3211264}"
      5120,         0,         0,   0.081,exact_mw,cb12ae119b9b2ba18d0216e7235b403229e92fd0743ede48fe7f1a2c6f45d594,"{""distance"":5,""physical_error_rate"":0.0005}","{""detection_events"":2477,""detectors_checked"":1146880}"
      9216,         0,         0,   0.109,exact_mw,f32ebecd8e105e50ec838d33c5ed9b45444b6b44a3c6ac541111079f2b14e893,"{""distance"":5,""physical_error_rate"":5e-05}","{""detection_events"":486,""detectors_checked"":2064384}"
   3997696,         0,         0,    87.3,exact_mw,70a969f5042aec17ac076c6379f4170fb7c69b8e925756ef3b7334e28a33338b,"{""distance"":5,""physical_error_rate"":0.0001}","{""detection_events"":395538,""detectors_checked"":895483904}"
   7709696,         4,         0,    86.8,exact_mw,cb12ae119b9b2ba18d0216e7235b403229e92fd0743ede48fe7f1a2c6f45d594,"{""distance"":5,""physical_error_rate"":0.0005}","{""detection_events"":3787285,""detectors_checked"":1726971904,""obs_mistake_mask=E"":4}"
      9216,         0,         0,   0.279,exact_mw,bb90ec3459e353008cf9a5bb9142bf1e8515517a9e167021b225104594e48e8a,"{""distance"":5,""physical_error_rate"":0.001}","{""detection_events"":9083,""detectors_checked"":2064384}"
     53248,         0,         0,   0.585,exact_mw,f32ebecd8e105e50ec838d33c5ed9b45444b6b44a3c6ac541111079f2b14e893,"{""distance"":5,""physical_error_rate"":5e-05}","{""detection_events"":2637,""detectors_checked"":11927552}"
      7168,         0,         0,   0.112,exact_mw,cb12ae119b9b2ba18d0216e7235b403229e92fd0743ede48fe7f1a2c6f45d594,"{""distance"":5,""physical_error_rate"":0.0005}","{""detection_events"":3597,""detectors_checked"":1605632}"
      2321,         0,         0,   0.028,exact_mw,f32ebecd8e105e50ec838d33c5ed9b45444b6b44a3c6ac541111079f2b14e893,"{""distance"":5,""physical_error_rate"":5e-05}","{""detection_events"":102,""detectors_checked"":519904}"
     20480,         0,         0,   0.223,exact_mw,cdc4a450a40af8e24899239080e4c40992fb5baf91c5a31ab3a165eacb3a1ab3,"{""distance"":5,""physical_error_rate"":0.0002}","{""detection_events"":3824,""detectors_checked"":4587520}"
      3072,         0,         0,   0.030,exact_mw,f32ebecd8e105e50ec838d33c5ed9b45444b6b44a3c6ac541111079f2b14e893,"{""distance"":5,""physical_error_rate"":5e-05}","{""detection_events"":130,""detectors_checked"":688128}"
   2648064,         0,         0,    31.8,exact_mw,70a969f5042aec17ac076c6379f4170fb7c69b8e925756ef3b7334e28a33338b,"{""distance"":5,""physical_error_rate"":0.0001}","{""detection_events"":260490,""detectors_checked"":593166336}"
      3072,         0,         0,   0.030,exact_mw,f32ebecd8e105e50ec838d33c5ed9b45444b6b44a3c6ac541111079f2b14e893,"{""distance"":5,""physical_error_rate"":5e-05}","{""detection_events"":151,""detectors_checked"":688128}"
     15360,         0,         0,   0.168,exact_mw,f32ebecd8e105e50ec838d33c5ed9b45444b6b44a3c6ac541111079f2b14e893,"{""distance"":5,""physical_error_rate"":5e-05}","{""detection_events"":768,""detectors_checked"":3440640}"
      2048,         0,         0,   0.021,exact_mw,f32ebecd8e105e50ec838d33c5ed9b45444b6b44a3c6ac541111079f2b14e893,"{""distance"":5,""physical_error_rate"":5e-05}","{""detection_events"":86,""detectors_checked"":458752}"
      3072,         0,         0,   0.029,exact_mw,f32ebecd8e105e50ec838d33c5ed9b45444b6b44a3c6ac541111079f2b14e893,"{""distance"":5,""physical_error_rate"":5e-05}","{""detection_events"":144,""detectors_checked"":688128}"
     12288,         0,         0,   0.142,exact_mw,cb12ae119b9b2ba18d0216e7235b403229e92fd0743ede48fe7f1a2c6f45d594,"{""distance"":5,""physical_error_rate"":0.0005}","{""detection_events"":5972,""detectors_checked"":2752512}"
   3867648,         2,         0,    87.0,exact_mw,cb12ae119b9b2ba18d0216e7235b403229e92fd0743ede48fe7f1a2c6f45d594,"{""distance"":5,""physical_error_rate"":0.0005}","{""detection_events"":1900366,""detectors_checked"":866353152,""obs_mistake_mask=E"":2}"
     49152,         0,         0,   0.585,exact_mw,cdc4a450a40af8e24899239080e4c40992fb5baf91c5a31ab3a165eacb3a1ab3,"{""distance"":5,""physical_error_rate"":0.0002}","{""detection_events"":9625,""detectors_checked"":11010048}"
      4096,         0,         0,   0.071,exact_mw,f32ebecd8e105e50ec838d33c5ed9b45444b6b44a3c6ac541111079f2b14e893,"{""distance"":5,""physical_error_rate"":5e-05}","{""detection_events"":226,""detectors_checked"":917504}"
     63488,         0,         0,   0.574,exact_mw,70a969f5042aec17ac076c6379f4170fb7c69b8e925756ef3b7334e28a33338b,"{""distance"":5,""physical_error_rate"":0.0001}","{""detection_events"":6082,""detectors_checked"":14221312}"
     15360,         0,         0,   0.175,exact_mw,f32ebecd8e105e50ec838d33c5ed9b45444b6b44a3c6ac541111079f2b14e893,"{""distance"":5,""physical_error_rate"":5e-05}","{""detection_events"":757,""detectors_checked"":3440640}"
     54272,         0,         0,   0.588,exact_mw,70a969f5042aec17ac076c6379f4170fb7c69b8e925756ef3b7334e28a33338b,"{""distance"":5,""physical_error_rate"":0.0001}","{""detection_events"":5248,""detectors_checked"":12156928}"
      6144,         0,         0,   0.077,exact_mw,f32ebecd8e105e50ec838d33c5ed9b45444b6b44a3c6ac541111079f2b14e893,"{""distance"":5,""physical_error_rate"":5e-05}","{""detection_events"":276,""detectors_checked"":1376256}"
     26624,         0,         0,   0.261,exact_mw,cdc4a450a40af8e24899239080e4c40992fb5baf91c5a31ab3a165eacb3a1ab3,"{""distance"":5,""physical_error_rate"":0.0002}","{""detection_events"":5107,""detectors_checked"":5963776}"
  15550464,         0,         0,    87.2,exact_mw,cdc4a450a40af8e24899239080e4c40992fb5baf91c5a31ab3a165eacb3a1ab3,"{""distance"":5,""physical_error_rate"":0.0002}","{""detection_events"":3070311,""detectors_checked"":3483303936}"
     17408,         0,         0,   0.211,exact_mw,cb12ae119b9b2ba18d0216e7235b403229e92fd0743ede48fe7f1a2c6f45d594,"{""distance"":5,""physical_error_rate"":0.0005}","{""detection_events"":8730,""detectors_checked"":3899392}"
     13312,         0,         0,   0.430,exact_mw,bb90ec3459e353008cf9a5bb9142bf1e8515517a9e167021b225104594e48e8a,"{""distance"":5,""physical_error_rate"":0.001}","{""detection_events"":13108,""detectors_checked"":2981888}"
   3237888,         0,         0,    87.7,exact_mw,cdc4a450a40af8e24899239080e4c40992fb5baf91c5a31ab3a165eacb3a1ab3,"{""distance"":5,""physical_error_rate"":0.0002}","{""detection_events"":638871,""detectors_checked"":725286912}"
   5822464,         2,         0,    87.3,exact_mw,cb12ae119b9b2ba18d0216e7235b403229e92fd0743ede48fe7f1a2c6f45d594,"{""distance"":5,""physical_error_rate"":0.0005}","{""detection_events"":2863306,""detectors_checked"":1304231936,""obs_mistake_mask=E"":2}"
      7168,         0,         0,   0.122,exact_mw,f32ebecd8e105e50ec838d33c5ed9b45444b6b44a3c6ac541111079f2b14e893,"{""distance"":5,""physical_error_rate"":5e-05}","{""detection_events"":396,""detectors_checked"":1605632}"
       273,         0,         0,   0.021,exact_mw,cdc4a450a40af8e24899239080e4c40992fb5baf91c5a31ab3a165eacb3a1ab3,"{""distance"":5,""physical_error_rate"":0.0002}","{""detection_events"":72,""detectors_checked"":61152}"
      2048,         0,         0,   0.026,exact_mw,cdc4a450a40af8e24899239080e4c40992fb5baf91c5a31ab3a165eacb3a1ab3,"{""distance"":5,""physical_error_rate"":0.0002}","{""detection_events"":403,""detectors_checked"":458752}"
      2048,         0,         0,   0.026,exact_mw,cdc4a450a40af8e24899239080e4c40992fb5baf91c5a31ab3a165eacb3a1ab3,"{""distance"":5,""physical_error_rate"":0.0002}","{""detection_events"":483,""detectors_checked"":458752}"
      3072,         0,         0,   0.049,exact_mw,cdc4a450a40af8e24899239080e4c40992fb5baf91c5a31ab3a165eacb3a1ab3,"{""distance"":5,""physical_error_rate"":0.0002}","{""detection_events"":585,""detectors_checked"":688128}"
     10240,         0,         0,   0.150,exact_mw,f32ebecd8e105e50ec838d33c5ed9b45444b6b44a3c6ac541111079f2b14e893,"{""distance"":5,""physical_error_rate"":5e-05}","{""detection_events"":506,""detectors_checked"":2293760}"
     19456,         0,         0,   0.296,exact_mw,f32ebecd8e105e50ec838d33c5ed9b45444b6b44a3c6ac541111079f2b14e893,"{""distance"":5,""physical_error_rate"":5e-05}","{""detection_events"":968,""detectors_checked"":4358144}"
      4096,         0,         0,   0.052,exact_mw,cdc4a450a40af8e24899239080e4c40992fb5baf91c5a31ab3a165eacb3a1ab3,"{""distance"":5,""physical_error_rate"":0.0002}","{""detection_events"":756,""detectors_checked"":917504}"
      4096,         0,         0,   0.052,exact_mw,cdc4a450a40af8e24899239080e4c40992fb5baf91c5a31ab3a165eacb3a1ab3,"{""distance"":5,""physical_error_rate"":0.0002}","{""detection_events"":910,""detectors_checked"":917504}"
     25600,         0,         0,   0.271,exact_mw,cb12ae119b9b2ba18d0216e7235b403229e92fd0743ede48fe7f1a2c6f45d594,"{""distance"":5,""physical_error_rate"":0.0005}","{""detection_events"":12580,""detectors_checked"":5734400}"
   3178496,         0,         0,    87.6,exact_mw,70a969f5042aec17ac076c6379f4170fb7c69b8e925756ef3b7334e28a33338b,"{""distance"":5,""physical_error_rate"":0.0001}","{""detection_events"":313540,""detectors_checked"":711983104}"
      6144,         0,         0,   0.077,exact_mw,cdc4a450a40af8e24899239080e4c40992fb5baf91c5a31ab3a165eacb3a1ab3,"{""distance"":5,""physical_error_rate"":0.0002}","{""detection_events"":1129,""detectors_checked"":1376256}"
     35840,         0,         0,   0.417,exact_mw,cdc4a450a40af8e24899239080e4c40992fb5baf91c5a31ab3a165eacb3a1ab3,"{""distance"":5,""physical_error_rate"":0.0002}","{""detection_events"":7298,""detectors_checked"":8028160}"
     72704,         0,         0,   0.771,exact_mw,f32ebecd8e105e50ec838d33c5ed9b45444b6b44a3c6ac541111079f2b14e893,"{""distance"":5,""physical_error_rate"":5e-05}","{""detection_events"":3544,""detectors_checked"":16285696}"
     15360,         0,         0,   0.222,exact_mw,f32ebecd8e105e50ec838d33c5ed9b45444b6b44a3c6ac541111079f2b14e893,"{""distance"":5,""physical_error_rate"":5e-05}","{""detection_events"":742,""detectors_checked"":3440640}"
      8192,         0,         0,   0.126,exact_mw,cdc4a450a40af8e24899239080e4c40992fb5baf91c5a31ab3a165eacb3a1ab3,"{""distance"":5,""physical_error_rate"":0.0002}","{""detection_events"":1618,""detectors_checked"":1835008}"
     20480,         0,         0,   0.573,exact_mw,bb90ec3459e353008cf9a5bb9142bf1e8515517a9e167021b225104594e48e8a,"{""distance"":5,""physical_error_rate"":0.001}","{""detection_events"":19923,""detectors_checked"":4587520}"
     68608,         0,         0,   0.804,exact_mw,cdc4a450a40af8e24899239080e4c40992fb5baf91c5a31ab3a165eacb3a1ab3,"{""distance"":5,""physical_error_rate"":0.0002}","{""detection_events"":13343,""detectors_checked"":15368192}"
     10240,         0,         0,   0.148,exact_mw,cdc4a450a40af8e24899239080e4c40992fb5baf91c5a31ab3a165eacb3a1ab3,"{""distance"":5,""physical_error_rate"":0.0002}","{""detection_events"":2095,""detectors_checked"":2293760}"
     31744,         0,         0,   0.426,exact_mw,f32ebecd8e105e50ec838d33c5ed9b45444b6b44a3c6ac541111079f2b14e893,"{""distance"":5,""physical_error_rate"":5e-05}","{""detection_events"":1642,""detectors_checked"":7110656}"
   3609600,         0,         0,    62.1,exact_mw,cdc4a450a40af8e24899239080e4c40992fb5baf91c5a31ab3a165eacb3a1ab3,"{""distance"":5,""physical_error_rate"":0.0002}","{""detection_events"":712309,""detectors_checked"":808550400}"
     93184,         0,         0,   0.782,exact_mw,70a969f5042aec17ac076c6379f4170fb7c69b8e925756ef3b7334e28a33338b,"{""distance"":5,""physical_error_rate"":0.0001}","{""detection_events"":9185,""detectors_checked"":20873216}"
     35840,         0,         0,   0.413,exact_mw,cb12ae119b9b2ba18d0216e7235b403229e92fd0743ede48fe7f1a2c6f45d594,"{""distance"":5,""physical_error_rate"":0.0005}","{""detection_events"":17895,""detectors_checked"":8028160}"
     73728,         0,         0,   0.798,exact_mw,70a969f5042aec17ac076c6379f4170fb7c69b8e925756ef3b7334e28a33338b,"{""distance"":5,""physical_error_rate"":0.0001}","{""detection_events"":7454,""detectors_checked"":16515072}"
     22528,         0,         0,   0.301,exact_mw,f32ebecd8e105e50ec838d33c5ed9b45444b6b44a3c6ac541111079f2b14e893,"{""distance"":5,""physical_error_rate"":5e-05}","{""detection_events"":1225,""detectors_checked"":5046272}"
   1373184,         8,         0,    87.7,exact_mw,bb90ec3459e353008cf9a5bb9142bf1e8515517a9e167021b225104594e48e8a,"{""distance"":5,""physical_error_rate"":0.001}","{""detection_events"":1346527,""detectors_checked"":307593216,""obs_mistake_mask=E"":8}"
     16384,         0,         0,   0.206,exact_mw,cdc4a450a40af8e24899239080e4c40992fb5baf91c5a31ab3a165eacb3a1ab3,"{""distance"":5,""physical_error_rate"":0.0002}","{""detection_events"":3196,""detectors_checked"":3670016}"
     54272,         0,         0,   0.588,exact_mw,cdc4a450a40af8e24899239080e4c40992fb5baf91c5a31ab3a165eacb3a1ab3,"{""distance"":5,""physical_error_rate"":0.0002}","{""detection_events"":10424,""detectors_checked"":12156928}"
      1297,         0,         0,   0.088,exact_mw,f32ebecd8e105e50ec838d33c5ed9b45444b6b44a3c6ac541111079f2b14e893,"{""distance"":5,""physical_error_rate"":5e-05}","{""detection_events"":49,""detectors_checked"":290528}"
     31744,         0,         0,   0.424,exact_mw,f32ebecd8e105e50ec838d33c5ed9b45444b6b44a3c6ac541111079f2b14e893,"{""distance"":5,""physical_error_rate"":5e-05}","{""detection_events"":1580,""detectors_checked"":7110656}"
     20480,         0,         0,   0.304,exact_mw,cdc4a450a40af8e24899239080e4c40992fb5baf91c5a31ab3a165eacb3a1ab3,"{""distance"":5,""physical_error_rate"":0.0002}","{""detection_events"":4180,""detectors_checked"":4587520}"
      2048,         0,         0,   0.090,exact_mw,f32ebecd8e105e50ec838d33c5ed9b45444b6b44a3c6ac541111079f2b14e893,"{""distance"":5,""physical_error_rate"":5e-05}","{""detection_events"":105,""detectors_checked"":458752}"
     41984,         0,         0,   0.552,exact_mw,f32ebecd8e105e50ec838d33c5ed9b45444b6b44a3c6ac541111079f2b14e893,"{""distance"":5,""physical_error_rate"":5e-05}","{""detection_events"":2106,""detectors_checked"":9404416}"
     52224,         0,         0,   0.567,exact_mw,cb12ae119b9b2ba18d0216e7235b403229e92fd0743ede48fe7f1a2c6f45d594,"{""distance"":5,""physical_error_rate"":0.0005}","{""detection_events"":25697,""detectors_checked"":11698176}"
      1024,         0,         0,   0.087,exact_mw,f32ebecd8e105e50ec838d33c5ed9b45444b6b44a3c6ac541111079f2b14e893,"{""distance"":5,""physical_error_rate"":5e-05}","{""detection_events"":42,""detectors_checked"":229376}"
      1297,         0,         0,   0.025,exact_mw,70a969f5042aec17ac076c6379f4170fb7c69b8e925756ef3b7334e28a33338b,"{""distance"":5,""physical_error_rate"":0.0001}","{""detection_events"":132,""detectors_checked"":290528}"
      1024,         0,         0,   0.023,exact_mw,70a969f5042aec17ac076c6379f4170fb7c69b8e925756ef3b7334e28a33338b,"{""distance"":5,""physical_error_rate"":0.0001}","{""detection_events"":104,""detectors_checked"":229376}"
      1024,         0,         0,   0.086,exact_mw,f32ebecd8e105e50ec838d33c5ed9b45444b6b44a3c6ac541111079f2b14e893,"{""distance"":5,""physical_error_rate"":5e-05}","{""detection_events"":35,""detectors_checked"":229376}"
      2048,         0,         0,   0.026,exact_mw,70a969f5042aec17ac076c6379f4170fb7c69b8e925756ef3b7334e28a33338b,"{""distance"":5,""physical_error_rate"":0.0001}","{""detection_events"":182,""detectors_checked"":458752}"
     29696,         1,         0,   0.811,exact_mw,bb90ec3459e353008cf9a5bb9142bf1e8515517a9e167021b225104594e48e8a,"{""distance"":5,""physical_error_rate"":0.001}","{""detection_events"":28973,""detectors_checked"":6651904,""obs_mistake_mask=E"":1}"
      3072,         0,         0,   0.049,exact_mw,70a969f5042aec17ac076c6379f4170fb7c69b8e925756ef3b7334e28a33338b,"{""distance"":5,""physical_error_rate"":0.0001}","{""detection_events"":295,""detectors_checked"":688128}"
      2048,         0,         0,   0.090,exact_mw,f32ebecd8e105e50ec838d33c5ed9b45444b6b44a3c6ac541111079f2b14e893,"{""distance"":5,""physical_error_rate"":5e-05}","{""detection_events"":96,""detectors_checked"":458752}"
      3072,         0,         0,   0.050,exact_mw,70a969f5042aec17ac076c6379f4170fb7c69b8e925756ef3b7334e28a33338b,"{""distance"":5,""physical_error_rate"":0.0001}","{""detection_events"":383,""detectors_checked"":688128}"
    102400,         0,         0,    1.10,exact_mw,f32ebecd8e105e50ec838d33c5ed9b45444b6b44a3c6ac541111079f2b14e893,"{""distance"":5,""physical_error_rate"":5e-05}","{""detection_events"":5018,""detectors_checked"":22937600}"
      1024,         0,         0,   0.087,exact_mw,f32ebecd8e105e50ec838d33c5ed9b45444b6b44a3c6ac541111079f2b14e893,"{""distance"":5,""physical_error_rate"":5e-05}","{""detection_events"":48,""detectors_checked"":229376}"
    993280,         0,         0,    31.8,exact_mw,f32ebecd8e105e50ec838d33c5ed9b45444b6b44a3c6ac541111079f2b14e893,"{""distance"":5,""physical_error_rate"":5e-05}","{""detection_events"":48899,""detectors_checked"":222494720}"
      5120,         0,         0,   0.075,exact_mw,70a969f5042aec17ac076c6379f4170fb7c69b8e925756ef3b7334e28a33338b,"{""distance"":5,""physical_error_rate"":0.0001}","{""detection_events"":488,""detectors_checked"":1146880}"
     28672,         0,         0,   0.405,exact_mw,cdc4a450a40af8e24899239080e4c40992fb5baf91c5a31ab3a165eacb3a1ab3,"{""distance"":5,""physical_error_rate"":0.0002}","{""detection_events"":5320,""detectors_checked"":6422528}"
      2048,         0,         0,   0.090,exact_mw,f32ebecd8e105e50ec838d33c5ed9b45444b6b44a3c6ac541111079f2b14e893,"{""distance"":5,""physical_error_rate"":5e-05}","{""detection_events"":122,""detectors_checked"":458752}"
      5120,         0,         0,   0.075,exact_mw,70a969f5042aec17ac076c6379f4170fb7c69b8e925756ef3b7334e28a33338b,"{""distance"":5,""physical_error_rate"":0.0001}","{""detection_events"":468,""detectors_checked"":1146880}"
   2352128,         0,         0,    61.9,exact_mw,70a969f5042aec17ac076c6379f4170fb7c69b8e925756ef3b7334e28a33338b,"{""distance"":5,""physical_error_rate"":0.0001}","{""detection_events"":232808,""detectors_checked"":526876672}"
     43008,         0,         0,   0.574,exact_mw,f32ebecd8e105e50ec838d33c5ed9b45444b6b44a3c6ac541111079f2b14e893,"{""distance"":5,""physical_error_rate"":5e-05}","{""detection_events"":2133,""detectors_checked"":9633792}"
        17,         0,         0,   0.029,exact_mw,cb12ae119b9b2ba18d0216e7235b403229e92fd0743ede48fe7f1a2c6f45d594,"{""distance"":5,""physical_error_rate"":0.0005}","{""detection_events"":21,""detectors_checked"":3808}"
     95232,         0,         0,    1.11,exact_mw,cdc4a450a40af8e24899239080e4c40992fb5baf91c5a31ab3a165eacb3a1ab3,"{""distance"":5,""physical_error_rate"":0.0002}","{""detection_events"":18764,""detectors_checked"":21331968}"
      8192,         0,         0,   0.124,exact_mw,70a969f5042aec17ac076c6379f4170fb7c69b8e925756ef3b7334e28a33338b,"{""distance"":5,""physical_error_rate"":0.0001}","{""detection_events"":787,""detectors_checked"":1835008}"
      1280,         0,         0,   0.032,exact_mw,cb12ae119b9b2ba18d0216e7235b403229e92fd0743ede48fe7f1a2c6f45d594,"{""distance"":5,""physical_error_rate"":0.0005}","{""detection_events"":576,""detectors_checked"":286720}"
     70656,         0,         0,   0.790,exact_mw,cdc4a450a40af8e24899239080e4c40992fb5baf91c5a31ab3a165eacb3a1ab3,"{""distance"":5,""physical_error_rate"":0.0002}","{""detection_events"":13757,""detectors_checked"":15826944}"
  15152128,         0,         0,    87.0,exact_mw,f32ebecd8e105e50ec838d33c5ed9b45444b6b44a3c6ac541111079f2b14e893,"{""distance"":5,""physical_error_rate"":5e-05}","{""detection_events"":749688,""detectors_checked"":3394076672}"
      1024,         0,         0,   0.031,exact_mw,cb12ae119b9b2ba18d0216e7235b403229e92fd0743ede48fe7f1a2c6f45d594,"{""distance"":5,""physical_error_rate"":0.0005}","{""detection_events"":521,""detectors_checked"":229376}"
      2048,         0,         0,   0.174,exact_mw,f32ebecd8e105e50ec838d33c5ed9b45444b6b44a3c6ac541111079f2b14e893,"{""distance"":5,""physical_error_rate"":5e-05}","{""detection_events"":119,""detectors_checked"":458752}"
    139264,         0,         0,    1.10,exact_mw,70a969f5042aec17ac076c6379f4170fb7c69b8e925756ef3b7334e28a33338b,"{""distance"":5,""physical_error_rate"":0.0001}","{""detection_events"":13771,""detectors_checked"":31195136}"
      1024,         0,         0,   0.032,exact_mw,cb12ae119b9b2ba18d0216e7235b403229e92fd0743ede48fe7f1a2c6f45d594,"{""distance"":5,""physical_error_rate"":0.0005}","{""detection_events"":498,""detectors_checked"":229376}"
    102400,         0,         0,    1.12,exact_mw,70a969f5042aec17ac076c6379f4170fb7c69b8e925756ef3b7334e28a33338b,"{""distance"":5,""physical_error_rate"":0.0001}","{""detection_events"":9860,""detectors_checked"":22937600}"
      2048,         0,         0,   0.067,exact_mw,cb12ae119b9b2ba18d0216e7235b403229e92fd0743ede48fe7f1a2c6f45d594,"{""distance"":5,""physical_error_rate"":0.0005}","{""detection_events"":982,""detectors_checked"":458752}"
      9216,         0,         0,   0.149,exact_mw,70a969f5042aec17ac076c6379f4170fb7c69b8e925756ef3b7334e28a33338b,"{""distance"":5,""physical_error_rate"":0.0001}","{""detection_events"":865,""detectors_checked"":2064384}"
      1024,         0,         0,   0.061,exact_mw,cb12ae119b9b2ba18d0216e7235b403229e92fd0743ede48fe7f1a2c6f45d594,"{""distance"":5,""physical_error_rate"":0.0005}","{""detection_events"":548,""detectors_checked"":229376}"
      3072,         0,         0,   0.176,exact_mw,f32ebecd8e105e50ec838d33c5ed9b45444b6b44a3c6ac541111079f2b14e893,"{""distance"":5,""physical_error_rate"":5e-05}","{""detection_events"":136,""detectors_checked"":688128}"
     65536,         0,         0,   0.790,exact_mw,cb12ae119b9b2ba18d0216e7235b403229e92fd0743ede48fe7f1a2c6f45d594,"{""distance"":5,""physical_error_rate"":0.0005}","{""detection_events"":32925,""detectors_checked"":14680064}"
     57344,         0,         0,   0.865,exact_mw,f32ebecd8e105e50ec838d33c5ed9b45444b6b44a3c6ac541111079f2b14e893,"{""distance"":5,""physical_error_rate"":5e-05}","{""detection_events"":2830,""detectors_checked"":12845056}"
      4096,         0,         0,   0.128,exact_mw,cb12ae119b9b2ba18d0216e7235b403229e92fd0743ede48fe7f1a2c6f45d594,"{""distance"":5,""physical_error_rate"":0.0005}","{""detection_events"":2023,""detectors_checked"":917504}"
     14336,         0,         0,   0.223,exact_mw,70a969f5042aec17ac076c6379f4170fb7c69b8e925756ef3b7334e28a33338b,"{""distance"":5,""physical_error_rate"":0.0001}","{""detection_events"":1458,""detectors_checked"":3211264}"
     39936,         0,         0,   0.572,exact_mw,cdc4a450a40af8e24899239080e4c40992fb5baf91c5a31ab3a165eacb3a1ab3,"{""distance"":5,""physical_error_rate"":0.0002}","{""detection_events"":7674,""detectors_checked"":8945664}"
      3072,         0,         0,   0.127,exact_mw,cb12ae119b9b2ba18d0216e7235b403229e92fd0743ede48fe7f1a2c6f45d594,"{""distance"":5,""physical_error_rate"":0.0005}","{""detection_events"":1317,""detectors_checked"":688128}"
      4096,         0,         0,   0.271,exact_mw,f32ebecd8e105e50ec838d33c5ed9b45444b6b44a3c6ac541111079f2b14e893,"{""distance"":5,""physical_error_rate"":5e-05}","{""detection_events"":217,""detectors_checked"":917504}"
   4276224,         3,         0,    62.3,exact_mw,cb12ae119b9b2ba18d0216e7235b403229e92fd0743ede48fe7f1a2c6f45d594,"{""distance"":5,""physical_error_rate"":0.0005}","{""detection_events"":2106611,""detectors_checked"":957874176,""obs_mistake_mask=E"":3}"
      5120,         0,         0,   0.163,exact_mw,cb12ae119b9b2ba18d0216e7235b403229e92fd0743ede48fe7f1a2c6f45d594,"{""distance"":5,""physical_error_rate"":0.0005}","{""detection_events"":2611,""detectors_checked"":1146880}"
     19456,         0,         0,   0.300,exact_mw,70a969f5042aec17ac076c6379f4170fb7c69b8e925756ef3b7334e28a33338b,"{""distance"":5,""physical_error_rate"":0.0001}","{""detection_events"":2037,""detectors_checked"":4358144}"
    116736,         0,         0,   0.776,exact_mw,f32ebecd8e105e50ec838d33c5ed9b45444b6b44a3c6ac541111079f2b14e893,"{""distance"":5,""physical_error_rate"":5e-05}","{""detection_events"":5540,""detectors_checked"":26148864}"
     41984,         0,         0,    1.13,exact_mw,bb90ec3459e353008cf9a5bb9142bf1e8515517a9e167021b225104594e48e8a,"{""distance"":5,""physical_error_rate"":0.001}","{""detection_events"":41217,""detectors_checked"":9404416}"
   9746432,         0,         0,    62.5,exact_mw,70a969f5042aec17ac076c6379f4170fb7c69b8e925756ef3b7334e28a33338b,"{""distance"":5,""physical_error_rate"":0.0001}","{""detection_events"":959068,""detectors_checked"":2183200768}"
      6144,         0,         0,   0.369,exact_mw,f32ebecd8e105e50ec838d33c5ed9b45444b6b44a3c6ac541111079f2b14e893,"{""distance"":5,""physical_error_rate"":5e-05}","{""detection_events"":318,""detectors_checked"":1376256}"
      6144,         0,         0,   0.249,exact_mw,cb12ae119b9b2ba18d0216e7235b403229e92fd0743ede48fe7f1a2c6f45d594,"{""distance"":5,""physical_error_rate"":0.0005}","{""detection_events"":3287,""detectors_checked"":1376256}"
   5752832,         0,         0,    62.2,exact_mw,f32ebecd8e105e50ec838d33c5ed9b45444b6b44a3c6ac541111079f2b14e893,"{""distance"":5,""physical_error_rate"":5e-05}","{""detection_events"":284494,""detectors_checked"":1288634368}"
     26624,         0,         0,   0.403,exact_mw,70a969f5042aec17ac076c6379f4170fb7c69b8e925756ef3b7334e28a33338b,"{""distance"":5,""physical_error_rate"":0.0001}","{""detection_events"":2767,""detectors_checked"":5963776}"
     99328,         0,         0,    1.09,exact_mw,cdc4a450a40af8e24899239080e4c40992fb5baf91c5a31ab3a165eacb3a1ab3,"{""distance"":5,""physical_error_rate"":0.0002}","{""detection_events"":19828,""detectors_checked"":22249472}"
     11264,         0,         0,   0.320,exact_mw,cb12ae119b9b2ba18d0216e7235b403229e92fd0743ede48fe7f1a2c6f45d594,"{""distance"":5,""physical_error_rate"":0.0005}","{""detection_events"":5791,""detectors_checked"":2523136}"
     57344,         0,         0,   0.779,exact_mw,cdc4a450a40af8e24899239080e4c40992fb5baf91c5a31ab3a165eacb3a1ab3,"{""distance"":5,""physical_error_rate"":0.0002}","{""detection_events"":11488,""detectors_checked"":12845056}"
   1474560,        10,         0,    62.4,exact_mw,bb90ec3459e353008cf9a5bb9142bf1e8515517a9e167021b225104594e48e8a,"{""distance"":5,""physical_error_rate"":0.001}","{""detection_events"":1449186,""detectors_checked"":330301440,""obs_mistake_mask=E"":10}"
    141312,         0,         0,    1.53,exact_mw,f32ebecd8e105e50ec838d33c5ed9b45444b6b44a3c6ac541111079f2b14e893,"{""distance"":5,""physical_error_rate"":5e-05}","{""detection_events"":7029,""detectors_checked"":31653888}"
      7168,         0,         0,   0.460,exact_mw,f32ebecd8e105e50ec838d33c5ed9b45444b6b44a3c6ac541111079f2b14e893,"{""distance"":5,""physical_error_rate"":5e-05}","{""detection_events"":261,""detectors_checked"":1605632}"
   1816576,        13,         0,    62.7,exact_mw,bb90ec3459e353008cf9a5bb9142bf1e8515517a9e167021b225104594e48e8a,"{""distance"":5,""physical_error_rate"":0.001}","{""detection_events"":1781155,""detectors_checked"":406913024,""obs_mistake_mask=E"":13}"
     98304,         0,         0,    1.12,exact_mw,cb12ae119b9b2ba18d0216e7235b403229e92fd0743ede48fe7f1a2c6f45d594,"{""distance"":5,""physical_error_rate"":0.0005}","{""detection_events"":48580,""detectors_checked"":22020096}"
     19456,         0,         0,    1.20,exact_mw,f32ebecd8e105e50ec838d33c5ed9b45444b6b44a3c6ac541111079f2b14e893,"{""distance"":5,""physical_error_rate"":5e-05}","{""detection_events"":1013,""detectors_checked"":4358144}"
    135168,         0,         0,    1.54,exact_mw,cdc4a450a40af8e24899239080e4c40992fb5baf91c5a31ab3a165eacb3a1ab3,"{""distance"":5,""physical_error_rate"":0.0002}","{""detection_events"":26350,""detectors_checked"":30277632}"
     12288,         0,         0,   0.415,exact_mw,cb12ae119b9b2ba18d0216e7235b403229e92fd0743ede48fe7f1a2c6f45d594,"{""distance"":5,""physical_error_rate"":0.0005}","{""detection_events"":6300,""detectors_checked"":2752512}"
    183296,         0,         0,    1.56,exact_mw,70a969f5042aec17ac076c6379f4170fb7c69b8e925756ef3b7334e28a33338b,"{""distance"":5,""physical_error_rate"":0.0001}","{""detection_events"":18063,""detectors_checked"":41058304}"
    712704,         4,         0,    31.9,exact_mw,bb90ec3459e353008cf9a5bb9142bf1e8515517a9e167021b225104594e48e8a,"{""distance"":5,""physical_error_rate"":0.001}","{""detection_events"":699788,""detectors_checked"":159645696,""obs_mistake_mask=E"":4}"
   3336192,         1,         0,    62.3,exact_mw,cb12ae119b9b2ba18d0216e7235b403229e92fd0743ede48fe7f1a2c6f45d594,"{""distance"":5,""physical_error_rate"":0.0005}","{""detection_events"":1639455,""detectors_checked"":747307008,""obs_mistake_mask=E"":1}"
    145408,         0,         0,    1.52,exact_mw,70a969f5042aec17ac076c6379f4170fb7c69b8e925756ef3b7334e28a33338b,"{""distance"":5,""physical_error_rate"":0.0001}","{""detection_events"":14237,""detectors_checked"":32571392}"
       273,         0,         0,   0.039,exact_mw,bb90ec3459e353008cf9a5bb9142bf1e8515517a9e167021b225104594e48e8a,"{""distance"":5,""physical_error_rate"":0.001}","{""detection_events"":249,""detectors_checked"":61152}"
     36864,         0,         0,   0.553,exact_mw,70a969f5042aec17ac076c6379f4170fb7c69b8e925756ef3b7334e28a33338b,"{""distance"":5,""physical_error_rate"":0.0001}","{""detection_events"":3724,""detectors_checked"":8257536}"
      1024,         0,         0,   0.095,exact_mw,bb90ec3459e353008cf9a5bb9142bf1e8515517a9e167021b225104594e48e8a,"{""distance"":5,""physical_error_rate"":0.001}","{""detection_events"":975,""detectors_checked"":229376}"
      1024,         0,         0,   0.035,exact_mw,bb90ec3459e353008cf9a5bb9142bf1e8515517a9e167021b225104594e48e8a,"{""distance"":5,""physical_error_rate"":0.001}","{""detection_events"":901,""detectors_checked"":229376}"
    196608,         0,         0,    1.09,exact_mw,f32ebecd8e105e50ec838d33c5ed9b45444b6b44a3c6ac541111079f2b14e893,"{""distance"":5,""physical_error_rate"":5e-05}","{""detection_events"":9783,""detectors_checked"":44040192}"
      1024,         0,         0,   0.068,exact_mw,bb90ec3459e353008cf9a5bb9142bf1e8515517a9e167021b225104594e48e8a,"{""distance"":5,""physical_error_rate"":0.001}","{""detection_events"":964,""detectors_checked"":229376}"
      9216,         0,         0,   0.641,exact_mw,f32ebecd8e105e50ec838d33c5ed9b45444b6b44a3c6ac541111079f2b14e893,"{""distance"":5,""physical_error_rate"":5e-05}","{""detection_events"":480,""detectors_checked"":2064384}"
      1024,         0,         0,   0.126,exact_mw,bb90ec3459e353008cf9a5bb9142bf1e8515517a9e167021b225104594e48e8a,"{""distance"":5,""physical_error_rate"":0.001}","{""detection_events"":1040,""detectors_checked"":229376}"
      1024,         0,         0,   0.063,exact_mw,bb90ec3459e353008cf9a5bb9142bf1e8515517a9e167021b225104594e48e8a,"{""distance"":5,""physical_error_rate"":0.001}","{""detection_events"":982,""detectors_checked"":229376}"
     18432,         0,         0,   0.583,exact_mw,cb12ae119b9b2ba18d0216e7235b403229e92fd0743ede48fe7f1a2c6f45d594,"{""distance"":5,""physical_error_rate"":0.0005}","{""detection_events"":8981,""detectors_checked"":4128768}"
      2048,         0,         0,   0.193,exact_mw,bb90ec3459e353008cf9a5bb9142bf1e8515517a9e167021b225104594e48e8a,"{""distance"":5,""physical_error_rate"":0.001}","{""detection_events"":2062,""detectors_checked"":458752}"
     78848,         0,         0,    1.12,exact_mw,cdc4a450a40af8e24899239080e4c40992fb5baf91c5a31ab3a165eacb3a1ab3,"{""distance"":5,""physical_error_rate"":0.0002}","{""detection_events"":15289,""detectors_checked"":17661952}"
     46080,         3,         0,    1.56,exact_mw,bb90ec3459e353008cf9a5bb9142bf1e8515517a9e167021b225104594e48e8a,"{""distance"":5,""physical_error_rate"":0.001}","{""detection_events"":45305,""detectors_checked"":10321920,""obs_mistake_mask=E"":3}"
      2048,         0,         0,   0.128,exact_mw,bb90ec3459e353008cf9a5bb9142bf1e8515517a9e167021b225104594e48e8a,"{""distance"":5,""physical_error_rate"":0.001}","{""detection_events"":1980,""detectors_checked"":458752}"
     49152,         0,         0,   0.773,exact_mw,70a969f5042aec17ac076c6379f4170fb7c69b8e925756ef3b7334e28a33338b,"{""distance"":5,""physical_error_rate"":0.0001}","{""detection_events"":4691,""detectors_checked"":11010048}"
   5151744,         0,         0,    61.9,exact_mw,70a969f5042aec17ac076c6379f4170fb7c69b8e925756ef3b7334e28a33338b,"{""distance"":5,""physical_error_rate"":0.0001}","{""detection_events"":506955,""detectors_checked"":1153990656}"
      2048,         0,         0,   0.221,exact_mw,bb90ec3459e353008cf9a5bb9142bf1e8515517a9e167021b225104594e48e8a,"{""distance"":5,""physical_error_rate"":0.001}","{""detection_events"":1984,""detectors_checked"":458752}"
    140288,         0,         0,    1.56,exact_mw,cdc4a450a40af8e24899239080e4c40992fb5baf91c5a31ab3a165eacb3a1ab3,"{""distance"":5,""physical_error_rate"":0.0002}","{""detection_events"":27738,""detectors_checked"":31424512}"
     13312,         0,         0,   0.740,exact_mw,f32ebecd8e105e50ec838d33c5ed9b45444b6b44a3c6ac541111079f2b14e893,"{""distance"":5,""physical_error_rate"":5e-05}","{""detection_events"":600,""detectors_checked"":2981888}"
      3072,         0,         0,   0.227,exact_mw,bb90ec3459e353008cf9a5bb9142bf1e8515517a9e167021b225104594e48e8a,"{""distance"":5,""physical_error_rate"":0.001}","{""detection_events"":3087,""detectors_checked"":688128}"
     25600,         0,         0,   0.767,exact_mw,cb12ae119b9b2ba18d0216e7235b403229e92fd0743ede48fe7f1a2c6f45d594,"{""distance"":5,""physical_error_rate"":0.0005}","{""detection_events"":12528,""detectors_checked"":5734400}"
    139264,         0,         0,    1.55,exact_mw,cb12ae119b9b2ba18d0216e7235b403229e92fd0743ede48fe7f1a2c6f45d594,"{""distance"":5,""physical_error_rate"":0.0005}","{""detection_events"":68661,""detectors_checked"":31195136}"
     23552,         0,         0,    1.56,exact_mw,f32ebecd8e105e50ec838d33c5ed9b45444b6b44a3c6ac541111079f2b14e893,"{""distance"":5,""physical_error_rate"":5e-05}","{""detection_events"":1148,""detectors_checked"":5275648}"
      4096,         0,         0,   0.320,exact_mw,bb90ec3459e353008cf9a5bb9142bf1e8515517a9e167021b225104594e48e8a,"{""distance"":5,""physical_error_rate"":0.001}","{""detection_events"":4054,""detectors_checked"":917504}"
   6476800,         3,         0,    87.3,exact_mw,cb12ae119b9b2ba18d0216e7235b403229e92fd0743ede48fe7f1a2c6f45d594,"{""distance"":5,""physical_error_rate"":0.0005}","{""detection_events"":3187768,""detectors_checked"":1450803200,""obs_mistake_mask=E"":3}"
    272384,         0,         0,    1.52,exact_mw,f32ebecd8e105e50ec838d33c5ed9b45444b6b44a3c6ac541111079f2b14e893,"{""distance"":5,""physical_error_rate"":5e-05}","{""detection_events"":13431,""detectors_checked"":61014016}"
    197632,         0,         0,    2.13,exact_mw,f32ebecd8e105e50ec838d33c5ed9b45444b6b44a3c6ac541111079f2b14e893,"{""distance"":5,""physical_error_rate"":5e-05}","{""detection_events"":9768,""detectors_checked"":44269568}"
   7573504,         0,         0,    87.0,exact_mw,f32ebecd8e105e50ec838d33c5ed9b45444b6b44a3c6ac541111079f2b14e893,"{""distance"":5,""physical_error_rate"":5e-05}","{""detection_events"":372938,""detectors_checked"":1696464896}"
   5441536,         0,         0,    86.9,exact_mw,cdc4a450a40af8e24899239080e4c40992fb5baf91c5a31ab3a165eacb3a1ab3,"{""distance"":5,""physical_error_rate"":0.0002}","{""detection_events"":1070168,""detectors_checked"":1218904064}"
      4096,         0,         0,   0.414,exact_mw,bb90ec3459e353008cf9a5bb9142bf1e8515517a9e167021b225104594e48e8a,"{""distance"":5,""physical_error_rate"":0.001}","{""detection_events"":4116,""detectors_checked"":917504}"
     73728,         0,         0,    1.10,exact_mw,70a969f5042aec17ac076c6379f4170fb7c69b8e925756ef3b7334e28a33338b,"{""distance"":5,""physical_error_rate"":0.0001}","{""detection_events"":7120,""detectors_checked"":16515072}"
    175104,         1,         0,    32.0,exact_mw,bb90ec3459e353008cf9a5bb9142bf1e8515517a9e167021b225104594e48e8a,"{""distance"":5,""physical_error_rate"":0.001}","{""detection_events"":171639,""detectors_checked"":39223296,""obs_mistake_mask=E"":1}"
    185344,         0,         0,    2.17,exact_mw,cdc4a450a40af8e24899239080e4c40992fb5baf91c5a31ab3a165eacb3a1ab3,"{""distance"":5,""physical_error_rate"":0.0002}","{""detection_events"":36041,""detectors_checked"":41517056}"
    249856,         0,         0,    2.12,exact_mw,70a969f5042aec17ac076c6379f4170fb7c69b8e925756ef3b7334e28a33338b,"{""distance"":5,""physical_error_rate"":0.0001}","{""detection_events"":24516,""detectors_checked"":55967744}"
    200704,         0,         0,    2.15,exact_mw,70a969f5042aec17ac076c6379f4170fb7c69b8e925756ef3b7334e28a33338b,"{""distance"":5,""physical_error_rate"":0.0001}","{""detection_events"":20096,""detectors_checked"":44957696}"
    108544,         0,         0,    1.54,exact_mw,cdc4a450a40af8e24899239080e4c40992fb5baf91c5a31ab3a165eacb3a1ab3,"{""distance"":5,""physical_error_rate"":0.0002}","{""detection_events"":21532,""detectors_checked"":24313856}"
     18432,         0,         0,    1.20,exact_mw,f32ebecd8e105e50ec838d33c5ed9b45444b6b44a3c6ac541111079f2b14e893,"{""distance"":5,""physical_error_rate"":5e-05}","{""detection_events"":1014,""detectors_checked"":4128768}"
   5818368,         2,         0,    87.1,exact_mw,cb12ae119b9b2ba18d0216e7235b403229e92fd0743ede48fe7f1a2c6f45d594,"{""distance"":5,""physical_error_rate"":0.0005}","{""detection_events"":2864364,""detectors_checked"":1303314432,""obs_mistake_mask=E"":2}"
   4302848,         0,         0,    62.3,exact_mw,f32ebecd8e105e50ec838d33c5ed9b45444b6b44a3c6ac541111079f2b14e893,"{""distance"":5,""physical_error_rate"":5e-05}","{""detection_events"":212414,""detectors_checked"":963837952}"
     36864,         0,         0,    1.09,exact_mw,cb12ae119b9b2ba18d0216e7235b403229e92fd0743ede48fe7f1a2c6f45d594,"{""distance"":5,""physical_error_rate"":0.0005}","{""detection_events"":18313,""detectors_checked"":8257536}"
   5259264,         0,         0,    87.3,exact_mw,f32ebecd8e105e50ec838d33c5ed9b45444b6b44a3c6ac541111079f2b14e893,"{""distance"":5,""physical_error_rate"":5e-05}","{""detection_events"":259338,""detectors_checked"":1178075136}"
   3150848,         0,         0,    87.6,exact_mw,f32ebecd8e105e50ec838d33c5ed9b45444b6b44a3c6ac541111079f2b14e893,"{""distance"":5,""physical_error_rate"":5e-05}","{""detection_events"":155533,""detectors_checked"":705789952}"
      7168,         0,         0,   0.636,exact_mw,bb90ec3459e353008cf9a5bb9142bf1e8515517a9e167021b225104594e48e8a,"{""distance"":5,""physical_error_rate"":0.001}","{""detection_events"":6871,""detectors_checked"":1605632}"
   6258688,         0,         0,    62.3,exact_mw,f32ebecd8e105e50ec838d33c5ed9b45444b6b44a3c6ac541111079f2b14e893,"{""distance"":5,""physical_error_rate"":5e-05}","{""detection_events"":309415,""detectors_checked"":1401946112}"
   1913856,         9,         0,    87.5,exact_mw,bb90ec3459e353008cf9a5bb9142bf1e8515517a9e167021b225104594e48e8a,"{""distance"":5,""physical_error_rate"":0.001}","{""detection_events"":1878362,""detectors_checked"":428703744,""obs_mistake_mask=E"":9}"
   1632256,        11,         0,    87.7,exact_mw,bb90ec3459e353008cf9a5bb9142bf1e8515517a9e167021b225104594e48e8a,"{""distance"":5,""physical_error_rate"":0.001}","{""detection_events"":1601573,""detectors_checked"":365625344,""obs_mistake_mask=E"":11}"
     73728,         1,         0,    2.18,exact_mw,bb90ec3459e353008cf9a5bb9142bf1e8515517a9e167021b225104594e48e8a,"{""distance"":5,""physical_error_rate"":0.001}","{""detection_events"":72033,""detectors_checked"":16515072,""obs_mistake_mask=E"":1}"
   6262784,         0,         0,    87.2,exact_mw,70a969f5042aec17ac076c6379f4170fb7c69b8e925756ef3b7334e28a33338b,"{""distance"":5,""physical_error_rate"":0.0001}","{""detection_events"":619011,""detectors_checked"":1402863616}"
    195584,         0,         0,    2.17,exact_mw,cdc4a450a40af8e24899239080e4c40992fb5baf91c5a31ab3a165eacb3a1ab3,"{""distance"":5,""physical_error_rate"":0.0002}","{""detection_events"":38511,""detectors_checked"":43810816}"
    613376,         2,         0,    87.7,exact_mw,bb90ec3459e353008cf9a5bb9142bf1e8515517a9e167021b225104594e48e8a,"{""distance"":5,""physical_error_rate"":0.001}","{""detection_events"":602646,""detectors_checked"":137396224,""obs_mistake_mask=E"":2}"
   2041856,         0,         0,    87.3,exact_mw,f32ebecd8e105e50ec838d33c5ed9b45444b6b44a3c6ac541111079f2b14e893,"{""distance"":5,""physical_error_rate"":5e-05}","{""detection_events"":100227,""detectors_checked"":457375744}"
   6064128,         0,         0,    87.1,exact_mw,70a969f5042aec17ac076c6379f4170fb7c69b8e925756ef3b7334e28a33338b,"{""distance"":5,""physical_error_rate"":0.0001}","{""detection_events"":594376,""detectors_checked"":1358364672}"
   8174592,         0,         0,    87.2,exact_mw,cdc4a450a40af8e24899239080e4c40992fb5baf91c5a31ab3a165eacb3a1ab3,"{""distance"":5,""physical_error_rate"":0.0002}","{""detection_events"":1610971,""detectors_checked"":1831108608}"
     11264,         0,         0,   0.837,exact_mw,bb90ec3459e353008cf9a5bb9142bf1e8515517a9e167021b225104594e48e8a,"{""distance"":5,""physical_error_rate"":0.001}","{""detection_events"":10928,""detectors_checked"":2523136}"
     99328,         0,         0,    1.55,exact_mw,70a969f5042aec17ac076c6379f4170fb7c69b8e925756ef3b7334e28a33338b,"{""distance"":5,""physical_error_rate"":0.0001}","{""detection_events"":10008,""detectors_checked"":22249472}"
    192512,         0,         0,    2.16,exact_mw,cb12ae119b9b2ba18d0216e7235b403229e92fd0743ede48fe7f1a2c6f45d594,"{""distance"":5,""physical_error_rate"":0.0005}","{""detection_events"":94422,""detectors_checked"":43122688}"
     35840,         0,         0,    2.18,exact_mw,f32ebecd8e105e50ec838d33c5ed9b45444b6b44a3c6ac541111079f2b14e893,"{""distance"":5,""physical_error_rate"":5e-05}","{""detection_events"":1666,""detectors_checked"":8028160}"
     27648,         0,         0,    1.58,exact_mw,f32ebecd8e105e50ec838d33c5ed9b45444b6b44a3c6ac541111079f2b14e893,"{""distance"":5,""physical_error_rate"":5e-05}","{""detection_events"":1320,""detectors_checked"":6193152}"
    392192,         0,         0,    2.14,exact_mw,f32ebecd8e105e50ec838d33c5ed9b45444b6b44a3c6ac541111079f2b14e893,"{""distance"":5,""physical_error_rate"":5e-05}","{""detection_events"":19433,""detectors_checked"":87851008}"
     49152,         0,         0,    1.56,exact_mw,cb12ae119b9b2ba18d0216e7235b403229e92fd0743ede48fe7f1a2c6f45d594,"{""distance"":5,""physical_error_rate"":0.0005}","{""detection_events"":24482,""detectors_checked"":11010048}"
         1,         0,         0,   0.048,exact_mw,bb90ec3459e353008cf9a5bb9142bf1e8515517a9e167021b225104594e48e8a,"{""distance"":5,""physical_error_rate"":0.001}","{""detection_events"":2,""detectors_checked"":224}"
      1297,         0,         0,   0.053,exact_mw,cdc4a450a40af8e24899239080e4c40992fb5baf91c5a31ab3a165eacb3a1ab3,"{""distance"":5,""physical_error_rate"":0.0002}","{""detection_events"":232,""detectors_checked"":290528}"
      1024,         0,         0,   0.051,exact_mw,cdc4a450a40af8e24899239080e4c40992fb5baf91c5a31ab3a165eacb3a1ab3,"{""distance"":5,""physical_error_rate"":0.0002}","{""detection_events"":226,""detectors_checked"":229376}"
      1160,         0,         0,   0.208,exact_mw,bb90ec3459e353008cf9a5bb9142bf1e8515517a9e167021b225104594e48e8a,"{""distance"":5,""physical_error_rate"":0.001}","{""detection_events"":1043,""detectors_checked"":259840}"
      1024,         0,         0,   0.051,exact_mw,cdc4a450a40af8e24899239080e4c40992fb5baf91c5a31ab3a165eacb3a1ab3,"{""distance"":5,""physical_error_rate"":0.0002}","{""detection_events"":228,""detectors_checked"":229376}"
      1024,         0,         0,   0.056,exact_mw,bb90ec3459e353008cf9a5bb9142bf1e8515517a9e167021b225104594e48e8a,"{""distance"":5,""physical_error_rate"":0.001}","{""detection_events"":885,""detectors_checked"":229376}"
      2048,         0,         0,   0.054,exact_mw,cdc4a450a40af8e24899239080e4c40992fb5baf91c5a31ab3a165eacb3a1ab3,"{""distance"":5,""physical_error_rate"":0.0002}","{""detection_events"":444,""detectors_checked"":458752}"
   6249472,         0,         0,    87.1,exact_mw,cdc4a450a40af8e24899239080e4c40992fb5baf91c5a31ab3a165eacb3a1ab3,"{""distance"":5,""physical_error_rate"":0.0002}","{""detection_events"":1231127,""detectors_checked"":1399881728}"
      1024,         0,         0,   0.051,exact_mw,cdc4a450a40af8e24899239080e4c40992fb5baf91c5a31ab3a165eacb3a1ab3,"{""distance"":5,""physical_error_rate"":0.0002}","{""detection_events"":188,""detectors_checked"":229376}"
    151552,         0,         0,    2.17,exact_mw,cdc4a450a40af8e24899239080e4c40992fb5baf91c5a31ab3a165eacb3a1ab3,"{""distance"":5,""physical_error_rate"":0.0002}","{""detection_events"":29373,""detectors_checked"":33947648}"
      1024,         0,         0,   0.102,exact_mw,bb90ec3459e353008cf9a5bb9142bf1e8515517a9e167021b225104594e48e8a,"{""distance"":5,""physical_error_rate"":0.001}","{""detection_events"":950,""detectors_checked"":229376}"
      2048,         0,         0,   0.054,exact_mw,cdc4a450a40af8e24899239080e4c40992fb5baf91c5a31ab3a165eacb3a1ab3,"{""distance"":5,""physical_error_rate"":0.0002}","{""detection_events"":434,""detectors_checked"":458752}"
     13312,         0,         0,    1.09,exact_mw,bb90ec3459e353008cf9a5bb9142bf1e8515517a9e167021b225104594e48e8a,"{""distance"":5,""physical_error_rate"":0.001}","{""detection_events"":13314,""detectors_checked"":2981888}"
      2048,         0,         0,   0.102,exact_mw,cdc4a450a40af8e24899239080e4c40992fb5baf91c5a31ab3a165eacb3a1ab3,"{""distance"":5,""physical_error_rate"":0.0002}","{""detection_events"":382,""detectors_checked"":458752}"
      1024,         0,         0,   0.155,exact_mw,bb90ec3459e353008cf9a5bb9142bf1e8515517a9e167021b225104594e48e8a,"{""distance"":5,""physical_error_rate"":0.001}","{""detection_events"":966,""detectors_checked"":229376}"
      1024,         0,         0,   0.055,exact_mw,bb90ec3459e353008cf9a5bb9142bf1e8515517a9e167021b225104594e48e8a,"{""distance"":5,""physical_error_rate"":0.001}","{""detection_events"":888,""detectors_checked"":229376}"
      4096,         0,         0,   0.155,exact_mw,cdc4a450a40af8e24899239080e4c40992fb5baf91c5a31ab3a165eacb3a1ab3,"{""distance"":5,""physical_error_rate"":0.0002}","{""detection_events"":813,""detectors_checked"":917504}"
      1024,         0,         0,   0.205,exact_mw,bb90ec3459e353008cf9a5bb9142bf1e8515517a9e167021b225104594e48e8a,"{""distance"":5,""physical_error_rate"":0.001}","{""detection_events"":960,""detectors_checked"":229376}"
      4096,         0,         0,   0.154,exact_mw,cdc4a450a40af8e24899239080e4c40992fb5baf91c5a31ab3a165eacb3a1ab3,"{""distance"":5,""physical_error_rate"":0.0002}","{""detection_events"":769,""detectors_checked"":917504}"
    276480,         0,         0,    3.02,exact_mw,f32ebecd8e105e50ec838d33c5ed9b45444b6b44a3c6ac541111079f2b14e893,"{""distance"":5,""physical_error_rate"":5e-05}","{""detection_events"":13393,""detectors_checked"":61931520}"
      1024,         0,         0,   0.157,exact_mw,bb90ec3459e353008cf9a5bb9142bf1e8515517a9e167021b225104594e48e8a,"{""distance"":5,""physical_error_rate"":0.001}","{""detection_events"":1033,""detectors_checked"":229376}"
      6144,         0,         0,   0.208,exact_mw,cdc4a450a40af8e24899239080e4c40992fb5baf91c5a31ab3a165eacb3a1ab3,"{""distance"":5,""physical_error_rate"":0.0002}","{""detection_events"":1085,""detectors_checked"":1376256}"
    257024,         0,         0,    2.99,exact_mw,cdc4a450a40af8e24899239080e4c40992fb5baf91c5a31ab3a165eacb3a1ab3,"{""distance"":5,""physical_error_rate"":0.0002}","{""detection_events"":50323,""detectors_checked"":57573376}"
   4144128,         0,         0,    87.2,exact_mw,70a969f5042aec17ac076c6379f4170fb7c69b8e925756ef3b7334e28a33338b,"{""distance"":5,""physical_error_rate"":0.0001}","{""detection_events"":410650,""detectors_checked"":928284672}"
    358400,         0,         0,    3.00,exact_mw,70a969f5042aec17ac076c6379f4170fb7c69b8e925756ef3b7334e28a33338b,"{""distance"":5,""physical_error_rate"":0.0001}","{""detection_events"":35214,""detectors_checked"":80281600}"
    247808,         0,         0,    3.05,exact_mw,70a969f5042aec17ac076c6379f4170fb7c69b8e925756ef3b7334e28a33338b,"{""distance"":5,""physical_error_rate"":0.0001}","{""detection_events"":24686,""detectors_checked"":55508992}"
      2048,         0,         0,   0.263,exact_mw,bb90ec3459e353008cf9a5bb9142bf1e8515517a9e167021b225104594e48e8a,"{""distance"":5,""physical_error_rate"":0.001}","{""detection_events"":2028,""detectors_checked"":458752}"
   6616064,         0,         0,    87.1,exact_mw,f32ebecd8e105e50ec838d33c5ed9b45444b6b44a3c6ac541111079f2b14e893,"{""distance"":5,""physical_error_rate"":5e-05}","{""detection_events"":326157,""detectors_checked"":1481998336}"
      8192,         0,         0,   0.311,exact_mw,cdc4a450a40af8e24899239080e4c40992fb5baf91c5a31ab3a165eacb3a1ab3,"{""distance"":5,""physical_error_rate"":0.0002}","{""detection_events"":1602,""detectors_checked"":1835008}"
      2048,         0,         0,   0.310,exact_mw,bb90ec3459e353008cf9a5bb9142bf1e8515517a9e167021b225104594e48e8a,"{""distance"":5,""physical_error_rate"":0.001}","{""detection_events"":1834,""detectors_checked"":458752}"
    139264,         0,         0,    2.14,exact_mw,70a969f5042aec17ac076c6379f4170fb7c69b8e925756ef3b7334e28a33338b,"{""distance"":5,""physical_error_rate"":0.0001}","{""detection_events"":13618,""detectors_checked"":31195136}"
     11264,         0,         0,   0.415,exact_mw,cdc4a450a40af8e24899239080e4c40992fb5baf91c5a31ab3a165eacb3a1ab3,"{""distance"":5,""physical_error_rate"":0.0002}","{""detection_events"":2177,""detectors_checked"":2523136}"
      3072,         0,         0,   0.313,exact_mw,bb90ec3459e353008cf9a5bb9142bf1e8515517a9e167021b225104594e48e8a,"{""distance"":5,""physical_error_rate"":0.001}","{""detection_events"":3051,""detectors_checked"":688128}"
     99328,         0,         0,    3.03,exact_mw,bb90ec3459e353008cf9a5bb9142bf1e8515517a9e167021b225104594e48e8a,"{""distance"":5,""physical_error_rate"":0.001}","{""detection_events"":98227,""detectors_checked"":22249472}"
    106496,         0,         0,    2.16,exact_mw,f32ebecd8e105e50ec838d33c5ed9b45444b6b44a3c6ac541111079f2b14e893,"{""distance"":5,""physical_error_rate"":5e-05}","{""detection_events"":5270,""detectors_checked"":23855104}"
     21504,         0,         0,    1.60,exact_mw,bb90ec3459e353008cf9a5bb9142bf1e8515517a9e167021b225104594e48e8a,"{""distance"":5,""physical_error_rate"":0.001}","{""detection_events"":21518,""detectors_checked"":4816896}"
     71680,         0,         0,    2.18,exact_mw,cb12ae119b9b2ba18d0216e7235b403229e92fd0743ede48fe7f1a2c6f45d594,"{""distance"":5,""physical_error_rate"":0.0005}","{""detection_events"":35345,""detectors_checked"":16056320}"
    245760,         0,         0,    3.02,exact_mw,cdc4a450a40af8e24899239080e4c40992fb5baf91c5a31ab3a165eacb3a1ab3,"{""distance"":5,""physical_error_rate"":0.0002}","{""detection_events"":48717,""detectors_checked"":55050240}"
      3072,         0,         0,   0.414,exact_mw,bb90ec3459e353008cf9a5bb9142bf1e8515517a9e167021b225104594e48e8a,"{""distance"":5,""physical_error_rate"":0.001}","{""detection_events"":3067,""detectors_checked"":688128}"
     15360,         0,         0,   0.571,exact_mw,cdc4a450a40af8e24899239080e4c40992fb5baf91c5a31ab3a165eacb3a1ab3,"{""distance"":5,""physical_error_rate"":0.0002}","{""detection_events"":2865,""detectors_checked"":3440640}"
    270336,         0,         0,    3.02,exact_mw,cb12ae119b9b2ba18d0216e7235b403229e92fd0743ede48fe7f1a2c6f45d594,"{""distance"":5,""physical_error_rate"":0.0005}","{""detection_events"":132894,""detectors_checked"":60555264}"
   2579456,         0,         0,    87.5,exact_mw,f32ebecd8e105e50ec838d33c5ed9b45444b6b44a3c6ac541111079f2b14e893,"{""distance"":5,""physical_error_rate"":5e-05}","{""detection_events"":127914,""detectors_checked"":577798144}"
    211968,         0,         0,    3.05,exact_mw,f32ebecd8e105e50ec838d33c5ed9b45444b6b44a3c6ac541111079f2b14e893,"{""distance"":5,""physical_error_rate"":5e-05}","{""detection_events"":10411,""detectors_checked"":47480832}"
      1297,         0,         0,   0.180,exact_mw,bb90ec3459e353008cf9a5bb9142bf1e8515517a9e167021b225104594e48e8a,"{""distance"":5,""physical_error_rate"":0.001}","{""detection_events"":1263,""detectors_checked"":290528}"
      1024,         0,         0,   0.120,exact_mw,bb90ec3459e353008cf9a5bb9142bf1e8515517a9e167021b225104594e48e8a,"{""distance"":5,""physical_error_rate"":0.001}","{""detection_events"":967,""detectors_checked"":229376}"
      5120,         0,         0,   0.574,exact_mw,bb90ec3459e353008cf9a5bb9142bf1e8515517a9e167021b225104594e48e8a,"{""distance"":5,""physical_error_rate"":0.001}","{""detection_events"":5079,""detectors_checked"":1146880}"
      1024,         0,         0,   0.181,exact_mw,bb90ec3459e353008cf9a5bb9142bf1e8515517a9e167021b225104594e48e8a,"{""distance"":5,""physical_error_rate"":0.001}","{""detection_events"":985,""detectors_checked"":229376}"
    477184,         0,         0,    3.02,exact_mw,f32ebecd8e105e50ec838d33c5ed9b45444b6b44a3c6ac541111079f2b14e893,"{""distance"":5,""physical_error_rate"":5e-05}","{""detection_events"":23116,""detectors_checked"":106889216}"
      1024,         0,         0,   0.119,exact_mw,bb90ec3459e353008cf9a5bb9142bf1e8515517a9e167021b225104594e48e8a,"{""distance"":5,""physical_error_rate"":0.001}","{""detection_events"":1079,""detectors_checked"":229376}"
     21504,         0,         0,   0.831,exact_mw,cdc4a450a40af8e24899239080e4c40992fb5baf91c5a31ab3a165eacb3a1ab3,"{""distance"":5,""physical_error_rate"":0.0002}","{""detection_events"":4419,""detectors_checked"":4816896}"
      1297,         0,         0,   0.029,exact_mw,70a969f5042aec17ac076c6379f4170fb7c69b8e925756ef3b7334e28a33338b,"{""distance"":5,""physical_error_rate"":0.0001}","{""detection_events"":132,""detectors_checked"":290528}"
      2048,         0,         0,   0.031,exact_mw,70a969f5042aec17ac076c6379f4170fb7c69b8e925756ef3b7334e28a33338b,"{""distance"":5,""physical_error_rate"":0.0001}","{""detection_events"":167,""detectors_checked"":458752}"
      1297,         0,         0,   0.062,exact_mw,cb12ae119b9b2ba18d0216e7235b403229e92fd0743ede48fe7f1a2c6f45d594,"{""distance"":5,""physical_error_rate"":0.0005}","{""detection_events"":627,""detectors_checked"":290528}"
      2048,         0,         0,   0.031,exact_mw,70a969f5042aec17ac076c6379f4170fb7c69b8e925756ef3b7334e28a33338b,"{""distance"":5,""physical_error_rate"":0.0001}","{""detection_events"":213,""detectors_checked"":458752}"
      2048,         0,         0,   0.006,exact_mw,70a969f5042aec17ac076c6379f4170fb7c69b8e925756ef3b7334e28a33338b,"{""distance"":5,""physical_error_rate"":0.0001}","{""detection_events"":184,""detectors_checked"":458752}"
      3072,         0,         0,   0.059,exact_mw,70a969f5042aec17ac076c6379f4170fb7c69b8e925756ef3b7334e28a33338b,"{""distance"":5,""physical_error_rate"":0.0001}","{""detection_events"":302,""detectors_checked"":688128}"
      1024,         0,         0,   0.117,exact_mw,cb12ae119b9b2ba18d0216e7235b403229e92fd0743ede48fe7f1a2c6f45d594,"{""distance"":5,""physical_error_rate"":0.0005}","{""detection_events"":459,""detectors_checked"":229376}"
      1024,         0,         0,   0.240,exact_mw,bb90ec3459e353008cf9a5bb9142bf1e8515517a9e167021b225104594e48e8a,"{""distance"":5,""physical_error_rate"":0.001}","{""detection_events"":1049,""detectors_checked"":229376}"
      3072,         0,         0,   0.059,exact_mw,70a969f5042aec17ac076c6379f4170fb7c69b8e925756ef3b7334e28a33338b,"{""distance"":5,""physical_error_rate"":0.0001}","{""detection_events"":279,""detectors_checked"":688128}"
      1024,         0,         0,   0.060,exact_mw,cb12ae119b9b2ba18d0216e7235b403229e92fd0743ede48fe7f1a2c6f45d594,"{""distance"":5,""physical_error_rate"":0.0005}","{""detection_events"":551,""detectors_checked"":229376}"
    959488,         7,         0,    87.9,exact_mw,bb90ec3459e353008cf9a5bb9142bf1e8515517a9e167021b225104594e48e8a,"{""distance"":5,""physical_error_rate"":0.001}","{""detection_events"":941450,""detectors_checked"":214925312,""obs_mistake_mask=E"":7}"
    208896,         0,         0,    3.00,exact_mw,cdc4a450a40af8e24899239080e4c40992fb5baf91c5a31ab3a165eacb3a1ab3,"{""distance"":5,""physical_error_rate"":0.0002}","{""detection_events"":41363,""detectors_checked"":46792704}"
      6144,         0,         0,   0.092,exact_mw,70a969f5042aec17ac076c6379f4170fb7c69b8e925756ef3b7334e28a33338b,"{""distance"":5,""physical_error_rate"":0.0001}","{""detection_events"":626,""detectors_checked"":1376256}"
      2048,         0,         0,   0.120,exact_mw,cb12ae119b9b2ba18d0216e7235b403229e92fd0743ede48fe7f1a2c6f45d594,"{""distance"":5,""physical_error_rate"":0.0005}","{""detection_events"":962,""detectors_checked"":458752}"
      1024,         0,         0,   0.181,exact_mw,bb90ec3459e353008cf9a5bb9142bf1e8515517a9e167021b225104594e48e8a,"{""distance"":5,""physical_error_rate"":0.001}","{""detection_events"":923,""detectors_checked"":229376}"
      1024,         0,         0,   0.059,exact_mw,cb12ae119b9b2ba18d0216e7235b403229e92fd0743ede48fe7f1a2c6f45d594,"{""distance"":5,""physical_error_rate"":0.0005}","{""detection_events"":526,""detectors_checked"":229376}"
      7168,         0,         0,   0.095,exact_mw,70a969f5042aec17ac076c6379f4170fb7c69b8e925756ef3b7334e28a33338b,"{""distance"":5,""physical_error_rate"":0.0001}","{""detection_events"":646,""detectors_checked"":1605632}"
      1024,         0,         0,   0.061,exact_mw,cb12ae119b9b2ba18d0216e7235b403229e92fd0743ede48fe7f1a2c6f45d594,"{""distance"":5,""physical_error_rate"":0.0005}","{""detection_events"":449,""detectors_checked"":229376}"
      1024,         0,         0,   0.178,exact_mw,bb90ec3459e353008cf9a5bb9142bf1e8515517a9e167021b225104594e48e8a,"{""distance"":5,""physical_error_rate"":0.001}","{""detection_events"":1019,""detectors_checked"":229376}"
      9216,         0,         0,   0.833,exact_mw,bb90ec3459e353008cf9a5bb9142bf1e8515517a9e167021b225104594e48e8a,"{""distance"":5,""physical_error_rate"":0.001}","{""detection_events"":9026,""detectors_checked"":2064384}"
      8192,         0,         0,   0.147,exact_mw,70a969f5042aec17ac076c6379f4170fb7c69b8e925756ef3b7334e28a33338b,"{""distance"":5,""physical_error_rate"":0.0001}","{""detection_events"":779,""detectors_checked"":1835008}"
      2048,         0,         0,   0.120,exact_mw,cb12ae119b9b2ba18d0216e7235b403229e92fd0743ede48fe7f1a2c6f45d594,"{""distance"":5,""physical_error_rate"":0.0005}","{""detection_events"":1016,""detectors_checked"":458752}"
      2048,         0,         0,   0.119,exact_mw,cb12ae119b9b2ba18d0216e7235b403229e92fd0743ede48fe7f1a2c6f45d594,"{""distance"":5,""physical_error_rate"":0.0005}","{""detection_events"":943,""detectors_checked"":458752}"
      1024,         0,         0,   0.180,exact_mw,bb90ec3459e353008cf9a5bb9142bf1e8515517a9e167021b225104594e48e8a,"{""distance"":5,""physical_error_rate"":0.001}","{""detection_events"":1033,""detectors_checked"":229376}"
        17,         0,         0,   0.033,exact_mw,70a969f5042aec17ac076c6379f4170fb7c69b8e925756ef3b7334e28a33338b,"{""distance"":5,""physical_error_rate"":0.0001}","{""detection_events"":1,""detectors_checked"":3808}"
      2304,         0,         0,   0.006,exact_mw,70a969f5042aec17ac076c6379f4170fb7c69b8e925756ef3b7334e28a33338b,"{""distance"":5,""physical_error_rate"":0.0001}","{""detection_events"":241,""detectors_checked"":516096}"
      1024,         0,         0,   0.036,exact_mw,70a969f5042aec17ac076c6379f4170fb7c69b8e925756ef3b7334e28a33338b,"{""distance"":5,""physical_error_rate"":0.0001}","{""detection_events"":117,""detectors_checked"":229376}"
     12288,         0,         0,   0.208,exact_mw,70a969f5042aec17ac076c6379f4170fb7c69b8e925756ef3b7334e28a33338b,"{""distance"":5,""physical_error_rate"":0.0001}","{""detection_events"":1283,""detectors_checked"":2752512}"
      1024,         0,         0,   0.035,exact_mw,70a969f5042aec17ac076c6379f4170fb7c69b8e925756ef3b7334e28a33338b,"{""distance"":5,""physical_error_rate"":0.0001}","{""detection_events"":106,""detectors_checked"":229376}"
      3072,         0,         0,   0.180,exact_mw,cb12ae119b9b2ba18d0216e7235b403229e92fd0743ede48fe7f1a2c6f45d594,"{""distance"":5,""physical_error_rate"":0.0005}","{""detection_events"":1553,""detectors_checked"":688128}"
      3072,         0,         0,   0.072,exact_mw,70a969f5042aec17ac076c6379f4170fb7c69b8e925756ef3b7334e28a33338b,"{""distance"":5,""physical_error_rate"":0.0001}","{""detection_events"":291,""detectors_checked"":688128}"
   2337792,         2,         0,    87.0,exact_mw,cb12ae119b9b2ba18d0216e7235b403229e92fd0743ede48fe7f1a2c6f45d594,"{""distance"":5,""physical_error_rate"":0.0005}","{""detection_events"":1153018,""detectors_checked"":523665408,""obs_mistake_mask=E"":2}"
      3072,         0,         0,   0.072,exact_mw,70a969f5042aec17ac076c6379f4170fb7c69b8e925756ef3b7334e28a33338b,"{""distance"":5,""physical_error_rate"":0.0001}","{""detection_events"":309,""detectors_checked"":688128}"
      2048,         0,         0,   0.300,exact_mw,bb90ec3459e353008cf9a5bb9142bf1e8515517a9e167021b225104594e48e8a,"{""distance"":5,""physical_error_rate"":0.001}","{""detection_events"":1994,""detectors_checked"":458752}"
   6375424,         1,         0,    87.0,exact_mw,cb12ae119b9b2ba18d0216e7235b403229e92fd0743ede48fe7f1a2c6f45d594,"{""distance"":5,""physical_error_rate"":0.0005}","{""detection_events"":3137831,""detectors_checked"":1428094976,""obs_mistake_mask=E"":1}"
      4096,         0,         0,   0.107,exact_mw,70a969f5042aec17ac076c6379f4170fb7c69b8e925756ef3b7334e28a33338b,"{""distance"":5,""physical_error_rate"":0.0001}","{""detection_events"":450,""detectors_checked"":917504}"
     18432,         0,         0,   0.300,exact_mw,70a969f5042aec17ac076c6379f4170fb7c69b8e925756ef3b7334e28a33338b,"{""distance"":5,""physical_error_rate"":0.0001}","{""detection_events"":1733,""detectors_checked"":4128768}"
      5120,         0,         0,   0.240,exact_mw,cb12ae119b9b2ba18d0216e7235b403229e92fd0743ede48fe7f1a2c6f45d594,"{""distance"":5,""physical_error_rate"":0.0005}","{""detection_events"":2575,""detectors_checked"":1146880}"
     30720,         0,         0,    1.09,exact_mw,cdc4a450a40af8e24899239080e4c40992fb5baf91c5a31ab3a165eacb3a1ab3,"{""distance"":5,""physical_error_rate"":0.0002}","{""detection_events"":6307,""detectors_checked"":6881280}"
     27648,         0,         0,    2.21,exact_mw,bb90ec3459e353008cf9a5bb9142bf1e8515517a9e167021b225104594e48e8a,"{""distance"":5,""physical_error_rate"":0.001}","{""detection_events"":27133,""detectors_checked"":6193152}"
      4096,         0,         0,   0.107,exact_mw,70a969f5042aec17ac076c6379f4170fb7c69b8e925756ef3b7334e28a33338b,"{""distance"":5,""physical_error_rate"":0.0001}","{""detection_events"":403,""detectors_checked"":917504}"
       273,         0,         0,   0.033,exact_mw,cb12ae119b9b2ba18d0216e7235b403229e92fd0743ede48fe7f1a2c6f45d594,"{""distance"":5,""physical_error_rate"":0.0005}","{""detection_events"":129,""detectors_checked"":61152}"
      2048,         0,         0,   0.300,exact_mw,bb90ec3459e353008cf9a5bb9142bf1e8515517a9e167021b225104594e48e8a,"{""distance"":5,""physical_error_rate"":0.001}","{""detection_events"":1964,""detectors_checked"":458752}"
      2048,         0,         0,   0.039,exact_mw,cb12ae119b9b2ba18d0216e7235b403229e92fd0743ede48fe7f1a2c6f45d594,"{""distance"":5,""physical_error_rate"":0.0005}","{""detection_events"":957,""detectors_checked"":458752}"
      1297,         0,         0,   0.052,exact_mw,f32ebecd8e105e50ec838d33c5ed9b45444b6b44a3c6ac541111079f2b14e893,"{""distance"":5,""physical_error_rate"":5e-05}","{""detection_events"":86,""detectors_checked"":290528}"
      7168,         0,         0,   0.180,exact_mw,70a969f5042aec17ac076c6379f4170fb7c69b8e925756ef3b7334e28a33338b,"{""distance"":5,""physical_error_rate"":0.0001}","{""detection_events"":691,""detectors_checked"":1605632}"
      1024,         0,         0,   0.035,exact_mw,cb12ae119b9b2ba18d0216e7235b403229e92fd0743ede48fe7f1a2c6f45d594,"{""distance"":5,""physical_error_rate"":0.0005}","{""detection_events"":497,""detectors_checked"":229376}"
   4365312,         0,         0,    87.3,exact_mw,f32ebecd8e105e50ec838d33c5ed9b45444b6b44a3c6ac541111079f2b14e893,"{""distance"":5,""physical_error_rate"":5e-05}","{""detection_events"":216282,""detectors_checked"":977829888}"
      1024,         0,         0,   0.051,exact_mw,f32ebecd8e105e50ec838d33c5ed9b45444b6b44a3c6ac541111079f2b14e893,"{""distance"":5,""physical_error_rate"":5e-05}","{""detection_events"":68,""detectors_checked"":229376}"
      1024,         0,         0,   0.036,exact_mw,cb12ae119b9b2ba18d0216e7235b403229e92fd0743ede48fe7f1a2c6f45d594,"{""distance"":5,""physical_error_rate"":0.0005}","{""detection_events"":491,""detectors_checked"":229376}"
      5120,         0,         0,   0.302,exact_mw,cb12ae119b9b2ba18d0216e7235b403229e92fd0743ede48fe7f1a2c6f45d594,"{""distance"":5,""physical_error_rate"":0.0005}","{""detection_events"":2785,""detectors_checked"":1146880}"
      1024,         0,         0,   0.051,exact_mw,f32ebecd8e105e50ec838d33c5ed9b45444b6b44a3c6ac541111079f2b14e893,"{""distance"":5,""physical_error_rate"":5e-05}","{""detection_events"":45,""detectors_checked"":229376}"
      2048,         0,         0,   0.072,exact_mw,cb12ae119b9b2ba18d0216e7235b403229e92fd0743ede48fe7f1a2c6f45d594,"{""distance"":5,""physical_error_rate"":0.0005}","{""detection_events"":991,""detectors_checked"":458752}"
     25600,         0,         0,   0.395,exact_mw,70a969f5042aec17ac076c6379f4170fb7c69b8e925756ef3b7334e28a33338b,"{""distance"":5,""physical_error_rate"":0.0001}","{""detection_events"":2563,""detectors_checked"":5734400}"
      2048,         0,         0,   0.054,exact_mw,f32ebecd8e105e50ec838d33c5ed9b45444b6b44a3c6ac541111079f2b14e893,"{""distance"":5,""physical_error_rate"":5e-05}","{""detection_events"":89,""detectors_checked"":458752}"
    197632,         0,         0,    3.02,exact_mw,70a969f5042aec17ac076c6379f4170fb7c69b8e925756ef3b7334e28a33338b,"{""distance"":5,""physical_error_rate"":0.0001}","{""detection_events"":19999,""detectors_checked"":44269568}"
      2048,         0,         0,   0.071,exact_mw,cb12ae119b9b2ba18d0216e7235b403229e92fd0743ede48fe7f1a2c6f45d594,"{""distance"":5,""physical_error_rate"":0.0005}","{""detection_events"":946,""detectors_checked"":458752}"
      1024,         0,         0,   0.051,exact_mw,f32ebecd8e105e50ec838d33c5ed9b45444b6b44a3c6ac541111079f2b14e893,"{""distance"":5,""physical_error_rate"":5e-05}","{""detection_events"":71,""detectors_checked"":229376}"
      9216,         0,         0,   0.217,exact_mw,70a969f5042aec17ac076c6379f4170fb7c69b8e925756ef3b7334e28a33338b,"{""distance"":5,""physical_error_rate"":0.0001}","{""detection_events"":860,""detectors_checked"":2064384}"
      3072,         0,         0,   0.105,exact_mw,cb12ae119b9b2ba18d0216e7235b403229e92fd0743ede48fe7f1a2c6f45d594,"{""distance"":5,""physical_error_rate"":0.0005}","{""detection_events"":1500,""detectors_checked"":688128}"
      3072,         0,         0,   0.105,exact_mw,f32ebecd8e105e50ec838d33c5ed9b45444b6b44a3c6ac541111079f2b14e893,"{""distance"":5,""physical_error_rate"":5e-05}","{""detection_events"":152,""detectors_checked"":688128}"
      2048,         0,         0,   0.357,exact_mw,bb90ec3459e353008cf9a5bb9142bf1e8515517a9e167021b225104594e48e8a,"{""distance"":5,""physical_error_rate"":0.001}","{""detection_events"":1928,""detectors_checked"":458752}"
      8192,         0,         0,    1.14,exact_mw,bb90ec3459e353008cf9a5bb9142bf1e8515517a9e167021b225104594e48e8a,"{""distance"":5,""physical_error_rate"":0.001}","{""detection_events"":7943,""detectors_checked"":1835008}"
      3072,         0,         0,   0.102,exact_mw,f32ebecd8e105e50ec838d33c5ed9b45444b6b44a3c6ac541111079f2b14e893,"{""distance"":5,""physical_error_rate"":5e-05}","{""detection_events"":94,""detectors_checked"":688128}"
      4096,         0,         0,   0.109,exact_mw,cb12ae119b9b2ba18d0216e7235b403229e92fd0743ede48fe7f1a2c6f45d594,"{""distance"":5,""physical_error_rate"":0.0005}","{""detection_events"":2003,""detectors_checked"":917504}"
      8192,         0,         0,   0.414,exact_mw,cb12ae119b9b2ba18d0216e7235b403229e92fd0743ede48fe7f1a2c6f45d594,"{""distance"":5,""physical_error_rate"":0.0005}","{""detection_events"":3963,""detectors_checked"":1835008}"
     12288,         0,         0,   0.289,exact_mw,70a969f5042aec17ac076c6379f4170fb7c69b8e925756ef3b7334e28a33338b,"{""distance"":5,""physical_error_rate"":0.0001}","{""detection_events"":1363,""detectors_checked"":2752512}"
      4096,         0,         0,   0.155,exact_mw,f32ebecd8e105e50ec838d33c5ed9b45444b6b44a3c6ac541111079f2b14e893,"{""distance"":5,""physical_error_rate"":5e-05}","{""detection_events"":239,""detectors_checked"":917504}"
      5120,         0,         0,   0.181,exact_mw,cb12ae119b9b2ba18d0216e7235b403229e92fd0743ede48fe7f1a2c6f45d594,"{""distance"":5,""physical_error_rate"":0.0005}","{""detection_events"":2611,""detectors_checked"":1146880}"
    382976,         0,         0,    4.23,exact_mw,f32ebecd8e105e50ec838d33c5ed9b45444b6b44a3c6ac541111079f2b14e893,"{""distance"":5,""physical_error_rate"":5e-05}","{""detection_events"":18992,""detectors_checked"":85786624}"
    186368,         0,         0,    3.03,exact_mw,f32ebecd8e105e50ec838d33c5ed9b45444b6b44a3c6ac541111079f2b14e893,"{""distance"":5,""physical_error_rate"":5e-05}","{""detection_events"":9328,""detectors_checked"":41746432}"
     99328,         0,         0,    3.04,exact_mw,cb12ae119b9b2ba18d0216e7235b403229e92fd0743ede48fe7f1a2c6f45d594,"{""distance"":5,""physical_error_rate"":0.0005}","{""detection_events"":49561,""detectors_checked"":22249472}"
      4096,         0,         0,   0.155,exact_mw,f32ebecd8e105e50ec838d33c5ed9b45444b6b44a3c6ac541111079f2b14e893,"{""distance"":5,""physical_error_rate"":5e-05}","{""detection_events"":201,""detectors_checked"":917504}"
     34816,         0,         0,   0.565,exact_mw,70a969f5042aec17ac076c6379f4170fb7c69b8e925756ef3b7334e28a33338b,"{""distance"":5,""physical_error_rate"":0.0001}","{""detection_events"":3382,""detectors_checked"":7798784}"
      6144,         0,         0,   0.217,exact_mw,cb12ae119b9b2ba18d0216e7235b403229e92fd0743ede48fe7f1a2c6f45d594,"{""distance"":5,""physical_error_rate"":0.0005}","{""detection_events"":2980,""detectors_checked"":1376256}"
    358400,         0,         0,    4.25,exact_mw,cdc4a450a40af8e24899239080e4c40992fb5baf91c5a31ab3a165eacb3a1ab3,"{""distance"":5,""physical_error_rate"":0.0002}","{""detection_events"":71825,""detectors_checked"":80281600}"
      4096,         0,         0,   0.485,exact_mw,bb90ec3459e353008cf9a5bb9142bf1e8515517a9e167021b225104594e48e8a,"{""distance"":5,""physical_error_rate"":0.001}","{""detection_events"":3971,""detectors_checked"":917504}"
    696320,         0,         0,    4.18,exact_mw,70a969f5042aec17ac076c6379f4170fb7c69b8e925756ef3b7334e28a33338b,"{""distance"":5,""physical_error_rate"":0.0001}","{""detection_events"":68997,""detectors_checked"":155975680}"
      6144,         0,         0,   0.209,exact_mw,f32ebecd8e105e50ec838d33c5ed9b45444b6b44a3c6ac541111079f2b14e893,"{""distance"":5,""physical_error_rate"":5e-05}","{""detection_events"":306,""detectors_checked"":1376256}"
    309248,         0,         0,    4.26,exact_mw,70a969f5042aec17ac076c6379f4170fb7c69b8e925756ef3b7334e28a33338b,"{""distance"":5,""physical_error_rate"":0.0001}","{""detection_events"":30293,""detectors_checked"":69271552}"
     18432,         0,         0,   0.434,exact_mw,70a969f5042aec17ac076c6379f4170fb7c69b8e925756ef3b7334e28a33338b,"{""distance"":5,""physical_error_rate"":0.0001}","{""detection_events"":1804,""detectors_checked"":4128768}"
     11264,         0,         0,   0.600,exact_mw,cb12ae119b9b2ba18d0216e7235b403229e92fd0743ede48fe7f1a2c6f45d594,"{""distance"":5,""physical_error_rate"":0.0005}","{""detection_events"":5704,""detectors_checked"":2523136}"
     10240,         0,         0,   0.321,exact_mw,cb12ae119b9b2ba18d0216e7235b403229e92fd0743ede48fe7f1a2c6f45d594,"{""distance"":5,""physical_error_rate"":0.0005}","{""detection_events"":5020,""detectors_checked"":2293760}"
   8531968,         0,         0,    87.0,exact_mw,70a969f5042aec17ac076c6379f4170fb7c69b8e925756ef3b7334e28a33338b,"{""distance"":5,""physical_error_rate"":0.0001}","{""detection_events"":841214,""detectors_checked"":1911160832}"
      8192,         0,         0,   0.310,exact_mw,f32ebecd8e105e50ec838d33c5ed9b45444b6b44a3c6ac541111079f2b14e893,"{""distance"":5,""physical_error_rate"":5e-05}","{""detection_events"":336,""detectors_checked"":1835008}"
     43008,         0,         0,    1.56,exact_mw,cdc4a450a40af8e24899239080e4c40992fb5baf91c5a31ab3a165eacb3a1ab3,"{""distance"":5,""physical_error_rate"":0.0002}","{""detection_events"":8270,""detectors_checked"":9633792}"
   3076096,         0,         0,    87.1,exact_mw,cdc4a450a40af8e24899239080e4c40992fb5baf91c5a31ab3a165eacb3a1ab3,"{""distance"":5,""physical_error_rate"":0.0002}","{""detection_events"":607090,""detectors_checked"":689045504}"
      4096,         0,         0,   0.596,exact_mw,bb90ec3459e353008cf9a5bb9142bf1e8515517a9e167021b225104594e48e8a,"{""distance"":5,""physical_error_rate"":0.001}","{""detection_events"":3868,""detectors_checked"":917504}"
     12288,         0,         0,   0.406,exact_mw,cb12ae119b9b2ba18d0216e7235b403229e92fd0743ede48fe7f1a2c6f45d594,"{""distance"":5,""physical_error_rate"":0.0005}","{""detection_events"":6019,""detectors_checked"":2752512}"
     51200,         0,         0,   0.779,exact_mw,70a969f5042aec17ac076c6379f4170fb7c69b8e925756ef3b7334e28a33338b,"{""distance"":5,""physical_error_rate"":0.0001}","{""detection_events"":5046,""detectors_checked"":11468800}"
     22528,         0,         0,   0.589,exact_mw,70a969f5042aec17ac076c6379f4170fb7c69b8e925756ef3b7334e28a33338b,"{""distance"":5,""physical_error_rate"":0.0001}","{""detection_events"":2214,""detectors_checked"":5046272}"
    202752,         2,         0,    4.26,exact_mw,bb90ec3459e353008cf9a5bb9142bf1e8515517a9e167021b225104594e48e8a,"{""distance"":5,""physical_error_rate"":0.001}","{""detection_events"":199634,""detectors_checked"":45416448,""obs_mistake_mask=E"":2}"
     12288,         0,         0,   0.417,exact_mw,f32ebecd8e105e50ec838d33c5ed9b45444b6b44a3c6ac541111079f2b14e893,"{""distance"":5,""physical_error_rate"":5e-05}","{""detection_events"":629,""detectors_checked"":2752512}"
   6820864,         0,         0,    87.4,exact_mw,70a969f5042aec17ac076c6379f4170fb7c69b8e925756ef3b7334e28a33338b,"{""distance"":5,""physical_error_rate"":0.0001}","{""detection_events"":674057,""detectors_checked"":1527873536}"
     13312,         0,         0,   0.839,exact_mw,cb12ae119b9b2ba18d0216e7235b403229e92fd0743ede48fe7f1a2c6f45d594,"{""distance"":5,""physical_error_rate"":0.0005}","{""detection_events"":6310,""detectors_checked"":2981888}"
     14336,         0,         0,    1.64,exact_mw,bb90ec3459e353008cf9a5bb9142bf1e8515517a9e167021b225104594e48e8a,"{""distance"":5,""physical_error_rate"":0.001}","{""detection_events"":14283,""detectors_checked"":3211264}"
    302080,         0,         0,    4.24,exact_mw,cdc4a450a40af8e24899239080e4c40992fb5baf91c5a31ab3a165eacb3a1ab3,"{""distance"":5,""physical_error_rate"":0.0002}","{""detection_events"":59423,""detectors_checked"":67665920}"
     10240,         0,         0,   0.521,exact_mw,cb12ae119b9b2ba18d0216e7235b403229e92fd0743ede48fe7f1a2c6f45d594,"{""distance"":5,""physical_error_rate"":0.0005}","{""detection_events"":5056,""detectors_checked"":2293760}"
     67584,         0,         0,   0.559,exact_mw,f32ebecd8e105e50ec838d33c5ed9b45444b6b44a3c6ac541111079f2b14e893,"{""distance"":5,""physical_error_rate"":5e-05}","{""detection_events"":3172,""detectors_checked"":15138816}"
    379904,         0,         0,    4.17,exact_mw,cb12ae119b9b2ba18d0216e7235b403229e92fd0743ede48fe7f1a2c6f45d594,"{""distance"":5,""physical_error_rate"":0.0005}","{""detection_events"":187587,""detectors_checked"":85098496}"
      6144,         0,         0,   0.898,exact_mw,bb90ec3459e353008cf9a5bb9142bf1e8515517a9e167021b225104594e48e8a,"{""distance"":5,""physical_error_rate"":0.001}","{""detection_events"":6084,""detectors_checked"":1376256}"
    261120,         0,         0,    4.19,exact_mw,f32ebecd8e105e50ec838d33c5ed9b45444b6b44a3c6ac541111079f2b14e893,"{""distance"":5,""physical_error_rate"":5e-05}","{""detection_events"":12668,""detectors_checked"":58490880}"
     23552,         0,         0,   0.832,exact_mw,70a969f5042aec17ac076c6379f4170fb7c69b8e925756ef3b7334e28a33338b,"{""distance"":5,""physical_error_rate"":0.0001}","{""detection_events"":2295,""detectors_checked"":5275648}"
    133120,         0,         0,    1.13,exact_mw,70a969f5042aec17ac076c6379f4170fb7c69b8e925756ef3b7334e28a33338b,"{""distance"":5,""physical_error_rate"":0.0001}","{""detection_events"":13218,""detectors_checked"":29818880}"
    495616,         0,         0,    4.20,exact_mw,f32ebecd8e105e50ec838d33c5ed9b45444b6b44a3c6ac541111079f2b14e893,"{""distance"":5,""physical_error_rate"":5e-05}","{""detection_events"":24706,""detectors_checked"":111017984}"
     37888,         0,         0,    3.04,exact_mw,bb90ec3459e353008cf9a5bb9142bf1e8515517a9e167021b225104594e48e8a,"{""distance"":5,""physical_error_rate"":0.001}","{""detection_events"":37895,""detectors_checked"":8486912}"
     16384,         0,         0,   0.832,exact_mw,cb12ae119b9b2ba18d0216e7235b403229e92fd0743ede48fe7f1a2c6f45d594,"{""distance"":5,""physical_error_rate"":0.0005}","{""detection_events"":8033,""detectors_checked"":3670016}"
     94208,         0,         0,   0.781,exact_mw,f32ebecd8e105e50ec838d33c5ed9b45444b6b44a3c6ac541111079f2b14e893,"{""distance"":5,""physical_error_rate"":5e-05}","{""detection_events"":4600,""detectors_checked"":21102592}"
     19456,         0,         0,    1.13,exact_mw,cb12ae119b9b2ba18d0216e7235b403229e92fd0743ede48fe7f1a2c6f45d594,"{""distance"":5,""physical_error_rate"":0.0005}","{""detection_events"":9706,""detectors_checked"":4358144}"
    300032,         0,         0,    4.18,exact_mw,cdc4a450a40af8e24899239080e4c40992fb5baf91c5a31ab3a165eacb3a1ab3,"{""distance"":5,""physical_error_rate"":0.0002}","{""detection_events"":58994,""detectors_checked"":67207168}"
      8192,         0,         0,    1.17,exact_mw,bb90ec3459e353008cf9a5bb9142bf1e8515517a9e167021b225104594e48e8a,"{""distance"":5,""physical_error_rate"":0.001}","{""detection_events"":8016,""detectors_checked"":1835008}"
     63488,         0,         0,    2.14,exact_mw,cdc4a450a40af8e24899239080e4c40992fb5baf91c5a31ab3a165eacb3a1ab3,"{""distance"":5,""physical_error_rate"":0.0002}","{""detection_events"":12300,""detectors_checked"":14221312}"
     31744,         0,         0,    1.14,exact_mw,70a969f5042aec17ac076c6379f4170fb7c69b8e925756ef3b7334e28a33338b,"{""distance"":5,""physical_error_rate"":0.0001}","{""detection_events"":3025,""detectors_checked"":7110656}"
   1774592,         0,         0,    62.1,exact_mw,cdc4a450a40af8e24899239080e4c40992fb5baf91c5a31ab3a165eacb3a1ab3,"{""distance"":5,""physical_error_rate"":0.0002}","{""detection_events"":349510,""detectors_checked"":397508608}"
     23552,         0,         0,    1.09,exact_mw,cb12ae119b9b2ba18d0216e7235b403229e92fd0743ede48fe7f1a2c6f45d594,"{""distance"":5,""physical_error_rate"":0.0005}","{""detection_events"":11797,""detectors_checked"":5275648}"
     18432,         0,         0,    2.18,exact_mw,bb90ec3459e353008cf9a5bb9142bf1e8515517a9e167021b225104594e48e8a,"{""distance"":5,""physical_error_rate"":0.001}","{""detection_events"":17851,""detectors_checked"":4128768}"
    124928,         0,         0,    1.10,exact_mw,f32ebecd8e105e50ec838d33c5ed9b45444b6b44a3c6ac541111079f2b14e893,"{""distance"":5,""physical_error_rate"":5e-05}","{""detection_events"":6362,""detectors_checked"":27983872}"
   7743488,         1,         0,    86.7,exact_mw,cdc4a450a40af8e24899239080e4c40992fb5baf91c5a31ab3a165eacb3a1ab3,"{""distance"":5,""physical_error_rate"":0.0002}","{""detection_events"":1526728,""detectors_checked"":1734541312,""obs_mistake_mask=E"":1}"
    142336,         0,         0,    1.53,exact_mw,70a969f5042aec17ac076c6379f4170fb7c69b8e925756ef3b7334e28a33338b,"{""distance"":5,""physical_error_rate"":0.0001}","{""detection_events"":13867,""detectors_checked"":31883264}"
    278528,         0,         0,    4.24,exact_mw,70a969f5042aec17ac076c6379f4170fb7c69b8e925756ef3b7334e28a33338b,"{""distance"":5,""physical_error_rate"":0.0001}","{""detection_events"":27450,""detectors_checked"":62390272}"
     27648,         0,         0,    1.50,exact_mw,cb12ae119b9b2ba18d0216e7235b403229e92fd0743ede48fe7f1a2c6f45d594,"{""distance"":5,""physical_error_rate"":0.0005}","{""detection_events"":13707,""detectors_checked"":6193152}"
    294912,         0,         0,    4.21,exact_mw,f32ebecd8e105e50ec838d33c5ed9b45444b6b44a3c6ac541111079f2b14e893,"{""distance"":5,""physical_error_rate"":5e-05}","{""detection_events"":14754,""detectors_checked"":66060288}"
    138240,         1,         0,    4.22,exact_mw,cb12ae119b9b2ba18d0216e7235b403229e92fd0743ede48fe7f1a2c6f45d594,"{""distance"":5,""physical_error_rate"":0.0005}","{""detection_events"":69020,""detectors_checked"":30965760,""obs_mistake_mask=E"":1}"
     43008,         0,         0,    1.55,exact_mw,70a969f5042aec17ac076c6379f4170fb7c69b8e925756ef3b7334e28a33338b,"{""distance"":5,""physical_error_rate"":0.0001}","{""detection_events"":4316,""detectors_checked"":9633792}"
     10240,         0,         0,    1.62,exact_mw,bb90ec3459e353008cf9a5bb9142bf1e8515517a9e167021b225104594e48e8a,"{""distance"":5,""physical_error_rate"":0.001}","{""detection_events"":10061,""detectors_checked"":2293760}"
   8284117,         0,         0,    22.0,exact_mw,f32ebecd8e105e50ec838d33c5ed9b45444b6b44a3c6ac541111079f2b14e893,"{""distance"":5,""physical_error_rate"":5e-05}","{""detection_events"":408824,""detectors_checked"":1855642208}"
     26624,         0,         0,    1.62,exact_mw,cb12ae119b9b2ba18d0216e7235b403229e92fd0743ede48fe7f1a2c6f45d594,"{""distance"":5,""physical_error_rate"":0.0005}","{""detection_events"":13081,""detectors_checked"":5963776}"
    180224,         0,         0,    1.50,exact_mw,f32ebecd8e105e50ec838d33c5ed9b45444b6b44a3c6ac541111079f2b14e893,"{""distance"":5,""physical_error_rate"":5e-05}","{""detection_events"":8459,""detectors_checked"":40370176}"
    197632,         0,         0,    2.15,exact_mw,70a969f5042aec17ac076c6379f4170fb7c69b8e925756ef3b7334e28a33338b,"{""distance"":5,""physical_error_rate"":0.0001}","{""detection_events"":19472,""detectors_checked"":44269568}"
    573440,         0,         0,    5.90,exact_mw,f32ebecd8e105e50ec838d33c5ed9b45444b6b44a3c6ac541111079f2b14e893,"{""distance"":5,""physical_error_rate"":5e-05}","{""detection_events"":28147,""detectors_checked"":128450560}"
     89088,         0,         0,    3.02,exact_mw,cdc4a450a40af8e24899239080e4c40992fb5baf91c5a31ab3a165eacb3a1ab3,"{""distance"":5,""physical_error_rate"":0.0002}","{""detection_events"":17195,""detectors_checked"":19955712}"
    544768,         0,         0,    5.87,exact_mw,cdc4a450a40af8e24899239080e4c40992fb5baf91c5a31ab3a165eacb3a1ab3,"{""distance"":5,""physical_error_rate"":0.0002}","{""detection_events"":107256,""detectors_checked"":122028032}"
     38912,         0,         0,    2.16,exact_mw,cb12ae119b9b2ba18d0216e7235b403229e92fd0743ede48fe7f1a2c6f45d594,"{""distance"":5,""physical_error_rate"":0.0005}","{""detection_events"":19348,""detectors_checked"":8716288}"
    701440,         0,         0,    5.85,exact_mw,70a969f5042aec17ac076c6379f4170fb7c69b8e925756ef3b7334e28a33338b,"{""distance"":5,""physical_error_rate"":0.0001}","{""detection_events"":68522,""detectors_checked"":157122560}"
    435200,         0,         0,    5.92,exact_mw,70a969f5042aec17ac076c6379f4170fb7c69b8e925756ef3b7334e28a33338b,"{""distance"":5,""physical_error_rate"":0.0001}","{""detection_events"":42953,""detectors_checked"":97484800}"
    758784,         3,         0,    87.5,exact_mw,bb90ec3459e353008cf9a5bb9142bf1e8515517a9e167021b225104594e48e8a,"{""distance"":5,""physical_error_rate"":0.001}","{""detection_events"":745823,""detectors_checked"":169967616,""obs_mistake_mask=E"":3}"
     36864,         0,         0,    4.32,exact_mw,bb90ec3459e353008cf9a5bb9142bf1e8515517a9e167021b225104594e48e8a,"{""distance"":5,""physical_error_rate"":0.001}","{""detection_events"":36494,""detectors_checked"":8257536}"
     26624,         0,         0,    3.03,exact_mw,bb90ec3459e353008cf9a5bb9142bf1e8515517a9e167021b225104594e48e8a,"{""distance"":5,""physical_error_rate"":0.001}","{""detection_events"":25729,""detectors_checked"":5963776}"
     39936,         0,         0,    2.21,exact_mw,70a969f5042aec17ac076c6379f4170fb7c69b8e925756ef3b7334e28a33338b,"{""distance"":5,""physical_error_rate"":0.0001}","{""detection_events"":4144,""detectors_checked"":8945664}"
     12288,         0,         0,    2.18,exact_mw,bb90ec3459e353008cf9a5bb9142bf1e8515517a9e167021b225104594e48e8a,"{""distance"":5,""physical_error_rate"":0.001}","{""detection_events"":12033,""detectors_checked"":2752512}"
    166912,         1,         0,    5.93,exact_mw,bb90ec3459e353008cf9a5bb9142bf1e8515517a9e167021b225104594e48e8a,"{""distance"":5,""physical_error_rate"":0.001}","{""detection_events"":164323,""detectors_checked"":37388288,""obs_mistake_mask=E"":1}"
    193536,         0,         0,    2.13,exact_mw,f32ebecd8e105e50ec838d33c5ed9b45444b6b44a3c6ac541111079f2b14e893,"{""distance"":5,""physical_error_rate"":5e-05}","{""detection_events"":9632,""detectors_checked"":43352064}"
     29696,         0,         0,    2.13,exact_mw,cb12ae119b9b2ba18d0216e7235b403229e92fd0743ede48fe7f1a2c6f45d594,"{""distance"":5,""physical_error_rate"":0.0005}","{""detection_events"":14772,""detectors_checked"":6651904}"
    423936,         0,         0,    5.93,exact_mw,cdc4a450a40af8e24899239080e4c40992fb5baf91c5a31ab3a165eacb3a1ab3,"{""distance"":5,""physical_error_rate"":0.0002}","{""detection_events"":84224,""detectors_checked"":94961664}"
    514048,         0,         0,    5.94,exact_mw,cb12ae119b9b2ba18d0216e7235b403229e92fd0743ede48fe7f1a2c6f45d594,"{""distance"":5,""physical_error_rate"":0.0005}","{""detection_events"":252708,""detectors_checked"":115146752}"
    437248,         0,         0,    5.95,exact_mw,f32ebecd8e105e50ec838d33c5ed9b45444b6b44a3c6ac541111079f2b14e893,"{""distance"":5,""physical_error_rate"":5e-05}","{""detection_events"":21783,""detectors_checked"":97943552}"
    707584,         0,         0,    5.85,exact_mw,f32ebecd8e105e50ec838d33c5ed9b45444b6b44a3c6ac541111079f2b14e893,"{""distance"":5,""physical_error_rate"":5e-05}","{""detection_events"":35061,""detectors_checked"":158498816}"
    410624,         0,         0,    5.94,exact_mw,cdc4a450a40af8e24899239080e4c40992fb5baf91c5a31ab3a165eacb3a1ab3,"{""distance"":5,""physical_error_rate"":0.0002}","{""detection_events"":80034,""detectors_checked"":91979776}"
    277504,         0,         0,    3.05,exact_mw,70a969f5042aec17ac076c6379f4170fb7c69b8e925756ef3b7334e28a33338b,"{""distance"":5,""physical_error_rate"":0.0001}","{""detection_events"":27519,""detectors_checked"":62160896}"
    199680,         0,         0,    3.04,exact_mw,cb12ae119b9b2ba18d0216e7235b403229e92fd0743ede48fe7f1a2c6f45d594,"{""distance"":5,""physical_error_rate"":0.0005}","{""detection_events"":98839,""detectors_checked"":44728320}"
     23552,         0,         0,    3.08,exact_mw,bb90ec3459e353008cf9a5bb9142bf1e8515517a9e167021b225104594e48e8a,"{""distance"":5,""physical_error_rate"":0.001}","{""detection_events"":22626,""detectors_checked"":5275648}"
     58368,         0,         0,    3.04,exact_mw,70a969f5042aec17ac076c6379f4170fb7c69b8e925756ef3b7334e28a33338b,"{""distance"":5,""physical_error_rate"":0.0001}","{""detection_events"":5768,""detectors_checked"":13074432}"
    390144,         0,         0,    5.90,exact_mw,70a969f5042aec17ac076c6379f4170fb7c69b8e925756ef3b7334e28a33338b,"{""distance"":5,""physical_error_rate"":0.0001}","{""detection_events"":38010,""detectors_checked"":87392256}"
    439296,         0,         0,    5.92,exact_mw,f32ebecd8e105e50ec838d33c5ed9b45444b6b44a3c6ac541111079f2b14e893,"{""distance"":5,""physical_error_rate"":5e-05}","{""detection_events"":21368,""detectors_checked"":98402304}"
    124928,         0,         0,    4.22,exact_mw,cdc4a450a40af8e24899239080e4c40992fb5baf91c5a31ab3a165eacb3a1ab3,"{""distance"":5,""physical_error_rate"":0.0002}","{""detection_events"":24272,""detectors_checked"":27983872}"
    261120,         0,         0,    2.95,exact_mw,f32ebecd8e105e50ec838d33c5ed9b45444b6b44a3c6ac541111079f2b14e893,"{""distance"":5,""physical_error_rate"":5e-05}","{""detection_events"":12611,""detectors_checked"":58490880}"
     41984,         0,         0,    2.92,exact_mw,cb12ae119b9b2ba18d0216e7235b403229e92fd0743ede48fe7f1a2c6f45d594,"{""distance"":5,""physical_error_rate"":0.0005}","{""detection_events"":20891,""detectors_checked"":9404416}"
     82944,         0,         0,    6.00,exact_mw,cb12ae119b9b2ba18d0216e7235b403229e92fd0743ede48fe7f1a2c6f45d594,"{""distance"":5,""physical_error_rate"":0.0005}","{""detection_events"":40772,""detectors_checked"":18579456}"
     34816,         1,         0,    4.27,exact_mw,bb90ec3459e353008cf9a5bb9142bf1e8515517a9e167021b225104594e48e8a,"{""distance"":5,""physical_error_rate"":0.001}","{""detection_events"":34624,""detectors_checked"":7798784,""obs_mistake_mask=E"":1}"
     35840,         0,         0,    5.99,exact_mw,bb90ec3459e353008cf9a5bb9142bf1e8515517a9e167021b225104594e48e8a,"{""distance"":5,""physical_error_rate"":0.001}","{""detection_events"":34278,""detectors_checked"":8028160}"
    224256,         0,         0,    4.31,exact_mw,70a969f5042aec17ac076c6379f4170fb7c69b8e925756ef3b7334e28a33338b,"{""distance"":5,""physical_error_rate"":0.0001}","{""detection_events"":22266,""detectors_checked"":50233344}"
    278528,         0,         0,    4.27,exact_mw,cb12ae119b9b2ba18d0216e7235b403229e92fd0743ede48fe7f1a2c6f45d594,"{""distance"":5,""physical_error_rate"":0.0005}","{""detection_events"":136719,""detectors_checked"":62390272}"
     93184,         0,         0,    4.19,exact_mw,70a969f5042aec17ac076c6379f4170fb7c69b8e925756ef3b7334e28a33338b,"{""distance"":5,""physical_error_rate"":0.0001}","{""detection_events"":9300,""detectors_checked"":20873216}"
     29696,         1,         0,    4.35,exact_mw,bb90ec3459e353008cf9a5bb9142bf1e8515517a9e167021b225104594e48e8a,"{""distance"":5,""physical_error_rate"":0.001}","{""detection_events"":29370,""detectors_checked"":6651904,""obs_mistake_mask=E"":1}"
   1019904,         0,         0,    8.28,exact_mw,f32ebecd8e105e50ec838d33c5ed9b45444b6b44a3c6ac541111079f2b14e893,"{""distance"":5,""physical_error_rate"":5e-05}","{""detection_events"":49902,""detectors_checked"":228458496}"
    714752,         0,         0,    8.30,exact_mw,cdc4a450a40af8e24899239080e4c40992fb5baf91c5a31ab3a165eacb3a1ab3,"{""distance"":5,""physical_error_rate"":0.0002}","{""detection_events"":141664,""detectors_checked"":160104448}"
    367616,         0,         0,    4.15,exact_mw,f32ebecd8e105e50ec838d33c5ed9b45444b6b44a3c6ac541111079f2b14e893,"{""distance"":5,""physical_error_rate"":5e-05}","{""detection_events"":18477,""detectors_checked"":82345984}"
     74752,         0,         0,    4.28,exact_mw,cb12ae119b9b2ba18d0216e7235b403229e92fd0743ede48fe7f1a2c6f45d594,"{""distance"":5,""physical_error_rate"":0.0005}","{""detection_events"":36536,""detectors_checked"":16744448}"
    953344,         0,         0,    8.23,exact_mw,70a969f5042aec17ac076c6379f4170fb7c69b8e925756ef3b7334e28a33338b,"{""distance"":5,""physical_error_rate"":0.0001}","{""detection_events"":93980,""detectors_checked"":213549056}"
    611328,         0,         0,    8.25,exact_mw,70a969f5042aec17ac076c6379f4170fb7c69b8e925756ef3b7334e28a33338b,"{""distance"":5,""physical_error_rate"":0.0001}","{""detection_events"":60099,""detectors_checked"":136937472}"
    195584,         0,         0,    8.29,exact_mw,bb90ec3459e353008cf9a5bb9142bf1e8515517a9e167021b225104594e48e8a,"{""distance"":5,""physical_error_rate"":0.001}","{""detection_events"":191949,""detectors_checked"":43810816}"
    592896,         0,         0,    8.28,exact_mw,cdc4a450a40af8e24899239080e4c40992fb5baf91c5a31ab3a165eacb3a1ab3,"{""distance"":5,""physical_error_rate"":0.0002}","{""detection_events"":117312,""detectors_checked"":132808704}"
    730112,         1,         0,    8.29,exact_mw,cb12ae119b9b2ba18d0216e7235b403229e92fd0743ede48fe7f1a2c6f45d594,"{""distance"":5,""physical_error_rate"":0.0005}","{""detection_events"":358141,""detectors_checked"":163545088,""obs_mistake_mask=E"":1}"
    611328,         0,         0,    8.32,exact_mw,f32ebecd8e105e50ec838d33c5ed9b45444b6b44a3c6ac541111079f2b14e893,"{""distance"":5,""physical_error_rate"":5e-05}","{""detection_events"":30010,""detectors_checked"":136937472}"
    148480,         0,         0,    5.93,exact_mw,cdc4a450a40af8e24899239080e4c40992fb5baf91c5a31ab3a165eacb3a1ab3,"{""distance"":5,""physical_error_rate"":0.0002}","{""detection_events"":28464,""detectors_checked"":33259520}"
    968704,         0,         0,    8.27,exact_mw,f32ebecd8e105e50ec838d33c5ed9b45444b6b44a3c6ac541111079f2b14e893,"{""distance"":5,""physical_error_rate"":5e-05}","{""detection_events"":47387,""detectors_checked"":216989696}"
    585728,         0,         0,    8.24,exact_mw,cdc4a450a40af8e24899239080e4c40992fb5baf91c5a31ab3a165eacb3a1ab3,"{""distance"":5,""physical_error_rate"":0.0002}","{""detection_events"":115894,""detectors_checked"":131203072}"
     40960,         0,         0,    6.03,exact_mw,bb90ec3459e353008cf9a5bb9142bf1e8515517a9e167021b225104594e48e8a,"{""distance"":5,""physical_error_rate"":0.001}","{""detection_events"":40588,""detectors_checked"":9175040}"
    532480,         0,         0,    8.29,exact_mw,70a969f5042aec17ac076c6379f4170fb7c69b8e925756ef3b7334e28a33338b,"{""distance"":5,""physical_error_rate"":0.0001}","{""detection_events"":52214,""detectors_checked"":119275520}"
    655360,         0,         0,    8.32,exact_mw,f32ebecd8e105e50ec838d33c5ed9b45444b6b44a3c6ac541111079f2b14e893,"{""distance"":5,""physical_error_rate"":5e-05}","{""detection_events"":32944,""detectors_checked"":146800640}"
    179200,         1,         0,    8.38,exact_mw,cb12ae119b9b2ba18d0216e7235b403229e92fd0743ede48fe7f1a2c6f45d594,"{""distance"":5,""physical_error_rate"":0.0005}","{""detection_events"":88652,""detectors_checked"":40140800,""obs_mistake_mask=E"":1}"
    142336,         0,         0,    5.94,exact_mw,70a969f5042aec17ac076c6379f4170fb7c69b8e925756ef3b7334e28a33338b,"{""distance"":5,""physical_error_rate"":0.0001}","{""detection_events"":13929,""detectors_checked"":31883264}"
    391168,         0,         0,    5.92,exact_mw,cb12ae119b9b2ba18d0216e7235b403229e92fd0743ede48fe7f1a2c6f45d594,"{""distance"":5,""physical_error_rate"":0.0005}","{""detection_events"":191741,""detectors_checked"":87621632}"
   1032192,         6,         0,    44.7,exact_mw,bb90ec3459e353008cf9a5bb9142bf1e8515517a9e167021b225104594e48e8a,"{""distance"":5,""physical_error_rate"":0.001}","{""detection_events"":1012310,""detectors_checked"":231211008,""obs_mistake_mask=E"":6}"
    210944,         0,         0,    5.96,exact_mw,70a969f5042aec17ac076c6379f4170fb7c69b8e925756ef3b7334e28a33338b,"{""distance"":5,""physical_error_rate"":0.0001}","{""detection_events"":21431,""detectors_checked"":47251456}"
     38912,         0,         0,    6.01,exact_mw,bb90ec3459e353008cf9a5bb9142bf1e8515517a9e167021b225104594e48e8a,"{""distance"":5,""physical_error_rate"":0.001}","{""detection_events"":38214,""detectors_checked"":8716288}"
   1814528,         1,         0,    44.5,exact_mw,cb12ae119b9b2ba18d0216e7235b403229e92fd0743ede48fe7f1a2c6f45d594,"{""distance"":5,""physical_error_rate"":0.0005}","{""detection_events"":892988,""detectors_checked"":406454272,""obs_mistake_mask=E"":1}"
   3409920,         0,         0,    44.6,exact_mw,cdc4a450a40af8e24899239080e4c40992fb5baf91c5a31ab3a165eacb3a1ab3,"{""distance"":5,""physical_error_rate"":0.0002}","{""detection_events"":673694,""detectors_checked"":763822080}"
    530432,         0,         0,    5.92,exact_mw,f32ebecd8e105e50ec838d33c5ed9b45444b6b44a3c6ac541111079f2b14e893,"{""distance"":5,""physical_error_rate"":5e-05}","{""detection_events"":25906,""detectors_checked"":118816768}"
    199680,         0,         0,    5.91,exact_mw,cb12ae119b9b2ba18d0216e7235b403229e92fd0743ede48fe7f1a2c6f45d594,"{""distance"":5,""physical_error_rate"":0.0005}","{""detection_events"":96948,""detectors_checked"":44728320}"
     75776,         0,         0,    8.52,exact_mw,bb90ec3459e353008cf9a5bb9142bf1e8515517a9e167021b225104594e48e8a,"{""distance"":5,""physical_error_rate"":0.001}","{""detection_events"":74746,""detectors_checked"":16973824}"
   2542592,         1,         0,    44.5,exact_mw,cb12ae119b9b2ba18d0216e7235b403229e92fd0743ede48fe7f1a2c6f45d594,"{""distance"":5,""physical_error_rate"":0.0005}","{""detection_events"":1248878,""detectors_checked"":569540608,""obs_mistake_mask=E"":1}"
   1185792,         0,         0,    44.5,exact_mw,cdc4a450a40af8e24899239080e4c40992fb5baf91c5a31ab3a165eacb3a1ab3,"{""distance"":5,""physical_error_rate"":0.0002}","{""detection_events"":232709,""detectors_checked"":265617408}"
   1882112,         0,         0,    44.5,exact_mw,cdc4a450a40af8e24899239080e4c40992fb5baf91c5a31ab3a165eacb3a1ab3,"{""distance"":5,""physical_error_rate"":0.0002}","{""detection_events"":372310,""detectors_checked"":421593088}"
   3855360,         0,         0,    44.3,exact_mw,f32ebecd8e105e50ec838d33c5ed9b45444b6b44a3c6ac541111079f2b14e893,"{""distance"":5,""physical_error_rate"":5e-05}","{""detection_events"":189136,""detectors_checked"":863600640}"
    348160,         4,         0,    44.8,exact_mw,bb90ec3459e353008cf9a5bb9142bf1e8515517a9e167021b225104594e48e8a,"{""distance"":5,""physical_error_rate"":0.001}","{""detection_events"":339670,""detectors_checked"":77987840,""obs_mistake_mask=E"":4}"
    299008,         0,         0,    8.34,exact_mw,cdc4a450a40af8e24899239080e4c40992fb5baf91c5a31ab3a165eacb3a1ab3,"{""distance"":5,""physical_error_rate"":0.0002}","{""detection_events"":58872,""detectors_checked"":66977792}"
     55296,         0,         0,    8.57,exact_mw,bb90ec3459e353008cf9a5bb9142bf1e8515517a9e167021b225104594e48e8a,"{""distance"":5,""physical_error_rate"":0.001}","{""detection_events"":54148,""detectors_checked"":12386304}"
   1122304,         0,         0,    44.3,exact_mw,70a969f5042aec17ac076c6379f4170fb7c69b8e925756ef3b7334e28a33338b,"{""distance"":5,""physical_error_rate"":0.0001}","{""detection_events"":110559,""detectors_checked"":251396096}"
   1355776,         0,         0,    11.5,exact_mw,f32ebecd8e105e50ec838d33c5ed9b45444b6b44a3c6ac541111079f2b14e893,"{""distance"":5,""physical_error_rate"":5e-05}","{""detection_events"":67243,""detectors_checked"":303693824}"
   1004544,         0,         0,    11.5,exact_mw,cdc4a450a40af8e24899239080e4c40992fb5baf91c5a31ab3a165eacb3a1ab3,"{""distance"":5,""physical_error_rate"":0.0002}","{""detection_events"":197509,""detectors_checked"":225017856}"
   1347584,         0,         0,    11.6,exact_mw,70a969f5042aec17ac076c6379f4170fb7c69b8e925756ef3b7334e28a33338b,"{""distance"":5,""physical_error_rate"":0.0001}","{""detection_events"":133090,""detectors_checked"":301858816}"
    703488,         0,         0,    11.6,exact_mw,70a969f5042aec17ac076c6379f4170fb7c69b8e925756ef3b7334e28a33338b,"{""distance"":5,""physical_error_rate"":0.0001}","{""detection_events"":69360,""detectors_checked"":157581312}"
    186368,         0,         0,    11.7,exact_mw,bb90ec3459e353008cf9a5bb9142bf1e8515517a9e167021b225104594e48e8a,"{""distance"":5,""physical_error_rate"":0.001}","{""detection_events"":182470,""detectors_checked"":41746432}"
    830464,         0,         0,    11.6,exact_mw,cdc4a450a40af8e24899239080e4c40992fb5baf91c5a31ab3a165eacb3a1ab3,"{""distance"":5,""physical_error_rate"":0.0002}","{""detection_events"":162322,""detectors_checked"":186023936}"
    408576,         0,         0,    8.38,exact_mw,70a969f5042aec17ac076c6379f4170fb7c69b8e925756ef3b7334e28a33338b,"{""distance"":5,""physical_error_rate"":0.0001}","{""detection_events"":40320,""detectors_checked"":91521024}"
   1016832,         0,         0,    11.5,exact_mw,cb12ae119b9b2ba18d0216e7235b403229e92fd0743ede48fe7f1a2c6f45d594,"{""distance"":5,""physical_error_rate"":0.0005}","{""detection_events"":501986,""detectors_checked"":227770368}"
    347136,         0,         0,    11.5,exact_mw,f32ebecd8e105e50ec838d33c5ed9b45444b6b44a3c6ac541111079f2b14e893,"{""distance"":5,""physical_error_rate"":5e-05}","{""detection_events"":17367,""detectors_checked"":77758464}"
    544768,         0,         0,    8.23,exact_mw,cb12ae119b9b2ba18d0216e7235b403229e92fd0743ede48fe7f1a2c6f45d594,"{""distance"":5,""physical_error_rate"":0.0005}","{""detection_events"":268964,""detectors_checked"":122028032}"
   1385472,         0,         0,    11.5,exact_mw,f32ebecd8e105e50ec838d33c5ed9b45444b6b44a3c6ac541111079f2b14e893,"{""distance"":5,""physical_error_rate"":5e-05}","{""detection_events"":67992,""detectors_checked"":310345728}"
    158720,         0,         0,    8.34,exact_mw,70a969f5042aec17ac076c6379f4170fb7c69b8e925756ef3b7334e28a33338b,"{""distance"":5,""physical_error_rate"":0.0001}","{""detection_events"":15518,""detectors_checked"":35553280}"
    816128,         0,         0,    11.5,exact_mw,cdc4a450a40af8e24899239080e4c40992fb5baf91c5a31ab3a165eacb3a1ab3,"{""distance"":5,""physical_error_rate"":0.0002}","{""detection_events"":161178,""detectors_checked"":182812672}"
     48128,         1,         0,    8.38,exact_mw,bb90ec3459e353008cf9a5bb9142bf1e8515517a9e167021b225104594e48e8a,"{""distance"":5,""physical_error_rate"":0.001}","{""detection_events"":47675,""detectors_checked"":10780672,""obs_mistake_mask=E"":1}"
   6382592,         0,         0,    86.7,exact_mw,f32ebecd8e105e50ec838d33c5ed9b45444b6b44a3c6ac541111079f2b14e893,"{""distance"":5,""physical_error_rate"":5e-05}","{""detection_events"":314762,""detectors_checked"":1429700608}"
    282624,         0,         0,    8.27,exact_mw,cb12ae119b9b2ba18d0216e7235b403229e92fd0743ede48fe7f1a2c6f45d594,"{""distance"":5,""physical_error_rate"":0.0005}","{""detection_events"":139290,""detectors_checked"":63307776}"
    482304,         0,         0,    8.25,exact_mw,f32ebecd8e105e50ec838d33c5ed9b45444b6b44a3c6ac541111079f2b14e893,"{""distance"":5,""physical_error_rate"":5e-05}","{""detection_events"":24043,""detectors_checked"":108036096}"
   2934784,         2,         0,    44.5,exact_mw,cb12ae119b9b2ba18d0216e7235b403229e92fd0743ede48fe7f1a2c6f45d594,"{""distance"":5,""physical_error_rate"":0.0005}","{""detection_events"":1446848,""detectors_checked"":657391616,""obs_mistake_mask=E"":2}"
   3560448,         0,         0,    87.0,exact_mw,70a969f5042aec17ac076c6379f4170fb7c69b8e925756ef3b7334e28a33338b,"{""distance"":5,""physical_error_rate"":0.0001}","{""detection_events"":349568,""detectors_checked"":797540352}"
   2515968,         0,         0,    87.1,exact_mw,f32ebecd8e105e50ec838d33c5ed9b45444b6b44a3c6ac541111079f2b14e893,"{""distance"":5,""physical_error_rate"":5e-05}","{""detection_events"":123295,""detectors_checked"":563576832}"
    749568,         0,         0,    11.5,exact_mw,70a969f5042aec17ac076c6379f4170fb7c69b8e925756ef3b7334e28a33338b,"{""distance"":5,""physical_error_rate"":0.0001}","{""detection_events"":73355,""detectors_checked"":167903232}"
    861184,         0,         0,    11.6,exact_mw,f32ebecd8e105e50ec838d33c5ed9b45444b6b44a3c6ac541111079f2b14e893,"{""distance"":5,""physical_error_rate"":5e-05}","{""detection_events"":42778,""detectors_checked"":192905216}"
    185344,         0,         0,    11.4,exact_mw,cb12ae119b9b2ba18d0216e7235b403229e92fd0743ede48fe7f1a2c6f45d594,"{""distance"":5,""physical_error_rate"":0.0005}","{""detection_events"":90679,""detectors_checked"":41517056}"
   7247872,         0,         0,    87.2,exact_mw,70a969f5042aec17ac076c6379f4170fb7c69b8e925756ef3b7334e28a33338b,"{""distance"":5,""physical_error_rate"":0.0001}","{""detection_events"":713202,""detectors_checked"":1623523328}"
   1808384,         6,         0,    87.6,exact_mw,bb90ec3459e353008cf9a5bb9142bf1e8515517a9e167021b225104594e48e8a,"{""distance"":5,""physical_error_rate"":0.001}","{""detection_events"":1774601,""detectors_checked"":405078016,""obs_mistake_mask=E"":6}"
   5478400,         0,         0,    87.2,exact_mw,cdc4a450a40af8e24899239080e4c40992fb5baf91c5a31ab3a165eacb3a1ab3,"{""distance"":5,""physical_error_rate"":0.0002}","{""detection_events"":1078407,""detectors_checked"":1227161600}"
   6377472,         4,         0,    87.0,exact_mw,cb12ae119b9b2ba18d0216e7235b403229e92fd0743ede48fe7f1a2c6f45d594,"{""distance"":5,""physical_error_rate"":0.0005}","{""detection_events"":3137358,""detectors_checked"":1428553728,""obs_mistake_mask=E"":4}"
   2094080,         0,         0,    44.4,exact_mw,70a969f5042aec17ac076c6379f4170fb7c69b8e925756ef3b7334e28a33338b,"{""distance"":5,""physical_error_rate"":0.0001}","{""detection_events"":207584,""detectors_checked"":469073920}"
     99328,         0,         0,    11.7,exact_mw,bb90ec3459e353008cf9a5bb9142bf1e8515517a9e167021b225104594e48e8a,"{""distance"":5,""physical_error_rate"":0.001}","{""detection_events"":98078,""detectors_checked"":22249472}"
   3423232,         0,         0,    44.4,exact_mw,f32ebecd8e105e50ec838d33c5ed9b45444b6b44a3c6ac541111079f2b14e893,"{""distance"":5,""physical_error_rate"":5e-05}","{""detection_events"":169076,""detectors_checked"":766803968}"
    933888,         8,         0,    44.7,exact_mw,bb90ec3459e353008cf9a5bb9142bf1e8515517a9e167021b225104594e48e8a,"{""distance"":5,""physical_error_rate"":0.001}","{""detection_events"":920131,""detectors_checked"":209190912,""obs_mistake_mask=E"":8}"
    583680,         0,         0,    11.6,exact_mw,cdc4a450a40af8e24899239080e4c40992fb5baf91c5a31ab3a165eacb3a1ab3,"{""distance"":5,""physical_error_rate"":0.0002}","{""detection_events"":115122,""detectors_checked"":130744320}"
   3380224,         1,         0,    87.2,exact_mw,cb12ae119b9b2ba18d0216e7235b403229e92fd0743ede48fe7f1a2c6f45d594,"{""distance"":5,""physical_error_rate"":0.0005}","{""detection_events"":1664998,""detectors_checked"":757170176,""obs_mistake_mask=E"":1}"
     57344,         1,         0,    11.9,exact_mw,bb90ec3459e353008cf9a5bb9142bf1e8515517a9e167021b225104594e48e8a,"{""distance"":5,""physical_error_rate"":0.001}","{""detection_events"":57048,""detectors_checked"":12845056,""obs_mistake_mask=E"":1}"
   1800192,        10,         0,    87.5,exact_mw,bb90ec3459e353008cf9a5bb9142bf1e8515517a9e167021b225104594e48e8a,"{""distance"":5,""physical_error_rate"":0.001}","{""detection_events"":1766205,""detectors_checked"":403243008,""obs_mistake_mask=E"":10}"
    476160,         3,         0,    44.9,exact_mw,bb90ec3459e353008cf9a5bb9142bf1e8515517a9e167021b225104594e48e8a,"{""distance"":5,""physical_error_rate"":0.001}","{""detection_events"":466764,""detectors_checked"":106659840,""obs_mistake_mask=E"":3}"
   2343936,         0,         0,    87.4,exact_mw,cdc4a450a40af8e24899239080e4c40992fb5baf91c5a31ab3a165eacb3a1ab3,"{""distance"":5,""physical_error_rate"":0.0002}","{""detection_events"":462962,""detectors_checked"":525041664}"
    467968,         0,         0,    11.5,exact_mw,70a969f5042aec17ac076c6379f4170fb7c69b8e925756ef3b7334e28a33338b,"{""distance"":5,""physical_error_rate"":0.0001}","{""detection_events"":46521,""detectors_checked"":104824832}"
    773120,         1,         0,    11.6,exact_mw,cb12ae119b9b2ba18d0216e7235b403229e92fd0743ede48fe7f1a2c6f45d594,"{""distance"":5,""physical_error_rate"":0.0005}","{""detection_events"":379935,""detectors_checked"":173178880,""obs_mistake_mask=E"":1}"
    196608,         0,         0,    11.7,exact_mw,70a969f5042aec17ac076c6379f4170fb7c69b8e925756ef3b7334e28a33338b,"{""distance"":5,""physical_error_rate"":0.0001}","{""detection_events"":19264,""detectors_checked"":44040192}"
     55296,         0,         0,    11.9,exact_mw,bb90ec3459e353008cf9a5bb9142bf1e8515517a9e167021b225104594e48e8a,"{""distance"":5,""physical_error_rate"":0.001}","{""detection_events"":53952,""detectors_checked"":12386304}"
    440320,         0,         0,    11.6,exact_mw,cb12ae119b9b2ba18d0216e7235b403229e92fd0743ede48fe7f1a2c6f45d594,"{""distance"":5,""physical_error_rate"":0.0005}","{""detection_events"":218113,""detectors_checked"":98631680}"
    608256,         0,         0,    11.7,exact_mw,f32ebecd8e105e50ec838d33c5ed9b45444b6b44a3c6ac541111079f2b14e893,"{""distance"":5,""physical_error_rate"":5e-05}","{""detection_events"":30403,""detectors_checked"":136249344}"
   2906112,         0,         0,    16.1,exact_mw,f32ebecd8e105e50ec838d33c5ed9b45444b6b44a3c6ac541111079f2b14e893,"{""distance"":5,""physical_error_rate"":5e-05}","{""detection_events"":141033,""detectors_checked"":650969088}"
   1393664,         0,         0,    16.2,exact_mw,cdc4a450a40af8e24899239080e4c40992fb5baf91c5a31ab3a165eacb3a1ab3,"{""distance"":5,""physical_error_rate"":0.0002}","{""detection_events"":274372,""detectors_checked"":312180736}"
   1841152,         0,         0,    16.1,exact_mw,70a969f5042aec17ac076c6379f4170fb7c69b8e925756ef3b7334e28a33338b,"{""distance"":5,""physical_error_rate"":0.0001}","{""detection_events"":182021,""detectors_checked"":412418048}"
    735232,         0,         0,    16.2,exact_mw,70a969f5042aec17ac076c6379f4170fb7c69b8e925756ef3b7334e28a33338b,"{""distance"":5,""physical_error_rate"":0.0001}","{""detection_events"":72675,""detectors_checked"":164691968}"
     73728,         0,         0,    16.5,exact_mw,bb90ec3459e353008cf9a5bb9142bf1e8515517a9e167021b225104594e48e8a,"{""distance"":5,""physical_error_rate"":0.001}","{""detection_events"":72631,""detectors_checked"":16515072}"
   1161216,         0,         0,    16.2,exact_mw,cdc4a450a40af8e24899239080e4c40992fb5baf91c5a31ab3a165eacb3a1ab3,"{""distance"":5,""physical_error_rate"":0.0002}","{""detection_events"":228531,""detectors_checked"":260112384}"
   1420288,         0,         0,    16.2,exact_mw,cb12ae119b9b2ba18d0216e7235b403229e92fd0743ede48fe7f1a2c6f45d594,"{""distance"":5,""physical_error_rate"":0.0005}","{""detection_events"":702333,""detectors_checked"":318144512}"
    276480,         0,         0,    16.4,exact_mw,f32ebecd8e105e50ec838d33c5ed9b45444b6b44a3c6ac541111079f2b14e893,"{""distance"":5,""physical_error_rate"":5e-05}","{""detection_events"":13313,""detectors_checked"":61931520}"
   2182144,         0,         0,    16.1,exact_mw,f32ebecd8e105e50ec838d33c5ed9b45444b6b44a3c6ac541111079f2b14e893,"{""distance"":5,""physical_error_rate"":5e-05}","{""detection_events"":107086,""detectors_checked"":488800256}"
    351232,         0,         0,    16.3,exact_mw,cdc4a450a40af8e24899239080e4c40992fb5baf91c5a31ab3a165eacb3a1ab3,"{""distance"":5,""physical_error_rate"":0.0002}","{""detection_events"":69640,""detectors_checked"":78675968}"
   1054720,         0,         0,    16.1,exact_mw,70a969f5042aec17ac076c6379f4170fb7c69b8e925756ef3b7334e28a33338b,"{""distance"":5,""physical_error_rate"":0.0001}","{""detection_events"":105672,""detectors_checked"":236257280}"
   1200128,         0,         0,    16.2,exact_mw,f32ebecd8e105e50ec838d33c5ed9b45444b6b44a3c6ac541111079f2b14e893,"{""distance"":5,""physical_error_rate"":5e-05}","{""detection_events"":59634,""detectors_checked"":268828672}"
    185344,         0,         0,    16.3,exact_mw,cb12ae119b9b2ba18d0216e7235b403229e92fd0743ede48fe7f1a2c6f45d594,"{""distance"":5,""physical_error_rate"":0.0005}","{""detection_events"":90507,""detectors_checked"":41517056}"
    142336,         0,         0,    16.5,exact_mw,bb90ec3459e353008cf9a5bb9142bf1e8515517a9e167021b225104594e48e8a,"{""distance"":5,""physical_error_rate"":0.001}","{""detection_events"":138350,""detectors_checked"":31883264}"
  20746934,         0,         0,    67.5,exact_mw,f32ebecd8e105e50ec838d33c5ed9b45444b6b44a3c6ac541111079f2b14e893,"{""distance"":5,""physical_error_rate"":5e-05}","{""detection_events"":1021535,""detectors_checked"":4647313216}"
    814080,         0,         0,    16.1,exact_mw,cdc4a450a40af8e24899239080e4c40992fb5baf91c5a31ab3a165eacb3a1ab3,"{""distance"":5,""physical_error_rate"":0.0002}","{""detection_events"":161224,""detectors_checked"":182353920}"
     77824,         0,         0,    16.4,exact_mw,bb90ec3459e353008cf9a5bb9142bf1e8515517a9e167021b225104594e48e8a,"{""distance"":5,""physical_error_rate"":0.001}","{""detection_events"":76509,""detectors_checked"":17432576}"
    632832,         0,         0,    16.2,exact_mw,70a969f5042aec17ac076c6379f4170fb7c69b8e925756ef3b7334e28a33338b,"{""distance"":5,""physical_error_rate"":0.0001}","{""detection_events"":61824,""detectors_checked"":141754368}"
   1063936,         2,         0,    16.3,exact_mw,cb12ae119b9b2ba18d0216e7235b403229e92fd0743ede48fe7f1a2c6f45d594,"{""distance"":5,""physical_error_rate"":0.0005}","{""detection_events"":520330,""detectors_checked"":238321664,""obs_mistake_mask=E"":2}"
    273408,         0,         0,    16.3,exact_mw,70a969f5042aec17ac076c6379f4170fb7c69b8e925756ef3b7334e28a33338b,"{""distance"":5,""physical_error_rate"":0.0001}","{""detection_events"":27278,""detectors_checked"":61243392}"
     92160,         1,         0,    16.3,exact_mw,bb90ec3459e353008cf9a5bb9142bf1e8515517a9e167021b225104594e48e8a,"{""distance"":5,""physical_error_rate"":0.001}","{""detection_events"":89866,""detectors_checked"":20643840,""obs_mistake_mask=E"":1}"
    612352,         0,         0,    16.2,exact_mw,cb12ae119b9b2ba18d0216e7235b403229e92fd0743ede48fe7f1a2c6f45d594,"{""distance"":5,""physical_error_rate"":0.0005}","{""detection_events"":299811,""detectors_checked"":137166848}"
    852992,         0,         0,    16.2,exact_mw,f32ebecd8e105e50ec838d33c5ed9b45444b6b44a3c6ac541111079f2b14e893,"{""distance"":5,""physical_error_rate"":5e-05}","{""detection_events"":42699,""detectors_checked"":191070208}"
  12681540,         1,         0,    70.8,exact_mw,cdc4a450a40af8e24899239080e4c40992fb5baf91c5a31ab3a165eacb3a1ab3,"{""distance"":5,""physical_error_rate"":0.0002}","{""detection_events"":2496971,""detectors_checked"":2840664960,""obs_mistake_mask=E"":1}"
   3109888,         0,         0,    22.6,exact_mw,f32ebecd8e105e50ec838d33c5ed9b45444b6b44a3c6ac541111079f2b14e893,"{""distance"":5,""physical_error_rate"":5e-05}","{""detection_events"":153204,""detectors_checked"":696614912}"
   1969152,         0,         0,    22.7,exact_mw,cdc4a450a40af8e24899239080e4c40992fb5baf91c5a31ab3a165eacb3a1ab3,"{""distance"":5,""physical_error_rate"":0.0002}","{""detection_events"":389297,""detectors_checked"":441090048}"
   2029568,         0,         0,    22.7,exact_mw,70a969f5042aec17ac076c6379f4170fb7c69b8e925756ef3b7334e28a33338b,"{""distance"":5,""physical_error_rate"":0.0001}","{""detection_events"":201117,""detectors_checked"":454623232}"
   1147904,         0,         0,    22.7,exact_mw,70a969f5042aec17ac076c6379f4170fb7c69b8e925756ef3b7334e28a33338b,"{""distance"":5,""physical_error_rate"":0.0001}","{""detection_events"":113674,""detectors_checked"":257130496}"
    115712,         1,         0,    22.9,exact_mw,bb90ec3459e353008cf9a5bb9142bf1e8515517a9e167021b225104594e48e8a,"{""distance"":5,""physical_error_rate"":0.001}","{""detection_events"":113077,""detectors_checked"":25919488,""obs_mistake_mask=E"":1}"
   1697792,         0,         0,    22.7,exact_mw,cdc4a450a40af8e24899239080e4c40992fb5baf91c5a31ab3a165eacb3a1ab3,"{""distance"":5,""physical_error_rate"":0.0002}","{""detection_events"":335338,""detectors_checked"":380305408}"
   2023424,         0,         0,    22.7,exact_mw,cb12ae119b9b2ba18d0216e7235b403229e92fd0743ede48fe7f1a2c6f45d594,"{""distance"":5,""physical_error_rate"":0.0005}","{""detection_events"":996599,""detectors_checked"":453246976}"
    417792,         0,         0,    22.9,exact_mw,f32ebecd8e105e50ec838d33c5ed9b45444b6b44a3c6ac541111079f2b14e893,"{""distance"":5,""physical_error_rate"":5e-05}","{""detection_events"":21023,""detectors_checked"":93585408}"
   4061184,         0,         0,    22.5,exact_mw,f32ebecd8e105e50ec838d33c5ed9b45444b6b44a3c6ac541111079f2b14e893,"{""distance"":5,""physical_error_rate"":5e-05}","{""detection_events"":201877,""detectors_checked"":909705216}"
    411648,         0,         0,    22.7,exact_mw,cdc4a450a40af8e24899239080e4c40992fb5baf91c5a31ab3a165eacb3a1ab3,"{""distance"":5,""physical_error_rate"":0.0002}","{""detection_events"":80640,""detectors_checked"":92209152}"
   1507328,         0,         0,    22.7,exact_mw,70a969f5042aec17ac076c6379f4170fb7c69b8e925756ef3b7334e28a33338b,"{""distance"":5,""physical_error_rate"":0.0001}","{""detection_events"":148679,""detectors_checked"":337641472}"
   1786880,         0,         0,    22.7,exact_mw,f32ebecd8e105e50ec838d33c5ed9b45444b6b44a3c6ac541111079f2b14e893,"{""distance"":5,""physical_error_rate"":5e-05}","{""detection_events"":88086,""detectors_checked"":400261120}"
    343040,         0,         0,    23.0,exact_mw,cb12ae119b9b2ba18d0216e7235b403229e92fd0743ede48fe7f1a2c6f45d594,"{""distance"":5,""physical_error_rate"":0.0005}","{""detection_events"":169076,""detectors_checked"":76840960}"
    177152,         0,         0,    22.9,exact_mw,bb90ec3459e353008cf9a5bb9142bf1e8515517a9e167021b225104594e48e8a,"{""distance"":5,""physical_error_rate"":0.001}","{""detection_events"":173886,""detectors_checked"":39682048}"
    904192,         0,         0,    22.6,exact_mw,cdc4a450a40af8e24899239080e4c40992fb5baf91c5a31ab3a165eacb3a1ab3,"{""distance"":5,""physical_error_rate"":0.0002}","{""detection_events"":179702,""detectors_checked"":202539008}"
   6086656,         0,         0,    87.3,exact_mw,cdc4a450a40af8e24899239080e4c40992fb5baf91c5a31ab3a165eacb3a1ab3,"{""distance"":5,""physical_error_rate"":0.0002}","{""detection_events"":1203684,""detectors_checked"":1363410944}"
    156672,         0,         0,    22.9,exact_mw,bb90ec3459e353008cf9a5bb9142bf1e8515517a9e167021b225104594e48e8a,"{""distance"":5,""physical_error_rate"":0.001}","{""detection_events"":154500,""detectors_checked"":35094528}"
   3470336,         0,         0,    87.2,exact_mw,70a969f5042aec17ac076c6379f4170fb7c69b8e925756ef3b7334e28a33338b,"{""distance"":5,""physical_error_rate"":0.0001}","{""detection_events"":342445,""detectors_checked"":777355264}"
   4424704,         1,         0,    87.3,exact_mw,cb12ae119b9b2ba18d0216e7235b403229e92fd0743ede48fe7f1a2c6f45d594,"{""distance"":5,""physical_error_rate"":0.0005}","{""detection_events"":2176983,""detectors_checked"":991133696,""obs_mistake_mask=E"":1}"
  13855744,         0,         0,    87.1,exact_mw,70a969f5042aec17ac076c6379f4170fb7c69b8e925756ef3b7334e28a33338b,"{""distance"":5,""physical_error_rate"":0.0001}","{""detection_events"":1363675,""detectors_checked"":3103686656}"
   8083456,         0,         0,    87.3,exact_mw,f32ebecd8e105e50ec838d33c5ed9b45444b6b44a3c6ac541111079f2b14e893,"{""distance"":5,""physical_error_rate"":5e-05}","{""detection_events"":397864,""detectors_checked"":1810694144}"
   2277376,        13,         0,    87.7,exact_mw,bb90ec3459e353008cf9a5bb9142bf1e8515517a9e167021b225104594e48e8a,"{""distance"":5,""physical_error_rate"":0.001}","{""detection_events"":2234412,""detectors_checked"":510132224,""obs_mistake_mask=E"":13}"
    764928,         0,         0,    22.7,exact_mw,70a969f5042aec17ac076c6379f4170fb7c69b8e925756ef3b7334e28a33338b,"{""distance"":5,""physical_error_rate"":0.0001}","{""detection_events"":75663,""detectors_checked"":171343872}"
   2240512,        12,         0,    87.6,exact_mw,bb90ec3459e353008cf9a5bb9142bf1e8515517a9e167021b225104594e48e8a,"{""distance"":5,""physical_error_rate"":0.001}","{""detection_events"":2197944,""detectors_checked"":501874688,""obs_mistake_mask=E"":12}"
   4099072,         3,         0,    87.2,exact_mw,cb12ae119b9b2ba18d0216e7235b403229e92fd0743ede48fe7f1a2c6f45d594,"{""distance"":5,""physical_error_rate"":0.0005}","{""detection_events"":2014604,""detectors_checked"":918192128,""obs_mistake_mask=E"":3}"
   1521664,         0,         0,    22.7,exact_mw,cb12ae119b9b2ba18d0216e7235b403229e92fd0743ede48fe7f1a2c6f45d594,"{""distance"":5,""physical_error_rate"":0.0005}","{""detection_events"":749785,""detectors_checked"":340852736}"
   1507328,         0,         0,    22.8,exact_mw,70a969f5042aec17ac076c6379f4170fb7c69b8e925756ef3b7334e28a33338b,"{""distance"":5,""physical_error_rate"":0.0001}","{""detection_events"":148160,""detectors_checked"":337641472}"
  10040320,         0,         0,    87.4,exact_mw,70a969f5042aec17ac076c6379f4170fb7c69b8e925756ef3b7334e28a33338b,"{""distance"":5,""physical_error_rate"":0.0001}","{""detection_events"":989639,""detectors_checked"":2249031680}"
    232448,         1,         0,    22.9,exact_mw,bb90ec3459e353008cf9a5bb9142bf1e8515517a9e167021b225104594e48e8a,"{""distance"":5,""physical_error_rate"":0.001}","{""detection_events"":228212,""detectors_checked"":52068352,""obs_mistake_mask=E"":1}"
    758784,         0,         0,    22.8,exact_mw,cb12ae119b9b2ba18d0216e7235b403229e92fd0743ede48fe7f1a2c6f45d594,"{""distance"":5,""physical_error_rate"":0.0005}","{""detection_events"":374135,""detectors_checked"":169967616}"
   1862656,         0,         0,    22.7,exact_mw,f32ebecd8e105e50ec838d33c5ed9b45444b6b44a3c6ac541111079f2b14e893,"{""distance"":5,""physical_error_rate"":5e-05}","{""detection_events"":91957,""detectors_checked"":417234944}"
   4625408,         0,         0,    87.3,exact_mw,f32ebecd8e105e50ec838d33c5ed9b45444b6b44a3c6ac541111079f2b14e893,"{""distance"":5,""physical_error_rate"":5e-05}","{""detection_events"":227197,""detectors_checked"":1036091392}"
  11738112,         0,         0,    87.1,exact_mw,f32ebecd8e105e50ec838d33c5ed9b45444b6b44a3c6ac541111079f2b14e893,"{""distance"":5,""physical_error_rate"":5e-05}","{""detection_events"":577530,""detectors_checked"":2629337088}"
   1401856,        10,         0,    62.5,exact_mw,bb90ec3459e353008cf9a5bb9142bf1e8515517a9e167021b225104594e48e8a,"{""distance"":5,""physical_error_rate"":0.001}","{""detection_events"":1374637,""detectors_checked"":314015744,""obs_mistake_mask=E"":10}"
   1826816,         0,         0,    62.2,exact_mw,cb12ae119b9b2ba18d0216e7235b403229e92fd0743ede48fe7f1a2c6f45d594,"{""distance"":5,""physical_error_rate"":0.0005}","{""detection_events"":897815,""detectors_checked"":409206784}"
   3568640,         0,         0,    61.9,exact_mw,cdc4a450a40af8e24899239080e4c40992fb5baf91c5a31ab3a165eacb3a1ab3,"{""distance"":5,""physical_error_rate"":0.0002}","{""detection_events"":701090,""detectors_checked"":799375360}"
   2762752,         0,         0,    62.2,exact_mw,cb12ae119b9b2ba18d0216e7235b403229e92fd0743ede48fe7f1a2c6f45d594,"{""distance"":5,""physical_error_rate"":0.0005}","{""detection_events"":1363871,""detectors_checked"":618856448}"
   2420736,         0,         0,    62.2,exact_mw,cdc4a450a40af8e24899239080e4c40992fb5baf91c5a31ab3a165eacb3a1ab3,"{""distance"":5,""physical_error_rate"":0.0002}","{""detection_events"":478123,""detectors_checked"":542244864}"
   2118656,         0,         0,    62.5,exact_mw,cdc4a450a40af8e24899239080e4c40992fb5baf91c5a31ab3a165eacb3a1ab3,"{""distance"":5,""physical_error_rate"":0.0002}","{""detection_events"":418635,""detectors_checked"":474578944}"
   1900544,         0,         0,    62.3,exact_mw,f32ebecd8e105e50ec838d33c5ed9b45444b6b44a3c6ac541111079f2b14e893,"{""distance"":5,""physical_error_rate"":5e-05}","{""detection_events"":92872,""detectors_checked"":425721856}"
    455680,         4,         0,    62.5,exact_mw,bb90ec3459e353008cf9a5bb9142bf1e8515517a9e167021b225104594e48e8a,"{""distance"":5,""physical_error_rate"":0.001}","{""detection_events"":445918,""detectors_checked"":102072320,""obs_mistake_mask=E"":4}"
   2192384,         0,         0,    62.3,exact_mw,70a969f5042aec17ac076c6379f4170fb7c69b8e925756ef3b7334e28a33338b,"{""distance"":5,""physical_error_rate"":0.0001}","{""detection_events"":215667,""detectors_checked"":491094016}"
   2274304,         0,         0,    87.2,exact_mw,cdc4a450a40af8e24899239080e4c40992fb5baf91c5a31ab3a165eacb3a1ab3,"{""distance"":5,""physical_error_rate"":0.0002}","{""detection_events"":447546,""detectors_checked"":509444096}"
   4164608,         3,         0,    62.4,exact_mw,cb12ae119b9b2ba18d0216e7235b403229e92fd0743ede48fe7f1a2c6f45d594,"{""distance"":5,""physical_error_rate"":0.0005}","{""detection_events"":2051634,""detectors_checked"":932872192,""obs_mistake_mask=E"":3}"
   5098496,         0,         0,    62.4,exact_mw,70a969f5042aec17ac076c6379f4170fb7c69b8e925756ef3b7334e28a33338b,"{""distance"":5,""physical_error_rate"":0.0001}","{""detection_events"":504471,""detectors_checked"":1142063104}"
   4983808,         0,         0,    62.2,exact_mw,f32ebecd8e105e50ec838d33c5ed9b45444b6b44a3c6ac541111079f2b14e893,"{""distance"":5,""physical_error_rate"":5e-05}","{""detection_events"":246458,""detectors_checked"":1116372992}"
   1750016,         0,         0,    31.7,exact_mw,f32ebecd8e105e50ec838d33c5ed9b45444b6b44a3c6ac541111079f2b14e893,"{""distance"":5,""physical_error_rate"":5e-05}","{""detection_events"":86384,""detectors_checked"":392003584}"
   2765824,         1,         0,    31.8,exact_mw,cdc4a450a40af8e24899239080e4c40992fb5baf91c5a31ab3a165eacb3a1ab3,"{""distance"":5,""physical_error_rate"":0.0002}","{""detection_events"":546121,""detectors_checked"":619544576,""obs_mistake_mask=E"":1}"
   3944448,         0,         0,    31.8,exact_mw,70a969f5042aec17ac076c6379f4170fb7c69b8e925756ef3b7334e28a33338b,"{""distance"":5,""physical_error_rate"":0.0001}","{""detection_events"":390672,""detectors_checked"":883556352}"
    861184,         0,         0,    31.6,exact_mw,70a969f5042aec17ac076c6379f4170fb7c69b8e925756ef3b7334e28a33338b,"{""distance"":5,""physical_error_rate"":0.0001}","{""detection_events"":84274,""detectors_checked"":192905216}"
   1266688,         7,         0,    62.7,exact_mw,bb90ec3459e353008cf9a5bb9142bf1e8515517a9e167021b225104594e48e8a,"{""distance"":5,""physical_error_rate"":0.001}","{""detection_events"":1243420,""detectors_checked"":283738112,""obs_mistake_mask=E"":7}"
    354304,         1,         0,    32.1,exact_mw,bb90ec3459e353008cf9a5bb9142bf1e8515517a9e167021b225104594e48e8a,"{""distance"":5,""physical_error_rate"":0.001}","{""detection_events"":348887,""detectors_checked"":79364096,""obs_mistake_mask=E"":1}"
   2817024,         0,         0,    31.8,exact_mw,cdc4a450a40af8e24899239080e4c40992fb5baf91c5a31ab3a165eacb3a1ab3,"{""distance"":5,""physical_error_rate"":0.0002}","{""detection_events"":554737,""detectors_checked"":631013376}"
   2530304,         0,         0,    31.8,exact_mw,cb12ae119b9b2ba18d0216e7235b403229e92fd0743ede48fe7f1a2c6f45d594,"{""distance"":5,""physical_error_rate"":0.0005}","{""detection_events"":1243939,""detectors_checked"":566788096}"
   1148928,         0,         0,    32.1,exact_mw,f32ebecd8e105e50ec838d33c5ed9b45444b6b44a3c6ac541111079f2b14e893,"{""distance"":5,""physical_error_rate"":5e-05}","{""detection_events"":56654,""detectors_checked"":257359872}"
   4603904,         0,         0,    31.7,exact_mw,f32ebecd8e105e50ec838d33c5ed9b45444b6b44a3c6ac541111079f2b14e893,"{""distance"":5,""physical_error_rate"":5e-05}","{""detection_events"":225928,""detectors_checked"":1031274496}"
   1538048,         0,         0,    31.7,exact_mw,cdc4a450a40af8e24899239080e4c40992fb5baf91c5a31ab3a165eacb3a1ab3,"{""distance"":5,""physical_error_rate"":0.0002}","{""detection_events"":303379,""detectors_checked"":344522752}"
   2840576,         0,         0,   119.0,exact_mw,cb12ae119b9b2ba18d0216e7235b403229e92fd0743ede48fe7f1a2c6f45d594,"{""distance"":5,""physical_error_rate"":0.0005}","{""detection_events"":1398009,""detectors_checked"":636289024}"
   2225152,        15,         0,   119.3,exact_mw,bb90ec3459e353008cf9a5bb9142bf1e8515517a9e167021b225104594e48e8a,"{""distance"":5,""physical_error_rate"":0.001}","{""detection_events"":2187970,""detectors_checked"":498434048,""obs_mistake_mask=E"":15}"
   3060736,         3,         0,   118.6,exact_mw,cb12ae119b9b2ba18d0216e7235b403229e92fd0743ede48fe7f1a2c6f45d594,"{""distance"":5,""physical_error_rate"":0.0005}","{""detection_events"":1502722,""detectors_checked"":685604864,""obs_mistake_mask=E"":3}"
    798720,         4,         0,    62.8,exact_mw,bb90ec3459e353008cf9a5bb9142bf1e8515517a9e167021b225104594e48e8a,"{""distance"":5,""physical_error_rate"":0.001}","{""detection_events"":784274,""detectors_checked"":178913280,""obs_mistake_mask=E"":4}"
  19533824,         0,         0,   118.6,exact_mw,70a969f5042aec17ac076c6379f4170fb7c69b8e925756ef3b7334e28a33338b,"{""distance"":5,""physical_error_rate"":0.0001}","{""detection_events"":1924820,""detectors_checked"":4375576576}"
   2532352,        16,         0,   119.3,exact_mw,bb90ec3459e353008cf9a5bb9142bf1e8515517a9e167021b225104594e48e8a,"{""distance"":5,""physical_error_rate"":0.001}","{""detection_events"":2486517,""detectors_checked"":567246848,""obs_mistake_mask=E"":16}"
   2172928,         0,         0,    31.8,exact_mw,70a969f5042aec17ac076c6379f4170fb7c69b8e925756ef3b7334e28a33338b,"{""distance"":5,""physical_error_rate"":0.0001}","{""detection_events"":213603,""detectors_checked"":486735872}"
   4577280,         1,         0,   118.6,exact_mw,cdc4a450a40af8e24899239080e4c40992fb5baf91c5a31ab3a165eacb3a1ab3,"{""distance"":5,""physical_error_rate"":0.0002}","{""detection_events"":902087,""detectors_checked"":1025310720,""obs_mistake_mask=E"":1}"
   1897472,         0,         0,    31.7,exact_mw,f32ebecd8e105e50ec838d33c5ed9b45444b6b44a3c6ac541111079f2b14e893,"{""distance"":5,""physical_error_rate"":5e-05}","{""detection_events"":93581,""detectors_checked"":425033728}"
    585728,         0,         0,    31.7,exact_mw,cb12ae119b9b2ba18d0216e7235b403229e92fd0743ede48fe7f1a2c6f45d594,"{""distance"":5,""physical_error_rate"":0.0005}","{""detection_events"":288720,""detectors_checked"":131203072}"
   8317952,         0,         0,   118.3,exact_mw,70a969f5042aec17ac076c6379f4170fb7c69b8e925756ef3b7334e28a33338b,"{""distance"":5,""physical_error_rate"":0.0001}","{""detection_events"":820253,""detectors_checked"":1863221248}"
   4796416,         1,         0,   119.0,exact_mw,cb12ae119b9b2ba18d0216e7235b403229e92fd0743ede48fe7f1a2c6f45d594,"{""distance"":5,""physical_error_rate"":0.0005}","{""detection_events"":2353332,""detectors_checked"":1074397184,""obs_mistake_mask=E"":1}"
   6702080,         3,         0,   118.7,exact_mw,cb12ae119b9b2ba18d0216e7235b403229e92fd0743ede48fe7f1a2c6f45d594,"{""distance"":5,""physical_error_rate"":0.0005}","{""detection_events"":3299973,""detectors_checked"":1501265920,""obs_mistake_mask=E"":3}"
   5178368,         0,         0,   118.8,exact_mw,f32ebecd8e105e50ec838d33c5ed9b45444b6b44a3c6ac541111079f2b14e893,"{""distance"":5,""physical_error_rate"":5e-05}","{""detection_events"":254056,""detectors_checked"":1159954432}"
   5304320,         0,         0,   118.2,exact_mw,70a969f5042aec17ac076c6379f4170fb7c69b8e925756ef3b7334e28a33338b,"{""distance"":5,""physical_error_rate"":0.0001}","{""detection_events"":523399,""detectors_checked"":1188167680}"
   9174016,         0,         0,   118.8,exact_mw,70a969f5042aec17ac076c6379f4170fb7c69b8e925756ef3b7334e28a33338b,"{""distance"":5,""physical_error_rate"":0.0001}","{""detection_events"":906213,""detectors_checked"":2054979584}"
  18923520,         0,         0,   118.0,exact_mw,cdc4a450a40af8e24899239080e4c40992fb5baf91c5a31ab3a165eacb3a1ab3,"{""distance"":5,""physical_error_rate"":0.0002}","{""detection_events"":3733978,""detectors_checked"":4238868480}"
   6564864,         0,         0,   118.7,exact_mw,70a969f5042aec17ac076c6379f4170fb7c69b8e925756ef3b7334e28a33338b,"{""distance"":5,""physical_error_rate"":0.0001}","{""detection_events"":646606,""detectors_checked"":1470529536}"
   3582976,         0,         0,   118.9,exact_mw,70a969f5042aec17ac076c6379f4170fb7c69b8e925756ef3b7334e28a33338b,"{""distance"":5,""physical_error_rate"":0.0001}","{""detection_events"":352453,""detectors_checked"":802586624}"
    757760,         5,         0,    31.9,exact_mw,bb90ec3459e353008cf9a5bb9142bf1e8515517a9e167021b225104594e48e8a,"{""distance"":5,""physical_error_rate"":0.001}","{""detection_events"":743884,""detectors_checked"":169738240,""obs_mistake_mask=E"":5}"
   7158784,         0,         0,   118.7,exact_mw,70a969f5042aec17ac076c6379f4170fb7c69b8e925756ef3b7334e28a33338b,"{""distance"":5,""physical_error_rate"":0.0001}","{""detection_events"":706754,""detectors_checked"":1603567616}"
   1604608,         7,         0,   119.4,exact_mw,bb90ec3459e353008cf9a5bb9142bf1e8515517a9e167021b225104594e48e8a,"{""distance"":5,""physical_error_rate"":0.001}","{""detection_events"":1571842,""detectors_checked"":359432192,""obs_mistake_mask=E"":7}"
   9302016,         0,         0,   118.2,exact_mw,f32ebecd8e105e50ec838d33c5ed9b45444b6b44a3c6ac541111079f2b14e893,"{""distance"":5,""physical_error_rate"":5e-05}","{""detection_events"":457834,""detectors_checked"":2083651584}"
   3069952,        26,         0,   119.2,exact_mw,bb90ec3459e353008cf9a5bb9142bf1e8515517a9e167021b225104594e48e8a,"{""distance"":5,""physical_error_rate"":0.001}","{""detection_events"":3009826,""detectors_checked"":687669248,""obs_mistake_mask=E"":26}"
   9141248,        53,         0,   119.2,exact_mw,bb90ec3459e353008cf9a5bb9142bf1e8515517a9e167021b225104594e48e8a,"{""distance"":5,""physical_error_rate"":0.001}","{""detection_events"":8980349,""detectors_checked"":2047639552,""obs_mistake_mask=E"":53}"
   4678656,         0,         0,   119.0,exact_mw,f32ebecd8e105e50ec838d33c5ed9b45444b6b44a3c6ac541111079f2b14e893,"{""distance"":5,""physical_error_rate"":5e-05}","{""detection_events"":230646,""detectors_checked"":1048018944}"
   9485312,         0,         0,   118.5,exact_mw,cdc4a450a40af8e24899239080e4c40992fb5baf91c5a31ab3a165eacb3a1ab3,"{""distance"":5,""physical_error_rate"":0.0002}","{""detection_events"":1868798,""detectors_checked"":2124709888}"
   7697408,         0,         0,   118.6,exact_mw,cdc4a450a40af8e24899239080e4c40992fb5baf91c5a31ab3a165eacb3a1ab3,"{""distance"":5,""physical_error_rate"":0.0002}","{""detection_events"":1518359,""detectors_checked"":1724219392}"
   3684352,         0,         0,   118.8,exact_mw,cdc4a450a40af8e24899239080e4c40992fb5baf91c5a31ab3a165eacb3a1ab3,"{""distance"":5,""physical_error_rate"":0.0002}","{""detection_events"":727868,""detectors_checked"":825294848}"
   4294656,         2,         0,   118.8,exact_mw,cb12ae119b9b2ba18d0216e7235b403229e92fd0743ede48fe7f1a2c6f45d594,"{""distance"":5,""physical_error_rate"":0.0005}","{""detection_events"":2118267,""detectors_checked"":962002944,""obs_mistake_mask=E"":2}"
   9591808,         0,         0,   118.5,exact_mw,cdc4a450a40af8e24899239080e4c40992fb5baf91c5a31ab3a165eacb3a1ab3,"{""distance"":5,""physical_error_rate"":0.0002}","{""detection_events"":1888337,""detectors_checked"":2148564992}"
   1116160,         7,         0,   119.3,exact_mw,bb90ec3459e353008cf9a5bb9142bf1e8515517a9e167021b225104594e48e8a,"{""distance"":5,""physical_error_rate"":0.001}","{""detection_events"":1096826,""detectors_checked"":250019840,""obs_mistake_mask=E"":7}"
   8363008,         0,         0,   118.6,exact_mw,f32ebecd8e105e50ec838d33c5ed9b45444b6b44a3c6ac541111079f2b14e893,"{""distance"":5,""physical_error_rate"":5e-05}","{""detection_events"":413519,""detectors_checked"":1873313792}"
   6802432,         5,         0,   118.9,exact_mw,cb12ae119b9b2ba18d0216e7235b403229e92fd0743ede48fe7f1a2c6f45d594,"{""distance"":5,""physical_error_rate"":0.0005}","{""detection_events"":3350480,""detectors_checked"":1523744768,""obs_mistake_mask=E"":5}"
   7012352,         0,         0,   118.4,exact_mw,cdc4a450a40af8e24899239080e4c40992fb5baf91c5a31ab3a165eacb3a1ab3,"{""distance"":5,""physical_error_rate"":0.0002}","{""detection_events"":1382332,""detectors_checked"":1570766848}"
   2653184,        10,         0,   119.1,exact_mw,bb90ec3459e353008cf9a5bb9142bf1e8515517a9e167021b225104594e48e8a,"{""distance"":5,""physical_error_rate"":0.001}","{""detection_events"":2608122,""detectors_checked"":594313216,""obs_mistake_mask=E"":10}"
   6641664,         2,         0,   118.7,exact_mw,cb12ae119b9b2ba18d0216e7235b403229e92fd0743ede48fe7f1a2c6f45d594,"{""distance"":5,""physical_error_rate"":0.0005}","{""detection_events"":3277771,""detectors_checked"":1487732736,""obs_mistake_mask=E"":2}"
   2193408,         5,         0,   119.2,exact_mw,bb90ec3459e353008cf9a5bb9142bf1e8515517a9e167021b225104594e48e8a,"{""distance"":5,""physical_error_rate"":0.001}","{""detection_events"":2155262,""detectors_checked"":491323392,""obs_mistake_mask=E"":5}"
  13118464,         7,         0,   118.2,exact_mw,cb12ae119b9b2ba18d0216e7235b403229e92fd0743ede48fe7f1a2c6f45d594,"{""distance"":5,""physical_error_rate"":0.0005}","{""detection_events"":6451451,""detectors_checked"":2938535936,""obs_mistake_mask=E"":7}"
   3371008,         0,         0,   118.8,exact_mw,70a969f5042aec17ac076c6379f4170fb7c69b8e925756ef3b7334e28a33338b,"{""distance"":5,""physical_error_rate"":0.0001}","{""detection_events"":333338,""detectors_checked"":755105792}"
   2751488,         2,         0,   118.5,exact_mw,cb12ae119b9b2ba18d0216e7235b403229e92fd0743ede48fe7f1a2c6f45d594,"{""distance"":5,""physical_error_rate"":0.0005}","{""detection_events"":1351435,""detectors_checked"":616333312,""obs_mistake_mask=E"":2}"
   6724608,         3,         0,   118.7,exact_mw,cb12ae119b9b2ba18d0216e7235b403229e92fd0743ede48fe7f1a2c6f45d594,"{""distance"":5,""physical_error_rate"":0.0005}","{""detection_events"":3312510,""detectors_checked"":1506312192,""obs_mistake_mask=E"":3}"
   4355072,         0,         0,   119.0,exact_mw,cdc4a450a40af8e24899239080e4c40992fb5baf91c5a31ab3a165eacb3a1ab3,"{""distance"":5,""physical_error_rate"":0.0002}","{""detection_events"":860436,""detectors_checked"":975536128}"
   4485120,         0,         0,   118.6,exact_mw,70a969f5042aec17ac076c6379f4170fb7c69b8e925756ef3b7334e28a33338b,"{""distance"":5,""physical_error_rate"":0.0001}","{""detection_events"":443429,""detectors_checked"":1004666880}"
   2464768,         0,         0,    31.8,exact_mw,cdc4a450a40af8e24899239080e4c40992fb5baf91c5a31ab3a165eacb3a1ab3,"{""distance"":5,""physical_error_rate"":0.0002}","{""detection_events"":486025,""detectors_checked"":552108032}"
   3820544,        12,         0,   119.5,exact_mw,bb90ec3459e353008cf9a5bb9142bf1e8515517a9e167021b225104594e48e8a,"{""distance"":5,""physical_error_rate"":0.001}","{""detection_events"":3753682,""detectors_checked"":855801856,""obs_mistake_mask=E"":12}"
   3605504,         0,         0,   118.7,exact_mw,f32ebecd8e105e50ec838d33c5ed9b45444b6b44a3c6ac541111079f2b14e893,"{""distance"":5,""physical_error_rate"":5e-05}","{""detection_events"":176768,""detectors_checked"":807632896}"
    211968,         0,         0,    32.3,exact_mw,bb90ec3459e353008cf9a5bb9142bf1e8515517a9e167021b225104594e48e8a,"{""distance"":5,""physical_error_rate"":0.001}","{""detection_events"":208181,""detectors_checked"":47480832}"
   1085440,         0,         0,    31.7,exact_mw,70a969f5042aec17ac076c6379f4170fb7c69b8e925756ef3b7334e28a33338b,"{""distance"":5,""physical_error_rate"":0.0001}","{""detection_events"":106274,""detectors_checked"":243138560}"
   2128896,         2,         0,    31.9,exact_mw,cb12ae119b9b2ba18d0216e7235b403229e92fd0743ede48fe7f1a2c6f45d594,"{""distance"":5,""physical_error_rate"":0.0005}","{""detection_events"":1046832,""detectors_checked"":476872704,""obs_mistake_mask=E"":2}"
   2894848,         0,         0,    31.8,exact_mw,70a969f5042aec17ac076c6379f4170fb7c69b8e925756ef3b7334e28a33338b,"{""distance"":5,""physical_error_rate"":0.0001}","{""detection_events"":286020,""detectors_checked"":648445952}"
   1601536,         1,         0,    31.7,exact_mw,cb12ae119b9b2ba18d0216e7235b403229e92fd0743ede48fe7f1a2c6f45d594,"{""distance"":5,""physical_error_rate"":0.0005}","{""detection_events"":788299,""detectors_checked"":358744064,""obs_mistake_mask=E"":1}"
   1072128,         0,         0,    32.0,exact_mw,f32ebecd8e105e50ec838d33c5ed9b45444b6b44a3c6ac541111079f2b14e893,"{""distance"":5,""physical_error_rate"":5e-05}","{""detection_events"":53427,""detectors_checked"":240156672}"
    207872,         0,         0,    32.0,exact_mw,bb90ec3459e353008cf9a5bb9142bf1e8515517a9e167021b225104594e48e8a,"{""distance"":5,""physical_error_rate"":0.001}","{""detection_events"":204034,""detectors_checked"":46563328}"
   8969216,         2,         0,   118.7,exact_mw,cb12ae119b9b2ba18d0216e7235b403229e92fd0743ede48fe7f1a2c6f45d594,"{""distance"":5,""physical_error_rate"":0.0005}","{""detection_events"":4414204,""detectors_checked"":2009104384,""obs_mistake_mask=E"":2}"
  12683264,         0,         0,   118.8,exact_mw,f32ebecd8e105e50ec838d33c5ed9b45444b6b44a3c6ac541111079f2b14e893,"{""distance"":5,""physical_error_rate"":5e-05}","{""detection_events"":624365,""detectors_checked"":2841051136}"
   7480320,         0,         0,   118.6,exact_mw,cdc4a450a40af8e24899239080e4c40992fb5baf91c5a31ab3a165eacb3a1ab3,"{""distance"":5,""physical_error_rate"":0.0002}","{""detection_events"":1474558,""detectors_checked"":1675591680}"
   7963648,         5,         0,   118.8,exact_mw,cb12ae119b9b2ba18d0216e7235b403229e92fd0743ede48fe7f1a2c6f45d594,"{""distance"":5,""physical_error_rate"":0.0005}","{""detection_events"":3915156,""detectors_checked"":1783857152,""obs_mistake_mask=E"":5}"
   8428544,         0,         0,   118.5,exact_mw,f32ebecd8e105e50ec838d33c5ed9b45444b6b44a3c6ac541111079f2b14e893,"{""distance"":5,""physical_error_rate"":5e-05}","{""detection_events"":415864,""detectors_checked"":1887993856}"
   4321280,         0,         0,   119.0,exact_mw,f32ebecd8e105e50ec838d33c5ed9b45444b6b44a3c6ac541111079f2b14e893,"{""distance"":5,""physical_error_rate"":5e-05}","{""detection_events"":213179,""detectors_checked"":967966720}"
   3677184,        15,         0,   119.4,exact_mw,bb90ec3459e353008cf9a5bb9142bf1e8515517a9e167021b225104594e48e8a,"{""distance"":5,""physical_error_rate"":0.001}","{""detection_events"":3611311,""detectors_checked"":823689216,""obs_mistake_mask=E"":15}"
   2195456,        14,         0,   119.2,exact_mw,bb90ec3459e353008cf9a5bb9142bf1e8515517a9e167021b225104594e48e8a,"{""distance"":5,""physical_error_rate"":0.001}","{""detection_events"":2154325,""detectors_checked"":491782144,""obs_mistake_mask=E"":14}"
   6969344,         0,         0,   118.4,exact_mw,70a969f5042aec17ac076c6379f4170fb7c69b8e925756ef3b7334e28a33338b,"{""distance"":5,""physical_error_rate"":0.0001}","{""detection_events"":688805,""detectors_checked"":1561133056}"
   2449408,        13,         0,   119.3,exact_mw,bb90ec3459e353008cf9a5bb9142bf1e8515517a9e167021b225104594e48e8a,"{""distance"":5,""physical_error_rate"":0.001}","{""detection_events"":2401958,""detectors_checked"":548667392,""obs_mistake_mask=E"":13}"
   2905088,         0,         0,   119.2,exact_mw,f32ebecd8e105e50ec838d33c5ed9b45444b6b44a3c6ac541111079f2b14e893,"{""distance"":5,""physical_error_rate"":5e-05}","{""detection_events"":143207,""detectors_checked"":650739712}"
   4654080,         0,         0,   118.5,exact_mw,70a969f5042aec17ac076c6379f4170fb7c69b8e925756ef3b7334e28a33338b,"{""distance"":5,""physical_error_rate"":0.0001}","{""detection_events"":460401,""detectors_checked"":1042513920}"
  12217344,         0,         0,   118.8,exact_mw,cdc4a450a40af8e24899239080e4c40992fb5baf91c5a31ab3a165eacb3a1ab3,"{""distance"":5,""physical_error_rate"":0.0002}","{""detection_events"":2408881,""detectors_checked"":2736685056}"
  12704768,         1,         0,   118.4,exact_mw,cdc4a450a40af8e24899239080e4c40992fb5baf91c5a31ab3a165eacb3a1ab3,"{""distance"":5,""physical_error_rate"":0.0002}","{""detection_events"":2505981,""detectors_checked"":2845868032,""obs_mistake_mask=E"":1}"
   4029298,         0,         0,    11.5,exact_mw,cdc4a450a40af8e24899239080e4c40992fb5baf91c5a31ab3a165eacb3a1ab3,"{""distance"":5,""physical_error_rate"":0.0002}","{""detection_events"":794046,""detectors_checked"":902562752}"
   7074816,         0,         0,   118.5,exact_mw,70a969f5042aec17ac076c6379f4170fb7c69b8e925756ef3b7334e28a33338b,"{""distance"":5,""physical_error_rate"":0.0001}","{""detection_events"":699258,""detectors_checked"":1584758784}"
   8974336,         0,         0,   118.2,exact_mw,f32ebecd8e105e50ec838d33c5ed9b45444b6b44a3c6ac541111079f2b14e893,"{""distance"":5,""physical_error_rate"":5e-05}","{""detection_events"":444780,""detectors_checked"":2010251264}"
   3451904,         0,         0,   118.9,exact_mw,f32ebecd8e105e50ec838d33c5ed9b45444b6b44a3c6ac541111079f2b14e893,"{""distance"":5,""physical_error_rate"":5e-05}","{""detection_events"":170751,""detectors_checked"":773226496}"
   2519040,        12,         0,   119.3,exact_mw,bb90ec3459e353008cf9a5bb9142bf1e8515517a9e167021b225104594e48e8a,"{""distance"":5,""physical_error_rate"":0.001}","{""detection_events"":2471950,""detectors_checked"":564264960,""obs_mistake_mask=E"":12}"
   3265536,         0,         0,   118.8,exact_mw,cb12ae119b9b2ba18d0216e7235b403229e92fd0743ede48fe7f1a2c6f45d594,"{""distance"":5,""physical_error_rate"":0.0005}","{""detection_events"":1606962,""detectors_checked"":731480064}"
   7803904,         3,         0,   118.7,exact_mw,cb12ae119b9b2ba18d0216e7235b403229e92fd0743ede48fe7f1a2c6f45d594,"{""distance"":5,""physical_error_rate"":0.0005}","{""detection_events"":3842321,""detectors_checked"":1748074496,""obs_mistake_mask=E"":3}"
   7940096,         0,         0,   117.9,exact_mw,f32ebecd8e105e50ec838d33c5ed9b45444b6b44a3c6ac541111079f2b14e893,"{""distance"":5,""physical_error_rate"":5e-05}","{""detection_events"":391931,""detectors_checked"":1778581504}"
  10949632,         0,         0,   118.5,exact_mw,70a969f5042aec17ac076c6379f4170fb7c69b8e925756ef3b7334e28a33338b,"{""distance"":5,""physical_error_rate"":0.0001}","{""detection_events"":1079583,""detectors_checked"":2452717568}"
   6543360,         0,         0,   118.7,exact_mw,cdc4a450a40af8e24899239080e4c40992fb5baf91c5a31ab3a165eacb3a1ab3,"{""distance"":5,""physical_error_rate"":0.0002}","{""detection_events"":1286523,""detectors_checked"":1465712640}"
   7559168,         0,         0,   118.4,exact_mw,70a969f5042aec17ac076c6379f4170fb7c69b8e925756ef3b7334e28a33338b,"{""distance"":5,""physical_error_rate"":0.0001}","{""detection_events"":747629,""detectors_checked"":1693253632}"
   8290304,         0,         0,   118.2,exact_mw,cdc4a450a40af8e24899239080e4c40992fb5baf91c5a31ab3a165eacb3a1ab3,"{""distance"":5,""physical_error_rate"":0.0002}","{""detection_events"":1635028,""detectors_checked"":1857028096}"
  18613285,         0,         0,   117.6,exact_mw,f32ebecd8e105e50ec838d33c5ed9b45444b6b44a3c6ac541111079f2b14e893,"{""distance"":5,""physical_error_rate"":5e-05}","{""detection_events"":917030,""detectors_checked"":4169375840}"
   1030144,         4,         0,   119.2,exact_mw,bb90ec3459e353008cf9a5bb9142bf1e8515517a9e167021b225104594e48e8a,"{""distance"":5,""physical_error_rate"":0.001}","{""detection_events"":1014043,""detectors_checked"":230752256,""obs_mistake_mask=E"":4}"
   2301952,         0,         0,    44.5,exact_mw,f32ebecd8e105e50ec838d33c5ed9b45444b6b44a3c6ac541111079f2b14e893,"{""distance"":5,""physical_error_rate"":5e-05}","{""detection_events"":114626,""detectors_checked"":515637248}"
   3727360,         0,         0,    44.7,exact_mw,cdc4a450a40af8e24899239080e4c40992fb5baf91c5a31ab3a165eacb3a1ab3,"{""distance"":5,""physical_error_rate"":0.0002}","{""detection_events"":735494,""detectors_checked"":834928640}"
   4524147,         0,         0,    64.1,exact_mw,70a969f5042aec17ac076c6379f4170fb7c69b8e925756ef3b7334e28a33338b,"{""distance"":5,""physical_error_rate"":0.0001}","{""detection_events"":445330,""detectors_checked"":1013408928}"
   5974016,         0,         0,    44.3,exact_mw,70a969f5042aec17ac076c6379f4170fb7c69b8e925756ef3b7334e28a33338b,"{""distance"":5,""physical_error_rate"":0.0001}","{""detection_events"":589344,""detectors_checked"":1338179584}"
   1012736,         0,         0,    44.5,exact_mw,70a969f5042aec17ac076c6379f4170fb7c69b8e925756ef3b7334e28a33338b,"{""distance"":5,""physical_error_rate"":0.0001}","{""detection_events"":98848,""detectors_checked"":226852864}"
  12754035,         0,         0,   113.3,exact_mw,f32ebecd8e105e50ec838d33c5ed9b45444b6b44a3c6ac541111079f2b14e893,"{""distance"":5,""physical_error_rate"":5e-05}","{""detection_events"":626987,""detectors_checked"":2856903840}"
  12394496,         0,         0,    89.4,exact_mw,f32ebecd8e105e50ec838d33c5ed9b45444b6b44a3c6ac541111079f2b14e893,"{""distance"":5,""physical_error_rate"":5e-05}","{""detection_events"":611745,""detectors_checked"":2776367104}"
    485376,         1,         0,    44.7,exact_mw,bb90ec3459e353008cf9a5bb9142bf1e8515517a9e167021b225104594e48e8a,"{""distance"":5,""physical_error_rate"":0.001}","{""detection_events"":477791,""detectors_checked"":108724224,""obs_mistake_mask=E"":1}"
   3507200,         0,         0,    44.5,exact_mw,cdc4a450a40af8e24899239080e4c40992fb5baf91c5a31ab3a165eacb3a1ab3,"{""distance"":5,""physical_error_rate"":0.0002}","{""detection_events"":693292,""detectors_checked"":785612800}"
   2951168,         0,         0,    44.4,exact_mw,cb12ae119b9b2ba18d0216e7235b403229e92fd0743ede48fe7f1a2c6f45d594,"{""distance"":5,""physical_error_rate"":0.0005}","{""detection_events"":1453270,""detectors_checked"":661061632}"
   2255872,         0,         0,    44.3,exact_mw,f32ebecd8e105e50ec838d33c5ed9b45444b6b44a3c6ac541111079f2b14e893,"{""distance"":5,""physical_error_rate"":5e-05}","{""detection_events"":111244,""detectors_checked"":505315328}"
   2917376,         0,         0,    44.2,exact_mw,f32ebecd8e105e50ec838d33c5ed9b45444b6b44a3c6ac541111079f2b14e893,"{""distance"":5,""physical_error_rate"":5e-05}","{""detection_events"":143581,""detectors_checked"":653492224}"
   3064832,         0,         0,    44.4,exact_mw,cdc4a450a40af8e24899239080e4c40992fb5baf91c5a31ab3a165eacb3a1ab3,"{""distance"":5,""physical_error_rate"":0.0002}","{""detection_events"":602514,""detectors_checked"":686522368}"
   2912256,         0,         0,    44.6,exact_mw,70a969f5042aec17ac076c6379f4170fb7c69b8e925756ef3b7334e28a33338b,"{""distance"":5,""physical_error_rate"":0.0001}","{""detection_events"":285785,""detectors_checked"":652345344}"
   2421760,         0,         0,    44.4,exact_mw,f32ebecd8e105e50ec838d33c5ed9b45444b6b44a3c6ac541111079f2b14e893,"{""distance"":5,""physical_error_rate"":5e-05}","{""detection_events"":118619,""detectors_checked"":542474240}"
   1627136,         0,         0,    44.5,exact_mw,cb12ae119b9b2ba18d0216e7235b403229e92fd0743ede48fe7f1a2c6f45d594,"{""distance"":5,""physical_error_rate"":0.0005}","{""detection_events"":801003,""detectors_checked"":364478464}"
    933888,         4,         0,    44.9,exact_mw,bb90ec3459e353008cf9a5bb9142bf1e8515517a9e167021b225104594e48e8a,"{""distance"":5,""physical_error_rate"":0.001}","{""detection_events"":916170,""detectors_checked"":209190912,""obs_mistake_mask=E"":4}"
   5037056,         0,         0,   118.9,exact_mw,f32ebecd8e105e50ec838d33c5ed9b45444b6b44a3c6ac541111079f2b14e893,"{""distance"":5,""physical_error_rate"":5e-05}","{""detection_events"":248077,""detectors_checked"":1128300544}"
   4571136,         0,         0,   118.8,exact_mw,70a969f5042aec17ac076c6379f4170fb7c69b8e925756ef3b7334e28a33338b,"{""distance"":5,""physical_error_rate"":0.0001}","{""detection_events"":451158,""detectors_checked"":1023934464}"
   9964622,         4,         0,    42.3,exact_mw,cb12ae119b9b2ba18d0216e7235b403229e92fd0743ede48fe7f1a2c6f45d594,"{""distance"":5,""physical_error_rate"":0.0005}","{""detection_events"":4903941,""detectors_checked"":2232075328,""obs_mistake_mask=E"":4}"
   9602048,         0,         0,   118.5,exact_mw,70a969f5042aec17ac076c6379f4170fb7c69b8e925756ef3b7334e28a33338b,"{""distance"":5,""physical_error_rate"":0.0001}","{""detection_events"":942054,""detectors_checked"":2150858752}"
   7590912,         0,         0,   118.6,exact_mw,cdc4a450a40af8e24899239080e4c40992fb5baf91c5a31ab3a165eacb3a1ab3,"{""distance"":5,""physical_error_rate"":0.0002}","{""detection_events"":1497035,""detectors_checked"":1700364288}"
   1269760,         8,         0,   119.4,exact_mw,bb90ec3459e353008cf9a5bb9142bf1e8515517a9e167021b225104594e48e8a,"{""distance"":5,""physical_error_rate"":0.001}","{""detection_events"":1242230,""detectors_checked"":284426240,""obs_mistake_mask=E"":8}"
   9144320,         4,         0,   118.7,exact_mw,cb12ae119b9b2ba18d0216e7235b403229e92fd0743ede48fe7f1a2c6f45d594,"{""distance"":5,""physical_error_rate"":0.0005}","{""detection_events"":4495250,""detectors_checked"":2048327680,""obs_mistake_mask=E"":4}"
   3309568,         0,         0,    44.3,exact_mw,cdc4a450a40af8e24899239080e4c40992fb5baf91c5a31ab3a165eacb3a1ab3,"{""distance"":5,""physical_error_rate"":0.0002}","{""detection_events"":653875,""detectors_checked"":741343232}"
    550912,         1,         0,    44.8,exact_mw,bb90ec3459e353008cf9a5bb9142bf1e8515517a9e167021b225104594e48e8a,"{""distance"":5,""physical_error_rate"":0.001}","{""detection_events"":539451,""detectors_checked"":123404288,""obs_mistake_mask=E"":1}"
   1029120,         0,         0,    44.2,exact_mw,70a969f5042aec17ac076c6379f4170fb7c69b8e925756ef3b7334e28a33338b,"{""distance"":5,""physical_error_rate"":0.0001}","{""detection_events"":101548,""detectors_checked"":230522880}"
   2681856,         1,         0,    44.5,exact_mw,cb12ae119b9b2ba18d0216e7235b403229e92fd0743ede48fe7f1a2c6f45d594,"{""distance"":5,""physical_error_rate"":0.0005}","{""detection_events"":1322257,""detectors_checked"":600735744,""obs_mistake_mask=E"":1}"
   1846272,         0,         0,    44.4,exact_mw,70a969f5042aec17ac076c6379f4170fb7c69b8e925756ef3b7334e28a33338b,"{""distance"":5,""physical_error_rate"":0.0001}","{""detection_events"":181761,""detectors_checked"":413564928}"
   2291712,         1,         0,    44.4,exact_mw,cb12ae119b9b2ba18d0216e7235b403229e92fd0743ede48fe7f1a2c6f45d594,"{""distance"":5,""physical_error_rate"":0.0005}","{""detection_events"":1127846,""detectors_checked"":513343488,""obs_mistake_mask=E"":1}"
   3110912,         0,         0,    44.6,exact_mw,f32ebecd8e105e50ec838d33c5ed9b45444b6b44a3c6ac541111079f2b14e893,"{""distance"":5,""physical_error_rate"":5e-05}","{""detection_events"":153212,""detectors_checked"":696844288}"
    409600,         1,         0,    44.8,exact_mw,bb90ec3459e353008cf9a5bb9142bf1e8515517a9e167021b225104594e48e8a,"{""distance"":5,""physical_error_rate"":0.001}","{""detection_events"":402183,""detectors_checked"":91750400,""obs_mistake_mask=E"":1}"
   7695360,         5,         0,   118.4,exact_mw,cb12ae119b9b2ba18d0216e7235b403229e92fd0743ede48fe7f1a2c6f45d594,"{""distance"":5,""physical_error_rate"":0.0005}","{""detection_events"":3780572,""detectors_checked"":1723760640,""obs_mistake_mask=E"":5}"
   1955840,        19,         0,   119.2,exact_mw,bb90ec3459e353008cf9a5bb9142bf1e8515517a9e167021b225104594e48e8a,"{""distance"":5,""physical_error_rate"":0.001}","{""detection_events"":1917206,""detectors_checked"":438108160,""obs_mistake_mask=E"":19}"
   1231872,        12,         0,    49.2,exact_mw,bb90ec3459e353008cf9a5bb9142bf1e8515517a9e167021b225104594e48e8a,"{""distance"":5,""physical_error_rate"":0.001}","{""detection_events"":1205741,""detectors_checked"":275939328,""obs_mistake_mask=E"":12}"
   5340160,        24,         0,    52.4,exact_mw,bb90ec3459e353008cf9a5bb9142bf1e8515517a9e167021b225104594e48e8a,"{""distance"":5,""physical_error_rate"":0.001}","{""detection_events"":5243994,""detectors_checked"":1196195840,""obs_mistake_mask=E"":24}"
   1259520,         5,         0,    43.9,exact_mw,bb90ec3459e353008cf9a5bb9142bf1e8515517a9e167021b225104594e48e8a,"{""distance"":5,""physical_error_rate"":0.001}","{""detection_events"":1235244,""detectors_checked"":282132480,""obs_mistake_mask=E"":5}"
   1757184,        13,         0,    69.6,exact_mw,bb90ec3459e353008cf9a5bb9142bf1e8515517a9e167021b225104594e48e8a,"{""distance"":5,""physical_error_rate"":0.001}","{""detection_events"":1727365,""detectors_checked"":393609216,""obs_mistake_mask=E"":13}"
     26624,         0,         0,    6.00,exact_mw,bb90ec3459e353008cf9a5bb9142bf1e8515517a9e167021b225104594e48e8a,"{""distance"":5,""physical_error_rate"":0.001}","{""detection_events"":26072,""detectors_checked"":5963776}"
   1036288,         2,         0,    51.8,exact_mw,bb90ec3459e353008cf9a5bb9142bf1e8515517a9e167021b225104594e48e8a,"{""distance"":5,""physical_error_rate"":0.001}","{""detection_events"":1015367,""detectors_checked"":232128512,""obs_mistake_mask=E"":2}"
    115712,         1,         0,    13.8,exact_mw,bb90ec3459e353008cf9a5bb9142bf1e8515517a9e167021b225104594e48e8a,"{""distance"":5,""physical_error_rate"":0.001}","{""detection_events"":113892,""detectors_checked"":25919488,""obs_mistake_mask=E"":1}"
   1443840,         7,         0,    52.5,exact_mw,bb90ec3459e353008cf9a5bb9142bf1e8515517a9e167021b225104594e48e8a,"{""distance"":5,""physical_error_rate"":0.001}","{""detection_events"":1413549,""detectors_checked"":323420160,""obs_mistake_mask=E"":7}"
   1105920,         5,         0,    55.8,exact_mw,bb90ec3459e353008cf9a5bb9142bf1e8515517a9e167021b225104594e48e8a,"{""distance"":5,""physical_error_rate"":0.001}","{""detection_events"":1082779,""detectors_checked"":247726080,""obs_mistake_mask=E"":5}"
    659456,         5,         0,    31.0,exact_mw,bb90ec3459e353008cf9a5bb9142bf1e8515517a9e167021b225104594e48e8a,"{""distance"":5,""physical_error_rate"":0.001}","{""detection_events"":646847,""detectors_checked"":147718144,""obs_mistake_mask=E"":5}"
      2048,         0,         0,   0.359,exact_mw,bb90ec3459e353008cf9a5bb9142bf1e8515517a9e167021b225104594e48e8a,"{""distance"":5,""physical_error_rate"":0.001}","{""detection_events"":1988,""detectors_checked"":458752}"
     26624,         0,         0,    3.22,exact_mw,bb90ec3459e353008cf9a5bb9142bf1e8515517a9e167021b225104594e48e8a,"{""distance"":5,""physical_error_rate"":0.001}","{""detection_events"":26396,""detectors_checked"":5963776}"
   1940480,         7,         0,    78.6,exact_mw,bb90ec3459e353008cf9a5bb9142bf1e8515517a9e167021b225104594e48e8a,"{""distance"":5,""physical_error_rate"":0.001}","{""detection_events"":1900648,""detectors_checked"":434667520,""obs_mistake_mask=E"":7}"
    163840,         2,         0,    8.06,exact_mw,bb90ec3459e353008cf9a5bb9142bf1e8515517a9e167021b225104594e48e8a,"{""distance"":5,""physical_error_rate"":0.001}","{""detection_events"":160935,""detectors_checked"":36700160,""obs_mistake_mask=E"":2}"
    790528,         6,         0,    39.1,exact_mw,bb90ec3459e353008cf9a5bb9142bf1e8515517a9e167021b225104594e48e8a,"{""distance"":5,""physical_error_rate"":0.001}","{""detection_events"":776930,""detectors_checked"":177078272,""obs_mistake_mask=E"":6}"
      1024,         0,         0,   0.036,exact_mw,bb90ec3459e353008cf9a5bb9142bf1e8515517a9e167021b225104594e48e8a,"{""distance"":5,""physical_error_rate"":0.001}","{""detection_events"":848,""detectors_checked"":229376}"
    637952,         4,         0,    74.1,exact_mw,bb90ec3459e353008cf9a5bb9142bf1e8515517a9e167021b225104594e48e8a,"{""distance"":5,""physical_error_rate"":0.001}","{""detection_events"":625950,""detectors_checked"":142901248,""obs_mistake_mask=E"":4}"
    935936,         7,         0,    43.4,exact_mw,bb90ec3459e353008cf9a5bb9142bf1e8515517a9e167021b225104594e48e8a,"{""distance"":5,""physical_error_rate"":0.001}","{""detection_events"":916826,""detectors_checked"":209649664,""obs_mistake_mask=E"":7}"
    800768,         5,         0,    43.8,exact_mw,bb90ec3459e353008cf9a5bb9142bf1e8515517a9e167021b225104594e48e8a,"{""distance"":5,""physical_error_rate"":0.001}","{""detection_events"":784510,""detectors_checked"":179372032,""obs_mistake_mask=E"":5}"
   1064960,         3,         0,    56.8,exact_mw,bb90ec3459e353008cf9a5bb9142bf1e8515517a9e167021b225104594e48e8a,"{""distance"":5,""physical_error_rate"":0.001}","{""detection_events"":1045867,""detectors_checked"":238551040,""obs_mistake_mask=E"":3}"
    805888,         3,         0,    78.6,exact_mw,bb90ec3459e353008cf9a5bb9142bf1e8515517a9e167021b225104594e48e8a,"{""distance"":5,""physical_error_rate"":0.001}","{""detection_events"":788913,""detectors_checked"":180518912,""obs_mistake_mask=E"":3}"
    546816,         2,         0,    52.7,exact_mw,bb90ec3459e353008cf9a5bb9142bf1e8515517a9e167021b225104594e48e8a,"{""distance"":5,""physical_error_rate"":0.001}","{""detection_events"":538878,""detectors_checked"":122486784,""obs_mistake_mask=E"":2}"
    765952,         5,         0,    56.5,exact_mw,bb90ec3459e353008cf9a5bb9142bf1e8515517a9e167021b225104594e48e8a,"{""distance"":5,""physical_error_rate"":0.001}","{""detection_events"":749429,""detectors_checked"":171573248,""obs_mistake_mask=E"":5}"
    429056,         2,         0,    52.2,exact_mw,bb90ec3459e353008cf9a5bb9142bf1e8515517a9e167021b225104594e48e8a,"{""distance"":5,""physical_error_rate"":0.001}","{""detection_events"":420507,""detectors_checked"":96108544,""obs_mistake_mask=E"":2}"
    950272,         5,         0,    50.7,exact_mw,bb90ec3459e353008cf9a5bb9142bf1e8515517a9e167021b225104594e48e8a,"{""distance"":5,""physical_error_rate"":0.001}","{""detection_events"":932166,""detectors_checked"":212860928,""obs_mistake_mask=E"":5}"
    992256,         8,         0,    58.7,exact_mw,bb90ec3459e353008cf9a5bb9142bf1e8515517a9e167021b225104594e48e8a,"{""distance"":5,""physical_error_rate"":0.001}","{""detection_events"":975250,""detectors_checked"":222265344,""obs_mistake_mask=E"":8}"
   5929984,         0,         0,   118.6,exact_mw,cdc4a450a40af8e24899239080e4c40992fb5baf91c5a31ab3a165eacb3a1ab3,"{""distance"":5,""physical_error_rate"":0.0002}","{""detection_events"":1168108,""detectors_checked"":1328316416}"
      2321,         0,         0,   0.028,exact_mw,cb12ae119b9b2ba18d0216e7235b403229e92fd0743ede48fe7f1a2c6f45d594,"{""distance"":5,""physical_error_rate"":0.0005}","{""detection_events"":1149,""detectors_checked"":519904}"
      2048,         0,         0,   0.027,exact_mw,cb12ae119b9b2ba18d0216e7235b403229e92fd0743ede48fe7f1a2c6f45d594,"{""distance"":5,""physical_error_rate"":0.0005}","{""detection_events"":1113,""detectors_checked"":458752}"
      3072,         0,         0,   0.023,exact_mw,cb12ae119b9b2ba18d0216e7235b403229e92fd0743ede48fe7f1a2c6f45d594,"{""distance"":5,""physical_error_rate"":0.0005}","{""detection_events"":1536,""detectors_checked"":688128}"
      3072,         0,         0,   0.025,exact_mw,cb12ae119b9b2ba18d0216e7235b403229e92fd0743ede48fe7f1a2c6f45d594,"{""distance"":5,""physical_error_rate"":0.0005}","{""detection_events"":1480,""detectors_checked"":688128}"
      5120,         0,         0,   0.056,exact_mw,cb12ae119b9b2ba18d0216e7235b403229e92fd0743ede48fe7f1a2c6f45d594,"{""distance"":5,""physical_error_rate"":0.0005}","{""detection_events"":2502,""detectors_checked"":1146880}"
      6144,         0,         0,   0.049,exact_mw,cb12ae119b9b2ba18d0216e7235b403229e92fd0743ede48fe7f1a2c6f45d594,"{""distance"":5,""physical_error_rate"":0.0005}","{""detection_events"":2850,""detectors_checked"":1376256}"
      5120,         0,         0,   0.058,exact_mw,cb12ae119b9b2ba18d0216e7235b403229e92fd0743ede48fe7f1a2c6f45d594,"{""distance"":5,""physical_error_rate"":0.0005}","{""detection_events"":2444,""detectors_checked"":1146880}"
     10240,         0,         0,   0.111,exact_mw,cb12ae119b9b2ba18d0216e7235b403229e92fd0743ede48fe7f1a2c6f45d594,"{""distance"":5,""physical_error_rate"":0.0005}","{""detection_events"":5092,""detectors_checked"":2293760}"
     12288,         0,         0,   0.150,exact_mw,cb12ae119b9b2ba18d0216e7235b403229e92fd0743ede48fe7f1a2c6f45d594,"{""distance"":5,""physical_error_rate"":0.0005}","{""detection_events"":5934,""detectors_checked"":2752512}"
     18432,         0,         0,   0.197,exact_mw,cb12ae119b9b2ba18d0216e7235b403229e92fd0743ede48fe7f1a2c6f45d594,"{""distance"":5,""physical_error_rate"":0.0005}","{""detection_events"":9041,""detectors_checked"":4128768}"
      2321,         0,         0,   0.028,exact_mw,cdc4a450a40af8e24899239080e4c40992fb5baf91c5a31ab3a165eacb3a1ab3,"{""distance"":5,""physical_error_rate"":0.0002}","{""detection_events"":416,""detectors_checked"":519904}"
      2048,         0,         0,   0.027,exact_mw,cdc4a450a40af8e24899239080e4c40992fb5baf91c5a31ab3a165eacb3a1ab3,"{""distance"":5,""physical_error_rate"":0.0002}","{""detection_events"":431,""detectors_checked"":458752}"
      2321,         0,         0,   0.028,exact_mw,cdc4a450a40af8e24899239080e4c40992fb5baf91c5a31ab3a165eacb3a1ab3,"{""distance"":5,""physical_error_rate"":0.0002}","{""detection_events"":457,""detectors_checked"":519904}"
      3072,         0,         0,   0.030,exact_mw,cdc4a450a40af8e24899239080e4c40992fb5baf91c5a31ab3a165eacb3a1ab3,"{""distance"":5,""physical_error_rate"":0.0002}","{""detection_events"":576,""detectors_checked"":688128}"
     26624,         0,         0,   0.292,exact_mw,cb12ae119b9b2ba18d0216e7235b403229e92fd0743ede48fe7f1a2c6f45d594,"{""distance"":5,""physical_error_rate"":0.0005}","{""detection_events"":13022,""detectors_checked"":5963776}"
      2048,         0,         0,   0.027,exact_mw,cdc4a450a40af8e24899239080e4c40992fb5baf91c5a31ab3a165eacb3a1ab3,"{""distance"":5,""physical_error_rate"":0.0002}","{""detection_events"":446,""detectors_checked"":458752}"
      3072,         0,         0,   0.029,exact_mw,cdc4a450a40af8e24899239080e4c40992fb5baf91c5a31ab3a165eacb3a1ab3,"{""distance"":5,""physical_error_rate"":0.0002}","{""detection_events"":623,""detectors_checked"":688128}"
      1024,         0,         0,   0.003,exact_mw,cdc4a450a40af8e24899239080e4c40992fb5baf91c5a31ab3a165eacb3a1ab3,"{""distance"":5,""physical_error_rate"":0.0002}","{""detection_events"":257,""detectors_checked"":229376}"
      3072,         0,         0,   0.029,exact_mw,cdc4a450a40af8e24899239080e4c40992fb5baf91c5a31ab3a165eacb3a1ab3,"{""distance"":5,""physical_error_rate"":0.0002}","{""detection_events"":622,""detectors_checked"":688128}"
      5120,         0,         0,   0.042,exact_mw,cdc4a450a40af8e24899239080e4c40992fb5baf91c5a31ab3a165eacb3a1ab3,"{""distance"":5,""physical_error_rate"":0.0002}","{""detection_events"":988,""detectors_checked"":1146880}"
      5120,         0,         0,   0.056,exact_mw,cdc4a450a40af8e24899239080e4c40992fb5baf91c5a31ab3a165eacb3a1ab3,"{""distance"":5,""physical_error_rate"":0.0002}","{""detection_events"":1068,""detectors_checked"":1146880}"
      5120,         0,         0,   0.056,exact_mw,cdc4a450a40af8e24899239080e4c40992fb5baf91c5a31ab3a165eacb3a1ab3,"{""distance"":5,""physical_error_rate"":0.0002}","{""detection_events"":1011,""detectors_checked"":1146880}"
      1297,         0,         0,   0.025,exact_mw,70a969f5042aec17ac076c6379f4170fb7c69b8e925756ef3b7334e28a33338b,"{""distance"":5,""physical_error_rate"":0.0001}","{""detection_events"":100,""detectors_checked"":290528}"
      5120,         0,         0,   0.056,exact_mw,cdc4a450a40af8e24899239080e4c40992fb5baf91c5a31ab3a165eacb3a1ab3,"{""distance"":5,""physical_error_rate"":0.0002}","{""detection_events"":919,""detectors_checked"":1146880}"
      3072,         0,         0,   0.030,exact_mw,70a969f5042aec17ac076c6379f4170fb7c69b8e925756ef3b7334e28a33338b,"{""distance"":5,""physical_error_rate"":0.0001}","{""detection_events"":327,""detectors_checked"":688128}"
      7168,         0,         0,   0.083,exact_mw,cdc4a450a40af8e24899239080e4c40992fb5baf91c5a31ab3a165eacb3a1ab3,"{""distance"":5,""physical_error_rate"":0.0002}","{""detection_events"":1502,""detectors_checked"":1605632}"
      2048,         0,         0,   0.027,exact_mw,70a969f5042aec17ac076c6379f4170fb7c69b8e925756ef3b7334e28a33338b,"{""distance"":5,""physical_error_rate"":0.0001}","{""detection_events"":216,""detectors_checked"":458752}"
      3072,         0,         0,   0.029,exact_mw,70a969f5042aec17ac076c6379f4170fb7c69b8e925756ef3b7334e28a33338b,"{""distance"":5,""physical_error_rate"":0.0001}","{""detection_events"":346,""detectors_checked"":688128}"
      2321,         0,         0,   0.028,exact_mw,f32ebecd8e105e50ec838d33c5ed9b45444b6b44a3c6ac541111079f2b14e893,"{""distance"":5,""physical_error_rate"":5e-05}","{""detection_events"":127,""detectors_checked"":519904}"
      7168,         0,         0,   0.083,exact_mw,cdc4a450a40af8e24899239080e4c40992fb5baf91c5a31ab3a165eacb3a1ab3,"{""distance"":5,""physical_error_rate"":0.0002}","{""detection_events"":1412,""detectors_checked"":1605632}"
      2048,         0,         0,   0.027,exact_mw,f32ebecd8e105e50ec838d33c5ed9b45444b6b44a3c6ac541111079f2b14e893,"{""distance"":5,""physical_error_rate"":5e-05}","{""detection_events"":79,""detectors_checked"":458752}"
      6144,         0,         0,   0.058,exact_mw,70a969f5042aec17ac076c6379f4170fb7c69b8e925756ef3b7334e28a33338b,"{""distance"":5,""physical_error_rate"":0.0001}","{""detection_events"":602,""detectors_checked"":1376256}"
      9216,         0,         0,   0.111,exact_mw,cdc4a450a40af8e24899239080e4c40992fb5baf91c5a31ab3a165eacb3a1ab3,"{""distance"":5,""physical_error_rate"":0.0002}","{""detection_events"":1857,""detectors_checked"":2064384}"
      3072,         0,         0,   0.030,exact_mw,f32ebecd8e105e50ec838d33c5ed9b45444b6b44a3c6ac541111079f2b14e893,"{""distance"":5,""physical_error_rate"":5e-05}","{""detection_events"":185,""detectors_checked"":688128}"
      3072,         0,         0,   0.029,exact_mw,f32ebecd8e105e50ec838d33c5ed9b45444b6b44a3c6ac541111079f2b14e893,"{""distance"":5,""physical_error_rate"":5e-05}","{""detection_events"":184,""detectors_checked"":688128}"
      5120,         0,         0,   0.055,exact_mw,70a969f5042aec17ac076c6379f4170fb7c69b8e925756ef3b7334e28a33338b,"{""distance"":5,""physical_error_rate"":0.0001}","{""detection_events"":544,""detectors_checked"":1146880}"
      9216,         0,         0,   0.110,exact_mw,cdc4a450a40af8e24899239080e4c40992fb5baf91c5a31ab3a165eacb3a1ab3,"{""distance"":5,""physical_error_rate"":0.0002}","{""detection_events"":1693,""detectors_checked"":2064384}"
      4096,         0,         0,   0.048,exact_mw,f32ebecd8e105e50ec838d33c5ed9b45444b6b44a3c6ac541111079f2b14e893,"{""distance"":5,""physical_error_rate"":5e-05}","{""detection_events"":162,""detectors_checked"":917504}"
     34816,         0,         0,   0.394,exact_mw,cb12ae119b9b2ba18d0216e7235b403229e92fd0743ede48fe7f1a2c6f45d594,"{""distance"":5,""physical_error_rate"":0.0005}","{""detection_events"":17082,""detectors_checked"":7798784}"
      7168,         0,         0,   0.082,exact_mw,70a969f5042aec17ac076c6379f4170fb7c69b8e925756ef3b7334e28a33338b,"{""distance"":5,""physical_error_rate"":0.0001}","{""detection_events"":785,""detectors_checked"":1605632}"
      5120,         0,         0,   0.056,exact_mw,f32ebecd8e105e50ec838d33c5ed9b45444b6b44a3c6ac541111079f2b14e893,"{""distance"":5,""physical_error_rate"":5e-05}","{""detection_events"":276,""detectors_checked"":1146880}"
     15360,         0,         0,   0.147,exact_mw,cdc4a450a40af8e24899239080e4c40992fb5baf91c5a31ab3a165eacb3a1ab3,"{""distance"":5,""physical_error_rate"":0.0002}","{""detection_events"":3051,""detectors_checked"":3440640}"
     14336,         0,         0,   0.149,exact_mw,cdc4a450a40af8e24899239080e4c40992fb5baf91c5a31ab3a165eacb3a1ab3,"{""distance"":5,""physical_error_rate"":0.0002}","{""detection_events"":2913,""detectors_checked"":3211264}"
      7168,         0,         0,   0.083,exact_mw,f32ebecd8e105e50ec838d33c5ed9b45444b6b44a3c6ac541111079f2b14e893,"{""distance"":5,""physical_error_rate"":5e-05}","{""detection_events"":324,""detectors_checked"":1605632}"
     10240,         0,         0,   0.114,exact_mw,70a969f5042aec17ac076c6379f4170fb7c69b8e925756ef3b7334e28a33338b,"{""distance"":5,""physical_error_rate"":0.0001}","{""detection_events"":957,""detectors_checked"":2293760}"
     10240,         0,         0,   0.112,exact_mw,f32ebecd8e105e50ec838d33c5ed9b45444b6b44a3c6ac541111079f2b14e893,"{""distance"":5,""physical_error_rate"":5e-05}","{""detection_events"":546,""detectors_checked"":2293760}"
     18432,         0,         0,   0.222,exact_mw,cdc4a450a40af8e24899239080e4c40992fb5baf91c5a31ab3a165eacb3a1ab3,"{""distance"":5,""physical_error_rate"":0.0002}","{""detection_events"":3645,""detectors_checked"":4128768}"
     14336,         0,         0,   0.171,exact_mw,70a969f5042aec17ac076c6379f4170fb7c69b8e925756ef3b7334e28a33338b,"{""distance"":5,""physical_error_rate"":0.0001}","{""detection_events"":1480,""detectors_checked"":3211264}"
     17408,         0,         0,   0.218,exact_mw,cdc4a450a40af8e24899239080e4c40992fb5baf91c5a31ab3a165eacb3a1ab3,"{""distance"":5,""physical_error_rate"":0.0002}","{""detection_events"":3407,""detectors_checked"":3899392}"
     13312,         0,         0,   0.149,exact_mw,f32ebecd8e105e50ec838d33c5ed9b45444b6b44a3c6ac541111079f2b14e893,"{""distance"":5,""physical_error_rate"":5e-05}","{""detection_events"":652,""detectors_checked"":2981888}"
     19456,         0,         0,   0.207,exact_mw,70a969f5042aec17ac076c6379f4170fb7c69b8e925756ef3b7334e28a33338b,"{""distance"":5,""physical_error_rate"":0.0001}","{""detection_events"":1956,""detectors_checked"":4358144}"
     49152,         0,         0,   0.575,exact_mw,cb12ae119b9b2ba18d0216e7235b403229e92fd0743ede48fe7f1a2c6f45d594,"{""distance"":5,""physical_error_rate"":0.0005}","{""detection_events"":23676,""detectors_checked"":11010048}"
     26624,         0,         0,   0.307,exact_mw,cdc4a450a40af8e24899239080e4c40992fb5baf91c5a31ab3a165eacb3a1ab3,"{""distance"":5,""physical_error_rate"":0.0002}","{""detection_events"":5402,""detectors_checked"":5963776}"
     19456,         0,         0,   0.214,exact_mw,f32ebecd8e105e50ec838d33c5ed9b45444b6b44a3c6ac541111079f2b14e893,"{""distance"":5,""physical_error_rate"":5e-05}","{""detection_events"":1029,""detectors_checked"":4358144}"
     26624,         0,         0,   0.305,exact_mw,cdc4a450a40af8e24899239080e4c40992fb5baf91c5a31ab3a165eacb3a1ab3,"{""distance"":5,""physical_error_rate"":0.0002}","{""detection_events"":5141,""detectors_checked"":5963776}"
      1297,         0,         0,   0.024,exact_mw,cb12ae119b9b2ba18d0216e7235b403229e92fd0743ede48fe7f1a2c6f45d594,"{""distance"":5,""physical_error_rate"":0.0005}","{""detection_events"":614,""detectors_checked"":290528}"
      1024,         0,         0,   0.024,exact_mw,cb12ae119b9b2ba18d0216e7235b403229e92fd0743ede48fe7f1a2c6f45d594,"{""distance"":5,""physical_error_rate"":0.0005}","{""detection_events"":537,""detectors_checked"":229376}"
      1024,         0,         0,   0.024,exact_mw,cb12ae119b9b2ba18d0216e7235b403229e92fd0743ede48fe7f1a2c6f45d594,"{""distance"":5,""physical_error_rate"":0.0005}","{""detection_events"":512,""detectors_checked"":229376}"
      1297,         0,         0,   0.024,exact_mw,cdc4a450a40af8e24899239080e4c40992fb5baf91c5a31ab3a165eacb3a1ab3,"{""distance"":5,""physical_error_rate"":0.0002}","{""detection_events"":233,""detectors_checked"":290528}"
      2048,         0,         0,   0.026,exact_mw,cdc4a450a40af8e24899239080e4c40992fb5baf91c5a31ab3a165eacb3a1ab3,"{""distance"":5,""physical_error_rate"":0.0002}","{""detection_events"":414,""detectors_checked"":458752}"
      3072,         0,         0,   0.050,exact_mw,cb12ae119b9b2ba18d0216e7235b403229e92fd0743ede48fe7f1a2c6f45d594,"{""distance"":5,""physical_error_rate"":0.0005}","{""detection_events"":1543,""detectors_checked"":688128}"
      1024,         0,         0,   0.023,exact_mw,cdc4a450a40af8e24899239080e4c40992fb5baf91c5a31ab3a165eacb3a1ab3,"{""distance"":5,""physical_error_rate"":0.0002}","{""detection_events"":239,""detectors_checked"":229376}"
      3072,         0,         0,   0.029,exact_mw,cdc4a450a40af8e24899239080e4c40992fb5baf91c5a31ab3a165eacb3a1ab3,"{""distance"":5,""physical_error_rate"":0.0002}","{""detection_events"":660,""detectors_checked"":688128}"
     27648,         0,         0,   0.298,exact_mw,70a969f5042aec17ac076c6379f4170fb7c69b8e925756ef3b7334e28a33338b,"{""distance"":5,""physical_error_rate"":0.0001}","{""detection_events"":2645,""detectors_checked"":6193152}"
      3072,         0,         0,   0.053,exact_mw,cb12ae119b9b2ba18d0216e7235b403229e92fd0743ede48fe7f1a2c6f45d594,"{""distance"":5,""physical_error_rate"":0.0005}","{""detection_events"":1580,""detectors_checked"":688128}"
      3072,         0,         0,   0.051,exact_mw,cdc4a450a40af8e24899239080e4c40992fb5baf91c5a31ab3a165eacb3a1ab3,"{""distance"":5,""physical_error_rate"":0.0002}","{""detection_events"":688,""detectors_checked"":688128}"
      3072,         0,         0,   0.076,exact_mw,cb12ae119b9b2ba18d0216e7235b403229e92fd0743ede48fe7f1a2c6f45d594,"{""distance"":5,""physical_error_rate"":0.0005}","{""detection_events"":1486,""detectors_checked"":688128}"
         1,         0,         0,   0.000,exact_mw,cb12ae119b9b2ba18d0216e7235b403229e92fd0743ede48fe7f1a2c6f45d594,"{""distance"":5,""physical_error_rate"":0.0005}","{""detectors_checked"":224}"
     27648,         0,         0,   0.308,exact_mw,f32ebecd8e105e50ec838d33c5ed9b45444b6b44a3c6ac541111079f2b14e893,"{""distance"":5,""physical_error_rate"":5e-05}","{""detection_events"":1258,""detectors_checked"":6193152}"
      1296,         0,         0,   0.027,exact_mw,cb12ae119b9b2ba18d0216e7235b403229e92fd0743ede48fe7f1a2c6f45d594,"{""distance"":5,""physical_error_rate"":0.0005}","{""detection_events"":594,""detectors_checked"":290304}"
      5120,         0,         0,   0.074,exact_mw,cdc4a450a40af8e24899239080e4c40992fb5baf91c5a31ab3a165eacb3a1ab3,"{""distance"":5,""physical_error_rate"":0.0002}","{""detection_events"":961,""detectors_checked"":1146880}"
      1024,         0,         0,   0.024,exact_mw,cb12ae119b9b2ba18d0216e7235b403229e92fd0743ede48fe7f1a2c6f45d594,"{""distance"":5,""physical_error_rate"":0.0005}","{""detection_events"":490,""detectors_checked"":229376}"
      5120,         0,         0,   0.096,exact_mw,cb12ae119b9b2ba18d0216e7235b403229e92fd0743ede48fe7f1a2c6f45d594,"{""distance"":5,""physical_error_rate"":0.0005}","{""detection_events"":2591,""detectors_checked"":1146880}"
      2048,         0,         0,   0.028,exact_mw,cb12ae119b9b2ba18d0216e7235b403229e92fd0743ede48fe7f1a2c6f45d594,"{""distance"":5,""physical_error_rate"":0.0005}","{""detection_events"":914,""detectors_checked"":458752}"
      5120,         0,         0,   0.076,exact_mw,cdc4a450a40af8e24899239080e4c40992fb5baf91c5a31ab3a165eacb3a1ab3,"{""distance"":5,""physical_error_rate"":0.0002}","{""detection_events"":993,""detectors_checked"":1146880}"
     35840,         0,         0,   0.426,exact_mw,cdc4a450a40af8e24899239080e4c40992fb5baf91c5a31ab3a165eacb3a1ab3,"{""distance"":5,""physical_error_rate"":0.0002}","{""detection_events"":7054,""detectors_checked"":8028160}"
      2048,         0,         0,   0.028,exact_mw,cb12ae119b9b2ba18d0216e7235b403229e92fd0743ede48fe7f1a2c6f45d594,"{""distance"":5,""physical_error_rate"":0.0005}","{""detection_events"":1053,""detectors_checked"":458752}"
     36864,         0,         0,   0.401,exact_mw,cdc4a450a40af8e24899239080e4c40992fb5baf91c5a31ab3a165eacb3a1ab3,"{""distance"":5,""physical_error_rate"":0.0002}","{""detection_events"":7734,""detectors_checked"":8257536}"
      3072,         0,         0,   0.074,exact_mw,cb12ae119b9b2ba18d0216e7235b403229e92fd0743ede48fe7f1a2c6f45d594,"{""distance"":5,""physical_error_rate"":0.0005}","{""detection_events"":1532,""detectors_checked"":688128}"
      7168,         0,         0,   0.126,exact_mw,cb12ae119b9b2ba18d0216e7235b403229e92fd0743ede48fe7f1a2c6f45d594,"{""distance"":5,""physical_error_rate"":0.0005}","{""detection_events"":3593,""detectors_checked"":1605632}"
      9216,         0,         0,   0.126,exact_mw,cdc4a450a40af8e24899239080e4c40992fb5baf91c5a31ab3a165eacb3a1ab3,"{""distance"":5,""physical_error_rate"":0.0002}","{""detection_events"":1711,""detectors_checked"":2064384}"
      4096,         0,         0,   0.078,exact_mw,cb12ae119b9b2ba18d0216e7235b403229e92fd0743ede48fe7f1a2c6f45d594,"{""distance"":5,""physical_error_rate"":0.0005}","{""detection_events"":1952,""detectors_checked"":917504}"
     37888,         0,         0,   0.393,exact_mw,70a969f5042aec17ac076c6379f4170fb7c69b8e925756ef3b7334e28a33338b,"{""distance"":5,""physical_error_rate"":0.0001}","{""detection_events"":3845,""detectors_checked"":8486912}"
      7168,         0,         0,   0.149,exact_mw,cb12ae119b9b2ba18d0216e7235b403229e92fd0743ede48fe7f1a2c6f45d594,"{""distance"":5,""physical_error_rate"":0.0005}","{""detection_events"":3572,""detectors_checked"":1605632}"
      5120,         0,         0,   0.100,exact_mw,cb12ae119b9b2ba18d0216e7235b403229e92fd0743ede48fe7f1a2c6f45d594,"{""distance"":5,""physical_error_rate"":0.0005}","{""detection_events"":2661,""detectors_checked"":1146880}"
     12288,         0,         0,   0.168,exact_mw,cdc4a450a40af8e24899239080e4c40992fb5baf91c5a31ab3a165eacb3a1ab3,"{""distance"":5,""physical_error_rate"":0.0002}","{""detection_events"":2413,""detectors_checked"":2752512}"
      1297,         0,         0,   0.025,exact_mw,cb12ae119b9b2ba18d0216e7235b403229e92fd0743ede48fe7f1a2c6f45d594,"{""distance"":5,""physical_error_rate"":0.0005}","{""detection_events"":625,""detectors_checked"":290528}"
     37888,         0,         0,   0.397,exact_mw,f32ebecd8e105e50ec838d33c5ed9b45444b6b44a3c6ac541111079f2b14e893,"{""distance"":5,""physical_error_rate"":5e-05}","{""detection_events"":1947,""detectors_checked"":8486912}"
      1024,         0,         0,   0.025,exact_mw,cb12ae119b9b2ba18d0216e7235b403229e92fd0743ede48fe7f1a2c6f45d594,"{""distance"":5,""physical_error_rate"":0.0005}","{""detection_events"":494,""detectors_checked"":229376}"
      1024,         0,         0,   0.024,exact_mw,cb12ae119b9b2ba18d0216e7235b403229e92fd0743ede48fe7f1a2c6f45d594,"{""distance"":5,""physical_error_rate"":0.0005}","{""detection_events"":480,""detectors_checked"":229376}"
      1297,         0,         0,   0.024,exact_mw,70a969f5042aec17ac076c6379f4170fb7c69b8e925756ef3b7334e28a33338b,"{""distance"":5,""physical_error_rate"":0.0001}","{""detection_events"":104,""detectors_checked"":290528}"
     68608,         0,         0,   0.801,exact_mw,cb12ae119b9b2ba18d0216e7235b403229e92fd0743ede48fe7f1a2c6f45d594,"{""distance"":5,""physical_error_rate"":0.0005}","{""detection_events"":33860,""detectors_checked"":15368192}"
      2048,         0,         0,   0.029,exact_mw,cb12ae119b9b2ba18d0216e7235b403229e92fd0743ede48fe7f1a2c6f45d594,"{""distance"":5,""physical_error_rate"":0.0005}","{""detection_events"":1078,""detectors_checked"":458752}"
      2048,         0,         0,   0.026,exact_mw,70a969f5042aec17ac076c6379f4170fb7c69b8e925756ef3b7334e28a33338b,"{""distance"":5,""physical_error_rate"":0.0001}","{""detection_events"":230,""detectors_checked"":458752}"
      1024,         0,         0,   0.023,exact_mw,70a969f5042aec17ac076c6379f4170fb7c69b8e925756ef3b7334e28a33338b,"{""distance"":5,""physical_error_rate"":0.0001}","{""detection_events"":92,""detectors_checked"":229376}"
      2048,         0,         0,   0.048,exact_mw,cb12ae119b9b2ba18d0216e7235b403229e92fd0743ede48fe7f1a2c6f45d594,"{""distance"":5,""physical_error_rate"":0.0005}","{""detection_events"":1059,""detectors_checked"":458752}"
      8192,         1,         0,   0.150,exact_mw,cb12ae119b9b2ba18d0216e7235b403229e92fd0743ede48fe7f1a2c6f45d594,"{""distance"":5,""physical_error_rate"":0.0005}","{""detection_events"":3935,""detectors_checked"":1835008,""obs_mistake_mask=E"":1}"
      3072,         0,         0,   0.049,exact_mw,70a969f5042aec17ac076c6379f4170fb7c69b8e925756ef3b7334e28a33338b,"{""distance"":5,""physical_error_rate"":0.0001}","{""detection_events"":323,""detectors_checked"":688128}"
     12288,         0,         0,   0.225,exact_mw,cb12ae119b9b2ba18d0216e7235b403229e92fd0743ede48fe7f1a2c6f45d594,"{""distance"":5,""physical_error_rate"":0.0005}","{""detection_events"":6138,""detectors_checked"":2752512}"
     15360,         0,         0,   0.207,exact_mw,cdc4a450a40af8e24899239080e4c40992fb5baf91c5a31ab3a165eacb3a1ab3,"{""distance"":5,""physical_error_rate"":0.0002}","{""detection_events"":2896,""detectors_checked"":3440640}"
      3072,         0,         0,   0.076,exact_mw,cb12ae119b9b2ba18d0216e7235b403229e92fd0743ede48fe7f1a2c6f45d594,"{""distance"":5,""physical_error_rate"":0.0005}","{""detection_events"":1717,""detectors_checked"":688128}"
         1,         0,         0,   0.000,exact_mw,cb12ae119b9b2ba18d0216e7235b403229e92fd0743ede48fe7f1a2c6f45d594,"{""distance"":5,""physical_error_rate"":0.0005}","{""detectors_checked"":224}"
      3072,         0,         0,   0.049,exact_mw,70a969f5042aec17ac076c6379f4170fb7c69b8e925756ef3b7334e28a33338b,"{""distance"":5,""physical_error_rate"":0.0001}","{""detection_events"":310,""detectors_checked"":688128}"
      1296,         0,         0,   0.021,exact_mw,cb12ae119b9b2ba18d0216e7235b403229e92fd0743ede48fe7f1a2c6f45d594,"{""distance"":5,""physical_error_rate"":0.0005}","{""detection_events"":626,""detectors_checked"":290304}"
      5120,         0,         0,   0.077,exact_mw,cb12ae119b9b2ba18d0216e7235b403229e92fd0743ede48fe7f1a2c6f45d594,"{""distance"":5,""physical_error_rate"":0.0005}","{""detection_events"":2435,""detectors_checked"":1146880}"
      3072,         0,         0,   0.046,exact_mw,70a969f5042aec17ac076c6379f4170fb7c69b8e925756ef3b7334e28a33338b,"{""distance"":5,""physical_error_rate"":0.0001}","{""detection_events"":330,""detectors_checked"":688128}"
      2048,         0,         0,   0.021,exact_mw,cb12ae119b9b2ba18d0216e7235b403229e92fd0743ede48fe7f1a2c6f45d594,"{""distance"":5,""physical_error_rate"":0.0005}","{""detection_events"":941,""detectors_checked"":458752}"
     52224,         0,         0,   0.586,exact_mw,cdc4a450a40af8e24899239080e4c40992fb5baf91c5a31ab3a165eacb3a1ab3,"{""distance"":5,""physical_error_rate"":0.0002}","{""detection_events"":10370,""detectors_checked"":11698176}"
      2048,         0,         0,   0.008,exact_mw,cb12ae119b9b2ba18d0216e7235b403229e92fd0743ede48fe7f1a2c6f45d594,"{""distance"":5,""physical_error_rate"":0.0005}","{""detection_events"":963,""detectors_checked"":458752}"
     49152,         0,         0,   0.561,exact_mw,cdc4a450a40af8e24899239080e4c40992fb5baf91c5a31ab3a165eacb3a1ab3,"{""distance"":5,""physical_error_rate"":0.0002}","{""detection_events"":9909,""detectors_checked"":11010048}"
      2321,         0,         0,   0.025,exact_mw,70a969f5042aec17ac076c6379f4170fb7c69b8e925756ef3b7334e28a33338b,"{""distance"":5,""physical_error_rate"":0.0001}","{""detection_events"":223,""detectors_checked"":519904}"
      5120,         0,         0,   0.050,exact_mw,cb12ae119b9b2ba18d0216e7235b403229e92fd0743ede48fe7f1a2c6f45d594,"{""distance"":5,""physical_error_rate"":0.0005}","{""detection_events"":2571,""detectors_checked"":1146880}"
      7168,         0,         0,   0.049,exact_mw,70a969f5042aec17ac076c6379f4170fb7c69b8e925756ef3b7334e28a33338b,"{""distance"":5,""physical_error_rate"":0.0001}","{""detection_events"":749,""detectors_checked"":1605632}"
     12288,         0,         0,   0.225,exact_mw,cb12ae119b9b2ba18d0216e7235b403229e92fd0743ede48fe7f1a2c6f45d594,"{""distance"":5,""physical_error_rate"":0.0005}","{""detection_events"":6099,""detectors_checked"":2752512}"
      3072,         0,         0,   0.028,exact_mw,70a969f5042aec17ac076c6379f4170fb7c69b8e925756ef3b7334e28a33338b,"{""distance"":5,""physical_error_rate"":0.0001}","{""detection_events"":281,""detectors_checked"":688128}"
      4096,         0,         0,   0.081,exact_mw,cb12ae119b9b2ba18d0216e7235b403229e92fd0743ede48fe7f1a2c6f45d594,"{""distance"":5,""physical_error_rate"":0.0005}","{""detection_events"":2016,""detectors_checked"":917504}"
      3072,         0,         0,   0.018,exact_mw,70a969f5042aec17ac076c6379f4170fb7c69b8e925756ef3b7334e28a33338b,"{""distance"":5,""physical_error_rate"":0.0001}","{""detection_events"":289,""detectors_checked"":688128}"
      4096,         0,         0,   0.060,exact_mw,cb12ae119b9b2ba18d0216e7235b403229e92fd0743ede48fe7f1a2c6f45d594,"{""distance"":5,""physical_error_rate"":0.0005}","{""detection_events"":1985,""detectors_checked"":917504}"
      3072,         0,         0,   0.028,exact_mw,70a969f5042aec17ac076c6379f4170fb7c69b8e925756ef3b7334e28a33338b,"{""distance"":5,""physical_error_rate"":0.0001}","{""detection_events"":306,""detectors_checked"":688128}"
     14336,         0,         0,   0.298,exact_mw,cb12ae119b9b2ba18d0216e7235b403229e92fd0743ede48fe7f1a2c6f45d594,"{""distance"":5,""physical_error_rate"":0.0005}","{""detection_events"":6971,""detectors_checked"":3211264}"
      7168,         0,         0,   0.108,exact_mw,70a969f5042aec17ac076c6379f4170fb7c69b8e925756ef3b7334e28a33338b,"{""distance"":5,""physical_error_rate"":0.0001}","{""detection_events"":677,""detectors_checked"":1605632}"
     19456,         0,         0,   0.275,exact_mw,cdc4a450a40af8e24899239080e4c40992fb5baf91c5a31ab3a165eacb3a1ab3,"{""distance"":5,""physical_error_rate"":0.0002}","{""detection_events"":3822,""detectors_checked"":4358144}"
      4096,         0,         0,   0.035,exact_mw,70a969f5042aec17ac076c6379f4170fb7c69b8e925756ef3b7334e28a33338b,"{""distance"":5,""physical_error_rate"":0.0001}","{""detection_events"":477,""detectors_checked"":917504}"
     53248,         0,         0,   0.580,exact_mw,70a969f5042aec17ac076c6379f4170fb7c69b8e925756ef3b7334e28a33338b,"{""distance"":5,""physical_error_rate"":0.0001}","{""detection_events"":5356,""detectors_checked"":11927552}"
      6144,         0,         0,   0.080,exact_mw,cb12ae119b9b2ba18d0216e7235b403229e92fd0743ede48fe7f1a2c6f45d594,"{""distance"":5,""physical_error_rate"":0.0005}","{""detection_events"":2998,""detectors_checked"":1376256}"
      7168,         0,         0,   0.055,exact_mw,70a969f5042aec17ac076c6379f4170fb7c69b8e925756ef3b7334e28a33338b,"{""distance"":5,""physical_error_rate"":0.0001}","{""detection_events"":794,""detectors_checked"":1605632}"
      7168,         0,         0,   0.151,exact_mw,cb12ae119b9b2ba18d0216e7235b403229e92fd0743ede48fe7f1a2c6f45d594,"{""distance"":5,""physical_error_rate"":0.0005}","{""detection_events"":3561,""detectors_checked"":1605632}"
     52224,         0,         0,   0.583,exact_mw,f32ebecd8e105e50ec838d33c5ed9b45444b6b44a3c6ac541111079f2b14e893,"{""distance"":5,""physical_error_rate"":5e-05}","{""detection_events"":2698,""detectors_checked"":11698176}"
      9216,         0,         0,   0.107,exact_mw,cb12ae119b9b2ba18d0216e7235b403229e92fd0743ede48fe7f1a2c6f45d594,"{""distance"":5,""physical_error_rate"":0.0005}","{""detection_events"":4433,""detectors_checked"":2064384}"
     10240,         0,         0,   0.082,exact_mw,70a969f5042aec17ac076c6379f4170fb7c69b8e925756ef3b7334e28a33338b,"{""distance"":5,""physical_error_rate"":0.0001}","{""detection_events"":977,""detectors_checked"":2293760}"
     11264,         0,         0,   0.169,exact_mw,70a969f5042aec17ac076c6379f4170fb7c69b8e925756ef3b7334e28a33338b,"{""distance"":5,""physical_error_rate"":0.0001}","{""detection_events"":1113,""detectors_checked"":2523136}"
         1,         0,         0,   0.000,exact_mw,70a969f5042aec17ac076c6379f4170fb7c69b8e925756ef3b7334e28a33338b,"{""distance"":5,""physical_error_rate"":0.0001}","{""detectors_checked"":224}"
     20480,         0,         0,   0.254,exact_mw,cb12ae119b9b2ba18d0216e7235b403229e92fd0743ede48fe7f1a2c6f45d594,"{""distance"":5,""physical_error_rate"":0.0005}","{""detection_events"":9942,""detectors_checked"":4587520}"
      3344,         0,         0,   0.028,exact_mw,70a969f5042aec17ac076c6379f4170fb7c69b8e925756ef3b7334e28a33338b,"{""distance"":5,""physical_error_rate"":0.0001}","{""detection_events"":320,""detectors_checked"":749056}"
      4096,         0,         0,   0.030,exact_mw,70a969f5042aec17ac076c6379f4170fb7c69b8e925756ef3b7334e28a33338b,"{""distance"":5,""physical_error_rate"":0.0001}","{""detection_events"":387,""detectors_checked"":917504}"
      4096,         0,         0,   0.030,exact_mw,70a969f5042aec17ac076c6379f4170fb7c69b8e925756ef3b7334e28a33338b,"{""distance"":5,""physical_error_rate"":0.0001}","{""detection_events"":403,""detectors_checked"":917504}"
     13312,         0,         0,   0.111,exact_mw,70a969f5042aec17ac076c6379f4170fb7c69b8e925756ef3b7334e28a33338b,"{""distance"":5,""physical_error_rate"":0.0001}","{""detection_events"":1258,""detectors_checked"":2981888}"
      9216,         0,         0,   0.202,exact_mw,cb12ae119b9b2ba18d0216e7235b403229e92fd0743ede48fe7f1a2c6f45d594,"{""distance"":5,""physical_error_rate"":0.0005}","{""detection_events"":4743,""detectors_checked"":2064384}"
     14336,         0,         0,   0.145,exact_mw,cb12ae119b9b2ba18d0216e7235b403229e92fd0743ede48fe7f1a2c6f45d594,"{""distance"":5,""physical_error_rate"":0.0005}","{""detection_events"":7101,""detectors_checked"":3211264}"
      6144,         0,         0,   0.054,exact_mw,70a969f5042aec17ac076c6379f4170fb7c69b8e925756ef3b7334e28a33338b,"{""distance"":5,""physical_error_rate"":0.0001}","{""detection_events"":678,""detectors_checked"":1376256}"
      6144,         0,         0,   0.054,exact_mw,70a969f5042aec17ac076c6379f4170fb7c69b8e925756ef3b7334e28a33338b,"{""distance"":5,""physical_error_rate"":0.0001}","{""detection_events"":618,""detectors_checked"":1376256}"
     14336,         0,         0,   0.222,exact_mw,70a969f5042aec17ac076c6379f4170fb7c69b8e925756ef3b7334e28a33338b,"{""distance"":5,""physical_error_rate"":0.0001}","{""detection_events"":1514,""detectors_checked"":3211264}"
     22528,         0,         0,   0.423,exact_mw,cb12ae119b9b2ba18d0216e7235b403229e92fd0743ede48fe7f1a2c6f45d594,"{""distance"":5,""physical_error_rate"":0.0005}","{""detection_events"":10960,""detectors_checked"":5046272}"
     30720,         0,         0,   0.404,exact_mw,cdc4a450a40af8e24899239080e4c40992fb5baf91c5a31ab3a165eacb3a1ab3,"{""distance"":5,""physical_error_rate"":0.0002}","{""detection_events"":6042,""detectors_checked"":6881280}"
     18432,         0,         0,   0.156,exact_mw,70a969f5042aec17ac076c6379f4170fb7c69b8e925756ef3b7334e28a33338b,"{""distance"":5,""physical_error_rate"":0.0001}","{""detection_events"":1753,""detectors_checked"":4128768}"
      9216,         0,         0,   0.082,exact_mw,70a969f5042aec17ac076c6379f4170fb7c69b8e925756ef3b7334e28a33338b,"{""distance"":5,""physical_error_rate"":0.0001}","{""detection_events"":878,""detectors_checked"":2064384}"
     15360,         0,         0,   0.216,exact_mw,cb12ae119b9b2ba18d0216e7235b403229e92fd0743ede48fe7f1a2c6f45d594,"{""distance"":5,""physical_error_rate"":0.0005}","{""detection_events"":7624,""detectors_checked"":3440640}"
     13312,         0,         0,   0.109,exact_mw,70a969f5042aec17ac076c6379f4170fb7c69b8e925756ef3b7334e28a33338b,"{""distance"":5,""physical_error_rate"":0.0001}","{""detection_events"":1281,""detectors_checked"":2981888}"
     32768,         0,         0,   0.408,exact_mw,cb12ae119b9b2ba18d0216e7235b403229e92fd0743ede48fe7f1a2c6f45d594,"{""distance"":5,""physical_error_rate"":0.0005}","{""detection_events"":15958,""detectors_checked"":7340032}"
     13312,         0,         0,   0.308,exact_mw,cb12ae119b9b2ba18d0216e7235b403229e92fd0743ede48fe7f1a2c6f45d594,"{""distance"":5,""physical_error_rate"":0.0005}","{""detection_events"":6543,""detectors_checked"":2981888}"
     71680,         0,         0,   0.796,exact_mw,cdc4a450a40af8e24899239080e4c40992fb5baf91c5a31ab3a165eacb3a1ab3,"{""distance"":5,""physical_error_rate"":0.0002}","{""detection_events"":14132,""detectors_checked"":16056320}"
     24576,         0,         0,   0.219,exact_mw,70a969f5042aec17ac076c6379f4170fb7c69b8e925756ef3b7334e28a33338b,"{""distance"":5,""physical_error_rate"":0.0001}","{""detection_events"":2458,""detectors_checked"":5505024}"
     71680,         0,         0,   0.789,exact_mw,cdc4a450a40af8e24899239080e4c40992fb5baf91c5a31ab3a165eacb3a1ab3,"{""distance"":5,""physical_error_rate"":0.0002}","{""detection_events"":14212,""detectors_checked"":16056320}"
     19456,         0,         0,   0.299,exact_mw,70a969f5042aec17ac076c6379f4170fb7c69b8e925756ef3b7334e28a33338b,"{""distance"":5,""physical_error_rate"":0.0001}","{""detection_events"":1846,""detectors_checked"":4358144}"
     97280,         0,         0,    1.11,exact_mw,cb12ae119b9b2ba18d0216e7235b403229e92fd0743ede48fe7f1a2c6f45d594,"{""distance"":5,""physical_error_rate"":0.0005}","{""detection_events"":48095,""detectors_checked"":21790720}"
     15360,         0,         0,   0.125,exact_mw,70a969f5042aec17ac076c6379f4170fb7c69b8e925756ef3b7334e28a33338b,"{""distance"":5,""physical_error_rate"":0.0001}","{""detection_events"":1711,""detectors_checked"":3440640}"
     25600,         0,         0,   0.297,exact_mw,cb12ae119b9b2ba18d0216e7235b403229e92fd0743ede48fe7f1a2c6f45d594,"{""distance"":5,""physical_error_rate"":0.0005}","{""detection_events"":12615,""detectors_checked"":5734400}"
     74752,         0,         0,   0.807,exact_mw,70a969f5042aec17ac076c6379f4170fb7c69b8e925756ef3b7334e28a33338b,"{""distance"":5,""physical_error_rate"":0.0001}","{""detection_events"":7656,""detectors_checked"":16744448}"
     71680,         0,         0,   0.792,exact_mw,f32ebecd8e105e50ec838d33c5ed9b45444b6b44a3c6ac541111079f2b14e893,"{""distance"":5,""physical_error_rate"":5e-05}","{""detection_events"":3594,""detectors_checked"":16056320}"
     18432,         0,         0,   0.220,exact_mw,70a969f5042aec17ac076c6379f4170fb7c69b8e925756ef3b7334e28a33338b,"{""distance"":5,""physical_error_rate"":0.0001}","{""detection_events"":1813,""detectors_checked"":4128768}"
     26624,         0,         0,   0.299,exact_mw,70a969f5042aec17ac076c6379f4170fb7c69b8e925756ef3b7334e28a33338b,"{""distance"":5,""physical_error_rate"":0.0001}","{""detection_events"":2691,""detectors_checked"":5963776}"
     29696,         0,         0,   0.575,exact_mw,cb12ae119b9b2ba18d0216e7235b403229e92fd0743ede48fe7f1a2c6f45d594,"{""distance"":5,""physical_error_rate"":0.0005}","{""detection_events"":14849,""detectors_checked"":6651904}"
     41984,         0,         0,   0.575,exact_mw,cdc4a450a40af8e24899239080e4c40992fb5baf91c5a31ab3a165eacb3a1ab3,"{""distance"":5,""physical_error_rate"":0.0002}","{""detection_events"":8401,""detectors_checked"":9404416}"
     17408,         0,         0,   0.422,exact_mw,cb12ae119b9b2ba18d0216e7235b403229e92fd0743ede48fe7f1a2c6f45d594,"{""distance"":5,""physical_error_rate"":0.0005}","{""detection_events"":8525,""detectors_checked"":3899392}"
     26624,         0,         0,   0.423,exact_mw,70a969f5042aec17ac076c6379f4170fb7c69b8e925756ef3b7334e28a33338b,"{""distance"":5,""physical_error_rate"":0.0001}","{""detection_events"":2662,""detectors_checked"":5963776}"
     47104,         0,         0,   0.562,exact_mw,cb12ae119b9b2ba18d0216e7235b403229e92fd0743ede48fe7f1a2c6f45d594,"{""distance"":5,""physical_error_rate"":0.0005}","{""detection_events"":23034,""detectors_checked"":10551296}"
     33792,         0,         0,   0.385,exact_mw,cb12ae119b9b2ba18d0216e7235b403229e92fd0743ede48fe7f1a2c6f45d594,"{""distance"":5,""physical_error_rate"":0.0005}","{""detection_events"":16361,""detectors_checked"":7569408}"
     26624,         0,         0,   0.308,exact_mw,70a969f5042aec17ac076c6379f4170fb7c69b8e925756ef3b7334e28a33338b,"{""distance"":5,""physical_error_rate"":0.0001}","{""detection_events"":2683,""detectors_checked"":5963776}"
     35840,         0,         0,   0.421,exact_mw,70a969f5042aec17ac076c6379f4170fb7c69b8e925756ef3b7334e28a33338b,"{""distance"":5,""physical_error_rate"":0.0001}","{""detection_events"":3599,""detectors_checked"":8028160}"
     29696,         0,         0,   0.551,exact_mw,cb12ae119b9b2ba18d0216e7235b403229e92fd0743ede48fe7f1a2c6f45d594,"{""distance"":5,""physical_error_rate"":0.0005}","{""detection_events"":14459,""detectors_checked"":6651904}"
     33792,         0,         0,   0.417,exact_mw,70a969f5042aec17ac076c6379f4170fb7c69b8e925756ef3b7334e28a33338b,"{""distance"":5,""physical_error_rate"":0.0001}","{""detection_events"":3253,""detectors_checked"":7569408}"
     36864,         0,         0,   0.559,exact_mw,70a969f5042aec17ac076c6379f4170fb7c69b8e925756ef3b7334e28a33338b,"{""distance"":5,""physical_error_rate"":0.0001}","{""detection_events"":3701,""detectors_checked"":8257536}"
    100352,         0,         0,    1.12,exact_mw,cdc4a450a40af8e24899239080e4c40992fb5baf91c5a31ab3a165eacb3a1ab3,"{""distance"":5,""physical_error_rate"":0.0002}","{""detection_events"":19689,""detectors_checked"":22478848}"
     91136,         0,         0,    1.11,exact_mw,cdc4a450a40af8e24899239080e4c40992fb5baf91c5a31ab3a165eacb3a1ab3,"{""distance"":5,""physical_error_rate"":0.0002}","{""detection_events"":18289,""detectors_checked"":20414464}"
     44032,         0,         0,   0.565,exact_mw,cb12ae119b9b2ba18d0216e7235b403229e92fd0743ede48fe7f1a2c6f45d594,"{""distance"":5,""physical_error_rate"":0.0005}","{""detection_events"":22055,""detectors_checked"":9863168}"
     40960,         0,         0,   0.795,exact_mw,cb12ae119b9b2ba18d0216e7235b403229e92fd0743ede48fe7f1a2c6f45d594,"{""distance"":5,""physical_error_rate"":0.0005}","{""detection_events"":20276,""detectors_checked"":9175040}"
     56320,         0,         0,   0.796,exact_mw,cdc4a450a40af8e24899239080e4c40992fb5baf91c5a31ab3a165eacb3a1ab3,"{""distance"":5,""physical_error_rate"":0.0002}","{""detection_events"":11392,""detectors_checked"":12615680}"
    103424,         0,         0,    1.10,exact_mw,70a969f5042aec17ac076c6379f4170fb7c69b8e925756ef3b7334e28a33338b,"{""distance"":5,""physical_error_rate"":0.0001}","{""detection_events"":10499,""detectors_checked"":23166976}"
     49152,         0,         0,   0.583,exact_mw,70a969f5042aec17ac076c6379f4170fb7c69b8e925756ef3b7334e28a33338b,"{""distance"":5,""physical_error_rate"":0.0001}","{""detection_events"":4769,""detectors_checked"":11010048}"
     62464,         0,         0,   0.769,exact_mw,cb12ae119b9b2ba18d0216e7235b403229e92fd0743ede48fe7f1a2c6f45d594,"{""distance"":5,""physical_error_rate"":0.0005}","{""detection_events"":30712,""detectors_checked"":13991936}"
    100352,         0,         0,    1.11,exact_mw,f32ebecd8e105e50ec838d33c5ed9b45444b6b44a3c6ac541111079f2b14e893,"{""distance"":5,""physical_error_rate"":5e-05}","{""detection_events"":4937,""detectors_checked"":22478848}"
    134144,         0,         0,    1.53,exact_mw,cb12ae119b9b2ba18d0216e7235b403229e92fd0743ede48fe7f1a2c6f45d594,"{""distance"":5,""physical_error_rate"":0.0005}","{""detection_events"":65539,""detectors_checked"":30048256}"
     52224,         0,         0,   0.587,exact_mw,70a969f5042aec17ac076c6379f4170fb7c69b8e925756ef3b7334e28a33338b,"{""distance"":5,""physical_error_rate"":0.0001}","{""detection_events"":5173,""detectors_checked"":11698176}"
       273,         0,         0,   0.029,exact_mw,f32ebecd8e105e50ec838d33c5ed9b45444b6b44a3c6ac541111079f2b14e893,"{""distance"":5,""physical_error_rate"":5e-05}","{""detection_events"":21,""detectors_checked"":61152}"
      2048,         0,         0,   0.034,exact_mw,f32ebecd8e105e50ec838d33c5ed9b45444b6b44a3c6ac541111079f2b14e893,"{""distance"":5,""physical_error_rate"":5e-05}","{""detection_events"":87,""detectors_checked"":458752}"
      1024,         0,         0,   0.031,exact_mw,f32ebecd8e105e50ec838d33c5ed9b45444b6b44a3c6ac541111079f2b14e893,"{""distance"":5,""physical_error_rate"":5e-05}","{""detection_events"":61,""detectors_checked"":229376}"
     39936,         0,         0,   0.800,exact_mw,cb12ae119b9b2ba18d0216e7235b403229e92fd0743ede48fe7f1a2c6f45d594,"{""distance"":5,""physical_error_rate"":0.0005}","{""detection_events"":19761,""detectors_checked"":8945664}"
      1024,         0,         0,   0.031,exact_mw,f32ebecd8e105e50ec838d33c5ed9b45444b6b44a3c6ac541111079f2b14e893,"{""distance"":5,""physical_error_rate"":5e-05}","{""detection_events"":53,""detectors_checked"":229376}"
      3072,         0,         0,   0.065,exact_mw,f32ebecd8e105e50ec838d33c5ed9b45444b6b44a3c6ac541111079f2b14e893,"{""distance"":5,""physical_error_rate"":5e-05}","{""detection_events"":177,""detectors_checked"":688128}"
     51200,         0,         0,   0.771,exact_mw,70a969f5042aec17ac076c6379f4170fb7c69b8e925756ef3b7334e28a33338b,"{""distance"":5,""physical_error_rate"":0.0001}","{""detection_events"":4993,""detectors_checked"":11468800}"
      3072,         0,         0,   0.065,exact_mw,f32ebecd8e105e50ec838d33c5ed9b45444b6b44a3c6ac541111079f2b14e893,"{""distance"":5,""physical_error_rate"":5e-05}","{""detection_events"":136,""detectors_checked"":688128}"
     68608,         0,         0,   0.794,exact_mw,cb12ae119b9b2ba18d0216e7235b403229e92fd0743ede48fe7f1a2c6f45d594,"{""distance"":5,""physical_error_rate"":0.0005}","{""detection_events"":34244,""detectors_checked"":15368192}"
      4096,         0,         0,   0.095,exact_mw,f32ebecd8e105e50ec838d33c5ed9b45444b6b44a3c6ac541111079f2b14e893,"{""distance"":5,""physical_error_rate"":5e-05}","{""detection_events"":228,""detectors_checked"":917504}"
      4096,         0,         0,   0.107,exact_mw,f32ebecd8e105e50ec838d33c5ed9b45444b6b44a3c6ac541111079f2b14e893,"{""distance"":5,""physical_error_rate"":5e-05}","{""detection_events"":274,""detectors_checked"":917504}"
     70656,         0,         0,   0.782,exact_mw,70a969f5042aec17ac076c6379f4170fb7c69b8e925756ef3b7334e28a33338b,"{""distance"":5,""physical_error_rate"":0.0001}","{""detection_events"":7050,""detectors_checked"":15826944}"
     59392,         0,         0,    1.12,exact_mw,cb12ae119b9b2ba18d0216e7235b403229e92fd0743ede48fe7f1a2c6f45d594,"{""distance"":5,""physical_error_rate"":0.0005}","{""detection_events"":29040,""detectors_checked"":13303808}"
      5120,         0,         0,   0.178,exact_mw,f32ebecd8e105e50ec838d33c5ed9b45444b6b44a3c6ac541111079f2b14e893,"{""distance"":5,""physical_error_rate"":5e-05}","{""detection_events"":312,""detectors_checked"":1146880}"
     78848,         0,         0,    1.12,exact_mw,cdc4a450a40af8e24899239080e4c40992fb5baf91c5a31ab3a165eacb3a1ab3,"{""distance"":5,""physical_error_rate"":0.0002}","{""detection_events"":15358,""detectors_checked"":17661952}"
     71680,         0,         0,   0.807,exact_mw,70a969f5042aec17ac076c6379f4170fb7c69b8e925756ef3b7334e28a33338b,"{""distance"":5,""physical_error_rate"":0.0001}","{""detection_events"":7179,""detectors_checked"":16056320}"
     91136,         0,         0,    1.12,exact_mw,cb12ae119b9b2ba18d0216e7235b403229e92fd0743ede48fe7f1a2c6f45d594,"{""distance"":5,""physical_error_rate"":0.0005}","{""detection_events"":44242,""detectors_checked"":20414464}"
      8192,         0,         0,   0.230,exact_mw,f32ebecd8e105e50ec838d33c5ed9b45444b6b44a3c6ac541111079f2b14e893,"{""distance"":5,""physical_error_rate"":5e-05}","{""detection_events"":424,""detectors_checked"":1835008}"
    138240,         0,         0,    1.57,exact_mw,cdc4a450a40af8e24899239080e4c40992fb5baf91c5a31ab3a165eacb3a1ab3,"{""distance"":5,""physical_error_rate"":0.0002}","{""detection_events"":27734,""detectors_checked"":30965760}"
    132096,         0,         0,    1.56,exact_mw,cdc4a450a40af8e24899239080e4c40992fb5baf91c5a31ab3a165eacb3a1ab3,"{""distance"":5,""physical_error_rate"":0.0002}","{""detection_events"":25817,""detectors_checked"":29589504}"
      9216,         0,         0,   0.305,exact_mw,f32ebecd8e105e50ec838d33c5ed9b45444b6b44a3c6ac541111079f2b14e893,"{""distance"":5,""physical_error_rate"":5e-05}","{""detection_events"":520,""detectors_checked"":2064384}"
     55296,         0,         0,    1.15,exact_mw,cb12ae119b9b2ba18d0216e7235b403229e92fd0743ede48fe7f1a2c6f45d594,"{""distance"":5,""physical_error_rate"":0.0005}","{""detection_events"":27176,""detectors_checked"":12386304}"
     89088,         0,         0,    1.58,exact_mw,70a969f5042aec17ac076c6379f4170fb7c69b8e925756ef3b7334e28a33338b,"{""distance"":5,""physical_error_rate"":0.0001}","{""detection_events"":8990,""detectors_checked"":19955712}"
    141312,         0,         0,    1.52,exact_mw,f32ebecd8e105e50ec838d33c5ed9b45444b6b44a3c6ac541111079f2b14e893,"{""distance"":5,""physical_error_rate"":5e-05}","{""detection_events"":6715,""detectors_checked"":31653888}"
     71680,         0,         0,    1.08,exact_mw,70a969f5042aec17ac076c6379f4170fb7c69b8e925756ef3b7334e28a33338b,"{""distance"":5,""physical_error_rate"":0.0001}","{""detection_events"":6979,""detectors_checked"":16056320}"
     90112,         0,         0,    1.15,exact_mw,cb12ae119b9b2ba18d0216e7235b403229e92fd0743ede48fe7f1a2c6f45d594,"{""distance"":5,""physical_error_rate"":0.0005}","{""detection_events"":44005,""detectors_checked"":20185088}"
      1297,         0,         0,   0.029,exact_mw,cb12ae119b9b2ba18d0216e7235b403229e92fd0743ede48fe7f1a2c6f45d594,"{""distance"":5,""physical_error_rate"":0.0005}","{""detection_events"":684,""detectors_checked"":290528}"
      1024,         0,         0,   0.029,exact_mw,cb12ae119b9b2ba18d0216e7235b403229e92fd0743ede48fe7f1a2c6f45d594,"{""distance"":5,""physical_error_rate"":0.0005}","{""detection_events"":433,""detectors_checked"":229376}"
      2048,         0,         0,   0.031,exact_mw,cb12ae119b9b2ba18d0216e7235b403229e92fd0743ede48fe7f1a2c6f45d594,"{""distance"":5,""physical_error_rate"":0.0005}","{""detection_events"":1043,""detectors_checked"":458752}"
      1024,         0,         0,   0.028,exact_mw,cb12ae119b9b2ba18d0216e7235b403229e92fd0743ede48fe7f1a2c6f45d594,"{""distance"":5,""physical_error_rate"":0.0005}","{""detection_events"":527,""detectors_checked"":229376}"
     99328,         0,         0,    1.07,exact_mw,70a969f5042aec17ac076c6379f4170fb7c69b8e925756ef3b7334e28a33338b,"{""distance"":5,""physical_error_rate"":0.0001}","{""detection_events"":10060,""detectors_checked"":22249472}"
     14336,         0,         0,   0.440,exact_mw,f32ebecd8e105e50ec838d33c5ed9b45444b6b44a3c6ac541111079f2b14e893,"{""distance"":5,""physical_error_rate"":5e-05}","{""detection_events"":758,""detectors_checked"":3211264}"
      2048,         0,         0,   0.056,exact_mw,cb12ae119b9b2ba18d0216e7235b403229e92fd0743ede48fe7f1a2c6f45d594,"{""distance"":5,""physical_error_rate"":0.0005}","{""detection_events"":1043,""detectors_checked"":458752}"
      2048,         0,         0,   0.055,exact_mw,cb12ae119b9b2ba18d0216e7235b403229e92fd0743ede48fe7f1a2c6f45d594,"{""distance"":5,""physical_error_rate"":0.0005}","{""detection_events"":897,""detectors_checked"":458752}"
       273,         0,         0,   0.025,exact_mw,cdc4a450a40af8e24899239080e4c40992fb5baf91c5a31ab3a165eacb3a1ab3,"{""distance"":5,""physical_error_rate"":0.0002}","{""detection_events"":63,""detectors_checked"":61152}"
      2048,         0,         0,   0.030,exact_mw,cdc4a450a40af8e24899239080e4c40992fb5baf91c5a31ab3a165eacb3a1ab3,"{""distance"":5,""physical_error_rate"":0.0002}","{""detection_events"":415,""detectors_checked"":458752}"
      1297,         0,         0,   0.044,exact_mw,70a969f5042aec17ac076c6379f4170fb7c69b8e925756ef3b7334e28a33338b,"{""distance"":5,""physical_error_rate"":0.0001}","{""detection_events"":129,""detectors_checked"":290528}"
      3072,         0,         0,   0.083,exact_mw,cb12ae119b9b2ba18d0216e7235b403229e92fd0743ede48fe7f1a2c6f45d594,"{""distance"":5,""physical_error_rate"":0.0005}","{""detection_events"":1395,""detectors_checked"":688128}"
      1024,         0,         0,   0.027,exact_mw,cdc4a450a40af8e24899239080e4c40992fb5baf91c5a31ab3a165eacb3a1ab3,"{""distance"":5,""physical_error_rate"":0.0002}","{""detection_events"":230,""detectors_checked"":229376}"
      2048,         0,         0,   0.030,exact_mw,cdc4a450a40af8e24899239080e4c40992fb5baf91c5a31ab3a165eacb3a1ab3,"{""distance"":5,""physical_error_rate"":0.0002}","{""detection_events"":436,""detectors_checked"":458752}"
      2048,         0,         0,   0.046,exact_mw,70a969f5042aec17ac076c6379f4170fb7c69b8e925756ef3b7334e28a33338b,"{""distance"":5,""physical_error_rate"":0.0001}","{""detection_events"":190,""detectors_checked"":458752}"
      1024,         0,         0,   0.044,exact_mw,70a969f5042aec17ac076c6379f4170fb7c69b8e925756ef3b7334e28a33338b,"{""distance"":5,""physical_error_rate"":0.0001}","{""detection_events"":112,""detectors_checked"":229376}"
      2048,         0,         0,   0.053,exact_mw,cdc4a450a40af8e24899239080e4c40992fb5baf91c5a31ab3a165eacb3a1ab3,"{""distance"":5,""physical_error_rate"":0.0002}","{""detection_events"":427,""detectors_checked"":458752}"
      1024,         0,         0,   0.043,exact_mw,70a969f5042aec17ac076c6379f4170fb7c69b8e925756ef3b7334e28a33338b,"{""distance"":5,""physical_error_rate"":0.0001}","{""detection_events"":105,""detectors_checked"":229376}"
     98304,         0,         0,    1.07,exact_mw,70a969f5042aec17ac076c6379f4170fb7c69b8e925756ef3b7334e28a33338b,"{""distance"":5,""physical_error_rate"":0.0001}","{""detection_events"":9780,""detectors_checked"":22020096}"
      5120,         0,         0,   0.114,exact_mw,cb12ae119b9b2ba18d0216e7235b403229e92fd0743ede48fe7f1a2c6f45d594,"{""distance"":5,""physical_error_rate"":0.0005}","{""detection_events"":2470,""detectors_checked"":1146880}"
      3072,         0,         0,   0.057,exact_mw,cdc4a450a40af8e24899239080e4c40992fb5baf91c5a31ab3a165eacb3a1ab3,"{""distance"":5,""physical_error_rate"":0.0002}","{""detection_events"":573,""detectors_checked"":688128}"
      2048,         0,         0,   0.046,exact_mw,70a969f5042aec17ac076c6379f4170fb7c69b8e925756ef3b7334e28a33338b,"{""distance"":5,""physical_error_rate"":0.0001}","{""detection_events"":188,""detectors_checked"":458752}"
      1297,         0,         0,   0.024,exact_mw,cdc4a450a40af8e24899239080e4c40992fb5baf91c5a31ab3a165eacb3a1ab3,"{""distance"":5,""physical_error_rate"":0.0002}","{""detection_events"":222,""detectors_checked"":290528}"
      4096,         0,         0,   0.083,exact_mw,cdc4a450a40af8e24899239080e4c40992fb5baf91c5a31ab3a165eacb3a1ab3,"{""distance"":5,""physical_error_rate"":0.0002}","{""detection_events"":849,""detectors_checked"":917504}"
      1024,         0,         0,   0.023,exact_mw,cdc4a450a40af8e24899239080e4c40992fb5baf91c5a31ab3a165eacb3a1ab3,"{""distance"":5,""physical_error_rate"":0.0002}","{""detection_events"":238,""detectors_checked"":229376}"
      2048,         0,         0,   0.086,exact_mw,70a969f5042aec17ac076c6379f4170fb7c69b8e925756ef3b7334e28a33338b,"{""distance"":5,""physical_error_rate"":0.0001}","{""detection_events"":162,""detectors_checked"":458752}"
      2048,         0,         0,   0.026,exact_mw,cdc4a450a40af8e24899239080e4c40992fb5baf91c5a31ab3a165eacb3a1ab3,"{""distance"":5,""physical_error_rate"":0.0002}","{""detection_events"":341,""detectors_checked"":458752}"
      6144,         0,         0,   0.143,exact_mw,cb12ae119b9b2ba18d0216e7235b403229e92fd0743ede48fe7f1a2c6f45d594,"{""distance"":5,""physical_error_rate"":0.0005}","{""detection_events"":2998,""detectors_checked"":1376256}"
      3072,         0,         0,   0.049,exact_mw,cdc4a450a40af8e24899239080e4c40992fb5baf91c5a31ab3a165eacb3a1ab3,"{""distance"":5,""physical_error_rate"":0.0002}","{""detection_events"":624,""detectors_checked"":688128}"
      5120,         0,         0,   0.111,exact_mw,cdc4a450a40af8e24899239080e4c40992fb5baf91c5a31ab3a165eacb3a1ab3,"{""distance"":5,""physical_error_rate"":0.0002}","{""detection_events"":1012,""detectors_checked"":1146880}"
      3072,         0,         0,   0.088,exact_mw,70a969f5042aec17ac076c6379f4170fb7c69b8e925756ef3b7334e28a33338b,"{""distance"":5,""physical_error_rate"":0.0001}","{""detection_events"":291,""detectors_checked"":688128}"
      4096,         0,         0,   0.051,exact_mw,cdc4a450a40af8e24899239080e4c40992fb5baf91c5a31ab3a165eacb3a1ab3,"{""distance"":5,""physical_error_rate"":0.0002}","{""detection_events"":852,""detectors_checked"":917504}"
    190464,         0,         0,    2.19,exact_mw,cb12ae119b9b2ba18d0216e7235b403229e92fd0743ede48fe7f1a2c6f45d594,"{""distance"":5,""physical_error_rate"":0.0005}","{""detection_events"":94132,""detectors_checked"":42663936}"
     66560,         0,         0,    1.54,exact_mw,cb12ae119b9b2ba18d0216e7235b403229e92fd0743ede48fe7f1a2c6f45d594,"{""distance"":5,""physical_error_rate"":0.0005}","{""detection_events"":33147,""detectors_checked"":14909440}"
     90112,         0,         0,    1.55,exact_mw,cdc4a450a40af8e24899239080e4c40992fb5baf91c5a31ab3a165eacb3a1ab3,"{""distance"":5,""physical_error_rate"":0.0002}","{""detection_events"":17266,""detectors_checked"":20185088}"
     19456,         0,         0,   0.549,exact_mw,f32ebecd8e105e50ec838d33c5ed9b45444b6b44a3c6ac541111079f2b14e893,"{""distance"":5,""physical_error_rate"":5e-05}","{""detection_events"":872,""detectors_checked"":4358144}"
      5120,         0,         0,   0.074,exact_mw,cdc4a450a40af8e24899239080e4c40992fb5baf91c5a31ab3a165eacb3a1ab3,"{""distance"":5,""physical_error_rate"":0.0002}","{""detection_events"":998,""detectors_checked"":1146880}"
      4096,         0,         0,   0.131,exact_mw,70a969f5042aec17ac076c6379f4170fb7c69b8e925756ef3b7334e28a33338b,"{""distance"":5,""physical_error_rate"":0.0001}","{""detection_events"":442,""detectors_checked"":917504}"
      8192,         0,         0,   0.167,exact_mw,cdc4a450a40af8e24899239080e4c40992fb5baf91c5a31ab3a165eacb3a1ab3,"{""distance"":5,""physical_error_rate"":0.0002}","{""detection_events"":1657,""detectors_checked"":1835008}"
      6144,         0,         0,   0.078,exact_mw,cdc4a450a40af8e24899239080e4c40992fb5baf91c5a31ab3a165eacb3a1ab3,"{""distance"":5,""physical_error_rate"":0.0002}","{""detection_events"":1219,""detectors_checked"":1376256}"
      8192,         0,         0,   0.225,exact_mw,cb12ae119b9b2ba18d0216e7235b403229e92fd0743ede48fe7f1a2c6f45d594,"{""distance"":5,""physical_error_rate"":0.0005}","{""detection_events"":3941,""detectors_checked"":1835008}"
      1297,         0,         0,   0.032,exact_mw,f32ebecd8e105e50ec838d33c5ed9b45444b6b44a3c6ac541111079f2b14e893,"{""distance"":5,""physical_error_rate"":5e-05}","{""detection_events"":58,""detectors_checked"":290528}"
      1024,         0,         0,   0.031,exact_mw,f32ebecd8e105e50ec838d33c5ed9b45444b6b44a3c6ac541111079f2b14e893,"{""distance"":5,""physical_error_rate"":5e-05}","{""detection_events"":46,""detectors_checked"":229376}"
      1024,         0,         0,   0.031,exact_mw,f32ebecd8e105e50ec838d33c5ed9b45444b6b44a3c6ac541111079f2b14e893,"{""distance"":5,""physical_error_rate"":5e-05}","{""detection_events"":27,""detectors_checked"":229376}"
        17,         0,         0,   0.041,exact_mw,cdc4a450a40af8e24899239080e4c40992fb5baf91c5a31ab3a165eacb3a1ab3,"{""distance"":5,""physical_error_rate"":0.0002}","{""detection_events"":8,""detectors_checked"":3808}"
      2048,         0,         0,   0.033,exact_mw,f32ebecd8e105e50ec838d33c5ed9b45444b6b44a3c6ac541111079f2b14e893,"{""distance"":5,""physical_error_rate"":5e-05}","{""detection_events"":85,""detectors_checked"":458752}"
      8192,         0,         0,   0.123,exact_mw,cdc4a450a40af8e24899239080e4c40992fb5baf91c5a31ab3a165eacb3a1ab3,"{""distance"":5,""physical_error_rate"":0.0002}","{""detection_events"":1805,""detectors_checked"":1835008}"
     62464,         0,         0,    1.60,exact_mw,cb12ae119b9b2ba18d0216e7235b403229e92fd0743ede48fe7f1a2c6f45d594,"{""distance"":5,""physical_error_rate"":0.0005}","{""detection_events"":30851,""detectors_checked"":13991936}"
      6144,         0,         0,   0.177,exact_mw,70a969f5042aec17ac076c6379f4170fb7c69b8e925756ef3b7334e28a33338b,"{""distance"":5,""physical_error_rate"":0.0001}","{""detection_events"":624,""detectors_checked"":1376256}"
      2176,         0,         0,   0.046,exact_mw,cdc4a450a40af8e24899239080e4c40992fb5baf91c5a31ab3a165eacb3a1ab3,"{""distance"":5,""physical_error_rate"":0.0002}","{""detection_events"":421,""detectors_checked"":487424}"
      2048,         0,         0,   0.062,exact_mw,f32ebecd8e105e50ec838d33c5ed9b45444b6b44a3c6ac541111079f2b14e893,"{""distance"":5,""physical_error_rate"":5e-05}","{""detection_events"":103,""detectors_checked"":458752}"
      1024,         0,         0,   0.043,exact_mw,cdc4a450a40af8e24899239080e4c40992fb5baf91c5a31ab3a165eacb3a1ab3,"{""distance"":5,""physical_error_rate"":0.0002}","{""detection_events"":167,""detectors_checked"":229376}"
     10240,         0,         0,   0.223,exact_mw,cdc4a450a40af8e24899239080e4c40992fb5baf91c5a31ab3a165eacb3a1ab3,"{""distance"":5,""physical_error_rate"":0.0002}","{""detection_events"":1945,""detectors_checked"":2293760}"
      1024,         0,         0,   0.043,exact_mw,cdc4a450a40af8e24899239080e4c40992fb5baf91c5a31ab3a165eacb3a1ab3,"{""distance"":5,""physical_error_rate"":0.0002}","{""detection_events"":166,""detectors_checked"":229376}"
      8192,         0,         0,   0.149,exact_mw,cdc4a450a40af8e24899239080e4c40992fb5baf91c5a31ab3a165eacb3a1ab3,"{""distance"":5,""physical_error_rate"":0.0002}","{""detection_events"":1719,""detectors_checked"":1835008}"
      3072,         0,         0,   0.096,exact_mw,f32ebecd8e105e50ec838d33c5ed9b45444b6b44a3c6ac541111079f2b14e893,"{""distance"":5,""physical_error_rate"":5e-05}","{""detection_events"":120,""detectors_checked"":688128}"
      2048,         0,         0,   0.046,exact_mw,cdc4a450a40af8e24899239080e4c40992fb5baf91c5a31ab3a165eacb3a1ab3,"{""distance"":5,""physical_error_rate"":0.0002}","{""detection_events"":336,""detectors_checked"":458752}"
     11264,         0,         0,   0.308,exact_mw,cb12ae119b9b2ba18d0216e7235b403229e92fd0743ede48fe7f1a2c6f45d594,"{""distance"":5,""physical_error_rate"":0.0005}","{""detection_events"":5506,""detectors_checked"":2523136}"
      7168,         0,         0,   0.220,exact_mw,70a969f5042aec17ac076c6379f4170fb7c69b8e925756ef3b7334e28a33338b,"{""distance"":5,""physical_error_rate"":0.0001}","{""detection_events"":677,""detectors_checked"":1605632}"
      1024,         0,         0,   0.083,exact_mw,f32ebecd8e105e50ec838d33c5ed9b45444b6b44a3c6ac541111079f2b14e893,"{""distance"":5,""physical_error_rate"":5e-05}","{""detection_events"":33,""detectors_checked"":229376}"
      2048,         0,         0,   0.086,exact_mw,cdc4a450a40af8e24899239080e4c40992fb5baf91c5a31ab3a165eacb3a1ab3,"{""distance"":5,""physical_error_rate"":0.0002}","{""detection_events"":381,""detectors_checked"":458752}"
      3072,         0,         0,   0.088,exact_mw,cdc4a450a40af8e24899239080e4c40992fb5baf91c5a31ab3a165eacb3a1ab3,"{""distance"":5,""physical_error_rate"":0.0002}","{""detection_events"":590,""detectors_checked"":688128}"
     12288,         0,         0,   0.207,exact_mw,cdc4a450a40af8e24899239080e4c40992fb5baf91c5a31ab3a165eacb3a1ab3,"{""distance"":5,""physical_error_rate"":0.0002}","{""detection_events"":2343,""detectors_checked"":2752512}"
     74752,         0,         0,    1.49,exact_mw,cb12ae119b9b2ba18d0216e7235b403229e92fd0743ede48fe7f1a2c6f45d594,"{""distance"":5,""physical_error_rate"":0.0005}","{""detection_events"":36732,""detectors_checked"":16744448}"
     16384,         0,         0,   0.313,exact_mw,cdc4a450a40af8e24899239080e4c40992fb5baf91c5a31ab3a165eacb3a1ab3,"{""distance"":5,""physical_error_rate"":0.0002}","{""detection_events"":3068,""detectors_checked"":3670016}"
      3072,         0,         0,   0.176,exact_mw,f32ebecd8e105e50ec838d33c5ed9b45444b6b44a3c6ac541111079f2b14e893,"{""distance"":5,""physical_error_rate"":5e-05}","{""detection_events"":170,""detectors_checked"":688128}"
     98304,         0,         0,    1.56,exact_mw,70a969f5042aec17ac076c6379f4170fb7c69b8e925756ef3b7334e28a33338b,"{""distance"":5,""physical_error_rate"":0.0001}","{""detection_events"":9779,""detectors_checked"":22020096}"
      4096,         0,         0,   0.133,exact_mw,cdc4a450a40af8e24899239080e4c40992fb5baf91c5a31ab3a165eacb3a1ab3,"{""distance"":5,""physical_error_rate"":0.0002}","{""detection_events"":812,""detectors_checked"":917504}"
      9216,         0,         0,   0.302,exact_mw,70a969f5042aec17ac076c6379f4170fb7c69b8e925756ef3b7334e28a33338b,"{""distance"":5,""physical_error_rate"":0.0001}","{""detection_events"":950,""detectors_checked"":2064384}"
      1297,         0,         0,   0.029,exact_mw,cdc4a450a40af8e24899239080e4c40992fb5baf91c5a31ab3a165eacb3a1ab3,"{""distance"":5,""physical_error_rate"":0.0002}","{""detection_events"":243,""detectors_checked"":290528}"
      3072,         0,         0,   0.176,exact_mw,f32ebecd8e105e50ec838d33c5ed9b45444b6b44a3c6ac541111079f2b14e893,"{""distance"":5,""physical_error_rate"":5e-05}","{""detection_events"":116,""detectors_checked"":688128}"
     26624,         0,         0,   0.830,exact_mw,f32ebecd8e105e50ec838d33c5ed9b45444b6b44a3c6ac541111079f2b14e893,"{""distance"":5,""physical_error_rate"":5e-05}","{""detection_events"":1211,""detectors_checked"":5963776}"
      1024,         0,         0,   0.028,exact_mw,cdc4a450a40af8e24899239080e4c40992fb5baf91c5a31ab3a165eacb3a1ab3,"{""distance"":5,""physical_error_rate"":0.0002}","{""detection_events"":223,""detectors_checked"":229376}"
     16384,         0,         0,   0.396,exact_mw,cb12ae119b9b2ba18d0216e7235b403229e92fd0743ede48fe7f1a2c6f45d594,"{""distance"":5,""physical_error_rate"":0.0005}","{""detection_events"":7814,""detectors_checked"":3670016}"
     23552,         0,         0,    1.61,exact_mw,cb12ae119b9b2ba18d0216e7235b403229e92fd0743ede48fe7f1a2c6f45d594,"{""distance"":5,""physical_error_rate"":0.0005}","{""detection_events"":11516,""detectors_checked"":5275648}"
      2048,         0,         0,   0.031,exact_mw,cdc4a450a40af8e24899239080e4c40992fb5baf91c5a31ab3a165eacb3a1ab3,"{""distance"":5,""physical_error_rate"":0.0002}","{""detection_events"":368,""detectors_checked"":458752}"
     17408,         0,         0,   0.297,exact_mw,cdc4a450a40af8e24899239080e4c40992fb5baf91c5a31ab3a165eacb3a1ab3,"{""distance"":5,""physical_error_rate"":0.0002}","{""detection_events"":3316,""detectors_checked"":3899392}"
      6144,         0,         0,   0.177,exact_mw,cdc4a450a40af8e24899239080e4c40992fb5baf91c5a31ab3a165eacb3a1ab3,"{""distance"":5,""physical_error_rate"":0.0002}","{""detection_events"":1277,""detectors_checked"":1376256}"
      2048,         0,         0,   0.031,exact_mw,cdc4a450a40af8e24899239080e4c40992fb5baf91c5a31ab3a165eacb3a1ab3,"{""distance"":5,""physical_error_rate"":0.0002}","{""detection_events"":405,""detectors_checked"":458752}"
      3072,         0,         0,   0.059,exact_mw,cdc4a450a40af8e24899239080e4c40992fb5baf91c5a31ab3a165eacb3a1ab3,"{""distance"":5,""physical_error_rate"":0.0002}","{""detection_events"":574,""detectors_checked"":688128}"
    141312,         0,         0,    1.54,exact_mw,70a969f5042aec17ac076c6379f4170fb7c69b8e925756ef3b7334e28a33338b,"{""distance"":5,""physical_error_rate"":0.0001}","{""detection_events"":13910,""detectors_checked"":31653888}"
    193536,         0,         0,    2.17,exact_mw,cdc4a450a40af8e24899239080e4c40992fb5baf91c5a31ab3a165eacb3a1ab3,"{""distance"":5,""physical_error_rate"":0.0002}","{""detection_events"":38001,""detectors_checked"":43352064}"
      3072,         0,         0,   0.059,exact_mw,cdc4a450a40af8e24899239080e4c40992fb5baf91c5a31ab3a165eacb3a1ab3,"{""distance"":5,""physical_error_rate"":0.0002}","{""detection_events"":613,""detectors_checked"":688128}"
    187392,         0,         0,    2.18,exact_mw,cdc4a450a40af8e24899239080e4c40992fb5baf91c5a31ab3a165eacb3a1ab3,"{""distance"":5,""physical_error_rate"":0.0002}","{""detection_events"":36810,""detectors_checked"":41975808}"
     21504,         0,         0,   0.420,exact_mw,cdc4a450a40af8e24899239080e4c40992fb5baf91c5a31ab3a165eacb3a1ab3,"{""distance"":5,""physical_error_rate"":0.0002}","{""detection_events"":4267,""detectors_checked"":4816896}"
      4096,         0,         0,   0.263,exact_mw,f32ebecd8e105e50ec838d33c5ed9b45444b6b44a3c6ac541111079f2b14e893,"{""distance"":5,""physical_error_rate"":5e-05}","{""detection_events"":210,""detectors_checked"":917504}"
      5120,         0,         0,   0.090,exact_mw,cdc4a450a40af8e24899239080e4c40992fb5baf91c5a31ab3a165eacb3a1ab3,"{""distance"":5,""physical_error_rate"":0.0002}","{""detection_events"":1050,""detectors_checked"":1146880}"
      7168,         0,         0,   0.220,exact_mw,cdc4a450a40af8e24899239080e4c40992fb5baf91c5a31ab3a165eacb3a1ab3,"{""distance"":5,""physical_error_rate"":0.0002}","{""detection_events"":1403,""detectors_checked"":1605632}"
     14336,         0,         0,   0.440,exact_mw,70a969f5042aec17ac076c6379f4170fb7c69b8e925756ef3b7334e28a33338b,"{""distance"":5,""physical_error_rate"":0.0001}","{""detection_events"":1305,""detectors_checked"":3211264}"
      7168,         0,         0,   0.121,exact_mw,cdc4a450a40af8e24899239080e4c40992fb5baf91c5a31ab3a165eacb3a1ab3,"{""distance"":5,""physical_error_rate"":0.0002}","{""detection_events"":1437,""detectors_checked"":1605632}"
    197632,         0,         0,    2.13,exact_mw,f32ebecd8e105e50ec838d33c5ed9b45444b6b44a3c6ac541111079f2b14e893,"{""distance"":5,""physical_error_rate"":5e-05}","{""detection_events"":9593,""detectors_checked"":44269568}"
    137216,         0,         0,    1.54,exact_mw,70a969f5042aec17ac076c6379f4170fb7c69b8e925756ef3b7334e28a33338b,"{""distance"":5,""physical_error_rate"":0.0001}","{""detection_events"":13158,""detectors_checked"":30736384}"
     24576,         0,         0,   0.393,exact_mw,cdc4a450a40af8e24899239080e4c40992fb5baf91c5a31ab3a165eacb3a1ab3,"{""distance"":5,""physical_error_rate"":0.0002}","{""detection_events"":4836,""detectors_checked"":5505024}"
     43008,         0,         0,    2.23,exact_mw,70a969f5042aec17ac076c6379f4170fb7c69b8e925756ef3b7334e28a33338b,"{""distance"":5,""physical_error_rate"":0.0001}","{""detection_events"":4085,""detectors_checked"":9633792}"
      8192,         0,         0,   0.148,exact_mw,cdc4a450a40af8e24899239080e4c40992fb5baf91c5a31ab3a165eacb3a1ab3,"{""distance"":5,""physical_error_rate"":0.0002}","{""detection_events"":1572,""detectors_checked"":1835008}"
      9216,         0,         0,   0.307,exact_mw,cdc4a450a40af8e24899239080e4c40992fb5baf91c5a31ab3a165eacb3a1ab3,"{""distance"":5,""physical_error_rate"":0.0002}","{""detection_events"":1881,""detectors_checked"":2064384}"
      6144,         0,         0,   0.353,exact_mw,f32ebecd8e105e50ec838d33c5ed9b45444b6b44a3c6ac541111079f2b14e893,"{""distance"":5,""physical_error_rate"":5e-05}","{""detection_events"":263,""detectors_checked"":1376256}"
     22528,         0,         0,   0.613,exact_mw,cb12ae119b9b2ba18d0216e7235b403229e92fd0743ede48fe7f1a2c6f45d594,"{""distance"":5,""physical_error_rate"":0.0005}","{""detection_events"":10944,""detectors_checked"":5046272}"
     12288,         0,         0,   0.209,exact_mw,cdc4a450a40af8e24899239080e4c40992fb5baf91c5a31ab3a165eacb3a1ab3,"{""distance"":5,""physical_error_rate"":0.0002}","{""detection_events"":2439,""detectors_checked"":2752512}"
     29696,         0,         0,   0.587,exact_mw,cdc4a450a40af8e24899239080e4c40992fb5baf91c5a31ab3a165eacb3a1ab3,"{""distance"":5,""physical_error_rate"":0.0002}","{""detection_events"":5977,""detectors_checked"":6651904}"
     18432,         0,         0,   0.451,exact_mw,70a969f5042aec17ac076c6379f4170fb7c69b8e925756ef3b7334e28a33338b,"{""distance"":5,""physical_error_rate"":0.0001}","{""detection_events"":1826,""detectors_checked"":4128768}"
     14336,         0,         0,   0.440,exact_mw,cdc4a450a40af8e24899239080e4c40992fb5baf91c5a31ab3a165eacb3a1ab3,"{""distance"":5,""physical_error_rate"":0.0002}","{""detection_events"":2695,""detectors_checked"":3211264}"
      6144,         0,         0,   0.437,exact_mw,f32ebecd8e105e50ec838d33c5ed9b45444b6b44a3c6ac541111079f2b14e893,"{""distance"":5,""physical_error_rate"":5e-05}","{""detection_events"":330,""detectors_checked"":1376256}"
     32768,         0,         0,   0.548,exact_mw,cdc4a450a40af8e24899239080e4c40992fb5baf91c5a31ab3a165eacb3a1ab3,"{""distance"":5,""physical_error_rate"":0.0002}","{""detection_events"":6617,""detectors_checked"":7340032}"
       273,         0,         0,   0.021,exact_mw,f32ebecd8e105e50ec838d33c5ed9b45444b6b44a3c6ac541111079f2b14e893,"{""distance"":5,""physical_error_rate"":5e-05}","{""detection_events"":7,""detectors_checked"":61152}"
     20480,         0,         0,   0.306,exact_mw,cdc4a450a40af8e24899239080e4c40992fb5baf91c5a31ab3a165eacb3a1ab3,"{""distance"":5,""physical_error_rate"":0.0002}","{""detection_events"":3965,""detectors_checked"":4587520}"
      2048,         0,         0,   0.026,exact_mw,f32ebecd8e105e50ec838d33c5ed9b45444b6b44a3c6ac541111079f2b14e893,"{""distance"":5,""physical_error_rate"":5e-05}","{""detection_events"":86,""detectors_checked"":458752}"
      2048,         0,         0,   0.026,exact_mw,f32ebecd8e105e50ec838d33c5ed9b45444b6b44a3c6ac541111079f2b14e893,"{""distance"":5,""physical_error_rate"":5e-05}","{""detection_events"":90,""detectors_checked"":458752}"
     37888,         0,         0,    1.14,exact_mw,f32ebecd8e105e50ec838d33c5ed9b45444b6b44a3c6ac541111079f2b14e893,"{""distance"":5,""physical_error_rate"":5e-05}","{""detection_events"":1788,""detectors_checked"":8486912}"
      3072,         0,         0,   0.049,exact_mw,f32ebecd8e105e50ec838d33c5ed9b45444b6b44a3c6ac541111079f2b14e893,"{""distance"":5,""physical_error_rate"":5e-05}","{""detection_events"":204,""detectors_checked"":688128}"
      4096,         0,         0,   0.051,exact_mw,f32ebecd8e105e50ec838d33c5ed9b45444b6b44a3c6ac541111079f2b14e893,"{""distance"":5,""physical_error_rate"":5e-05}","{""detection_events"":191,""detectors_checked"":917504}"
      5120,         0,         0,   0.074,exact_mw,f32ebecd8e105e50ec838d33c5ed9b45444b6b44a3c6ac541111079f2b14e893,"{""distance"":5,""physical_error_rate"":5e-05}","{""detection_events"":230,""detectors_checked"":1146880}"
    165888,         0,         0,    2.12,exact_mw,cdc4a450a40af8e24899239080e4c40992fb5baf91c5a31ab3a165eacb3a1ab3,"{""distance"":5,""physical_error_rate"":0.0002}","{""detection_events"":33170,""detectors_checked"":37158912}"
    111616,         0,         0,    2.18,exact_mw,cb12ae119b9b2ba18d0216e7235b403229e92fd0743ede48fe7f1a2c6f45d594,"{""distance"":5,""physical_error_rate"":0.0005}","{""detection_events"":54682,""detectors_checked"":25001984}"
      6144,         0,         0,   0.077,exact_mw,f32ebecd8e105e50ec838d33c5ed9b45444b6b44a3c6ac541111079f2b14e893,"{""distance"":5,""physical_error_rate"":5e-05}","{""detection_events"":254,""detectors_checked"":1376256}"
     32768,         0,         0,   0.839,exact_mw,cb12ae119b9b2ba18d0216e7235b403229e92fd0743ede48fe7f1a2c6f45d594,"{""distance"":5,""physical_error_rate"":0.0005}","{""detection_events"":16253,""detectors_checked"":7340032}"
     29696,         0,         0,   0.418,exact_mw,cdc4a450a40af8e24899239080e4c40992fb5baf91c5a31ab3a165eacb3a1ab3,"{""distance"":5,""physical_error_rate"":0.0002}","{""detection_events"":5623,""detectors_checked"":6651904}"
      8192,         0,         0,   0.122,exact_mw,f32ebecd8e105e50ec838d33c5ed9b45444b6b44a3c6ac541111079f2b14e893,"{""distance"":5,""physical_error_rate"":5e-05}","{""detection_events"":415,""detectors_checked"":1835008}"
     92160,         0,         0,    2.17,exact_mw,cb12ae119b9b2ba18d0216e7235b403229e92fd0743ede48fe7f1a2c6f45d594,"{""distance"":5,""physical_error_rate"":0.0005}","{""detection_events"":45478,""detectors_checked"":20643840}"
     17408,         0,         0,   0.571,exact_mw,cdc4a450a40af8e24899239080e4c40992fb5baf91c5a31ab3a165eacb3a1ab3,"{""distance"":5,""physical_error_rate"":0.0002}","{""detection_events"":3441,""detectors_checked"":3899392}"
     40960,         0,         0,   0.809,exact_mw,cdc4a450a40af8e24899239080e4c40992fb5baf91c5a31ab3a165eacb3a1ab3,"{""distance"":5,""physical_error_rate"":0.0002}","{""detection_events"":7900,""detectors_checked"":9175040}"
     10240,         0,         0,   0.148,exact_mw,f32ebecd8e105e50ec838d33c5ed9b45444b6b44a3c6ac541111079f2b14e893,"{""distance"":5,""physical_error_rate"":5e-05}","{""detection_events"":528,""detectors_checked"":2293760}"
     10240,         0,         0,   0.620,exact_mw,f32ebecd8e105e50ec838d33c5ed9b45444b6b44a3c6ac541111079f2b14e893,"{""distance"":5,""physical_error_rate"":5e-05}","{""detection_events"":626,""detectors_checked"":2293760}"
     26624,         0,         0,   0.794,exact_mw,70a969f5042aec17ac076c6379f4170fb7c69b8e925756ef3b7334e28a33338b,"{""distance"":5,""physical_error_rate"":0.0001}","{""detection_events"":2594,""detectors_checked"":5963776}"
   3708928,         1,         0,    87.5,exact_mw,cb12ae119b9b2ba18d0216e7235b403229e92fd0743ede48fe7f1a2c6f45d594,"{""distance"":5,""physical_error_rate"":0.0005}","{""detection_events"":1826023,""detectors_checked"":830799872,""obs_mistake_mask=E"":1}"
   6046720,         0,         0,    87.1,exact_mw,cdc4a450a40af8e24899239080e4c40992fb5baf91c5a31ab3a165eacb3a1ab3,"{""distance"":5,""physical_error_rate"":0.0002}","{""detection_events"":1188613,""detectors_checked"":1354465280}"
     16384,         0,         0,   0.216,exact_mw,f32ebecd8e105e50ec838d33c5ed9b45444b6b44a3c6ac541111079f2b14e893,"{""distance"":5,""physical_error_rate"":5e-05}","{""detection_events"":851,""detectors_checked"":3670016}"
     46080,         0,         0,   0.806,exact_mw,cdc4a450a40af8e24899239080e4c40992fb5baf91c5a31ab3a165eacb3a1ab3,"{""distance"":5,""physical_error_rate"":0.0002}","{""detection_events"":9213,""detectors_checked"":10321920}"
     98304,         0,         0,    2.19,exact_mw,cb12ae119b9b2ba18d0216e7235b403229e92fd0743ede48fe7f1a2c6f45d594,"{""distance"":5,""physical_error_rate"":0.0005}","{""detection_events"":48608,""detectors_checked"":22020096}"
    137216,         0,         0,    2.16,exact_mw,70a969f5042aec17ac076c6379f4170fb7c69b8e925756ef3b7334e28a33338b,"{""distance"":5,""physical_error_rate"":0.0001}","{""detection_events"":13242,""detectors_checked"":30736384}"
     40960,         0,         0,   0.576,exact_mw,cdc4a450a40af8e24899239080e4c40992fb5baf91c5a31ab3a165eacb3a1ab3,"{""distance"":5,""physical_error_rate"":0.0002}","{""detection_events"":7933,""detectors_checked"":9175040}"
     21504,         0,         0,   0.304,exact_mw,f32ebecd8e105e50ec838d33c5ed9b45444b6b44a3c6ac541111079f2b14e893,"{""distance"":5,""physical_error_rate"":5e-05}","{""detection_events"":1098,""detectors_checked"":4816896}"
    264192,         1,         0,    3.06,exact_mw,cb12ae119b9b2ba18d0216e7235b403229e92fd0743ede48fe7f1a2c6f45d594,"{""distance"":5,""physical_error_rate"":0.0005}","{""detection_events"":130475,""detectors_checked"":59179008,""obs_mistake_mask=E"":1}"
     25600,         0,         0,    2.19,exact_mw,cb12ae119b9b2ba18d0216e7235b403229e92fd0743ede48fe7f1a2c6f45d594,"{""distance"":5,""physical_error_rate"":0.0005}","{""detection_events"":12560,""detectors_checked"":5734400}"
    186368,         0,         0,    2.17,exact_mw,70a969f5042aec17ac076c6379f4170fb7c69b8e925756ef3b7334e28a33338b,"{""distance"":5,""physical_error_rate"":0.0001}","{""detection_events"":18603,""detectors_checked"":41746432}"
     24576,         0,         0,   0.793,exact_mw,cdc4a450a40af8e24899239080e4c40992fb5baf91c5a31ab3a165eacb3a1ab3,"{""distance"":5,""physical_error_rate"":0.0002}","{""detection_events"":4857,""detectors_checked"":5505024}"
     14336,         0,         0,   0.874,exact_mw,f32ebecd8e105e50ec838d33c5ed9b45444b6b44a3c6ac541111079f2b14e893,"{""distance"":5,""physical_error_rate"":5e-05}","{""detection_events"":714,""detectors_checked"":3211264}"
     30720,         0,         0,   0.400,exact_mw,f32ebecd8e105e50ec838d33c5ed9b45444b6b44a3c6ac541111079f2b14e893,"{""distance"":5,""physical_error_rate"":5e-05}","{""detection_events"":1632,""detectors_checked"":6881280}"
     44032,         0,         0,    1.07,exact_mw,cb12ae119b9b2ba18d0216e7235b403229e92fd0743ede48fe7f1a2c6f45d594,"{""distance"":5,""physical_error_rate"":0.0005}","{""detection_events"":21322,""detectors_checked"":9863168}"
    188416,         0,         0,    2.17,exact_mw,70a969f5042aec17ac076c6379f4170fb7c69b8e925756ef3b7334e28a33338b,"{""distance"":5,""physical_error_rate"":0.0001}","{""detection_events"":18530,""detectors_checked"":42205184}"
     52224,         0,         0,    1.58,exact_mw,f32ebecd8e105e50ec838d33c5ed9b45444b6b44a3c6ac541111079f2b14e893,"{""distance"":5,""physical_error_rate"":5e-05}","{""detection_events"":2720,""detectors_checked"":11698176}"
     56320,         0,         0,    1.09,exact_mw,cdc4a450a40af8e24899239080e4c40992fb5baf91c5a31ab3a165eacb3a1ab3,"{""distance"":5,""physical_error_rate"":0.0002}","{""detection_events"":11029,""detectors_checked"":12615680}"
     57344,         0,         0,   0.776,exact_mw,cdc4a450a40af8e24899239080e4c40992fb5baf91c5a31ab3a165eacb3a1ab3,"{""distance"":5,""physical_error_rate"":0.0002}","{""detection_events"":11346,""detectors_checked"":12845056}"
      1297,         0,         0,   0.088,exact_mw,f32ebecd8e105e50ec838d33c5ed9b45444b6b44a3c6ac541111079f2b14e893,"{""distance"":5,""physical_error_rate"":5e-05}","{""detection_events"":73,""detectors_checked"":290528}"
     36864,         0,         0,    1.15,exact_mw,70a969f5042aec17ac076c6379f4170fb7c69b8e925756ef3b7334e28a33338b,"{""distance"":5,""physical_error_rate"":0.0001}","{""detection_events"":3690,""detectors_checked"":8257536}"
      2048,         0,         0,   0.090,exact_mw,f32ebecd8e105e50ec838d33c5ed9b45444b6b44a3c6ac541111079f2b14e893,"{""distance"":5,""physical_error_rate"":5e-05}","{""detection_events"":132,""detectors_checked"":458752}"
     65536,         0,         0,    1.13,exact_mw,cdc4a450a40af8e24899239080e4c40992fb5baf91c5a31ab3a165eacb3a1ab3,"{""distance"":5,""physical_error_rate"":0.0002}","{""detection_events"":12670,""detectors_checked"":14680064}"
      1024,         0,         0,   0.090,exact_mw,f32ebecd8e105e50ec838d33c5ed9b45444b6b44a3c6ac541111079f2b14e893,"{""distance"":5,""physical_error_rate"":5e-05}","{""detection_events"":55,""detectors_checked"":229376}"
      1024,         0,         0,   0.087,exact_mw,f32ebecd8e105e50ec838d33c5ed9b45444b6b44a3c6ac541111079f2b14e893,"{""distance"":5,""physical_error_rate"":5e-05}","{""detection_events"":42,""detectors_checked"":229376}"
     41984,         0,         0,   0.571,exact_mw,f32ebecd8e105e50ec838d33c5ed9b45444b6b44a3c6ac541111079f2b14e893,"{""distance"":5,""physical_error_rate"":5e-05}","{""detection_events"":2184,""detectors_checked"":9404416}"
   4253696,         3,         0,    87.4,exact_mw,cb12ae119b9b2ba18d0216e7235b403229e92fd0743ede48fe7f1a2c6f45d594,"{""distance"":5,""physical_error_rate"":0.0005}","{""detection_events"":2091870,""detectors_checked"":952827904,""obs_mistake_mask=E"":3}"
    269312,         0,         0,    3.04,exact_mw,cdc4a450a40af8e24899239080e4c40992fb5baf91c5a31ab3a165eacb3a1ab3,"{""distance"":5,""physical_error_rate"":0.0002}","{""detection_events"":52770,""detectors_checked"":60325888}"
      2048,         0,         0,   0.090,exact_mw,f32ebecd8e105e50ec838d33c5ed9b45444b6b44a3c6ac541111079f2b14e893,"{""distance"":5,""physical_error_rate"":5e-05}","{""detection_events"":105,""detectors_checked"":458752}"
    251904,         0,         0,    3.01,exact_mw,cdc4a450a40af8e24899239080e4c40992fb5baf91c5a31ab3a165eacb3a1ab3,"{""distance"":5,""physical_error_rate"":0.0002}","{""detection_events"":50070,""detectors_checked"":56426496}"
      1024,         0,         0,   0.087,exact_mw,f32ebecd8e105e50ec838d33c5ed9b45444b6b44a3c6ac541111079f2b14e893,"{""distance"":5,""physical_error_rate"":5e-05}","{""detection_events"":34,""detectors_checked"":229376}"
      2048,         0,         0,   0.090,exact_mw,f32ebecd8e105e50ec838d33c5ed9b45444b6b44a3c6ac541111079f2b14e893,"{""distance"":5,""physical_error_rate"":5e-05}","{""detection_events"":87,""detectors_checked"":458752}"
    276480,         0,         0,    2.98,exact_mw,f32ebecd8e105e50ec838d33c5ed9b45444b6b44a3c6ac541111079f2b14e893,"{""distance"":5,""physical_error_rate"":5e-05}","{""detection_events"":13627,""detectors_checked"":61931520}"
     35840,         0,         0,    1.15,exact_mw,cdc4a450a40af8e24899239080e4c40992fb5baf91c5a31ab3a165eacb3a1ab3,"{""distance"":5,""physical_error_rate"":0.0002}","{""detection_events"":7278,""detectors_checked"":8028160}"
     49152,         0,         0,    3.07,exact_mw,70a969f5042aec17ac076c6379f4170fb7c69b8e925756ef3b7334e28a33338b,"{""distance"":5,""physical_error_rate"":0.0001}","{""detection_events"":4705,""detectors_checked"":11010048}"
      2048,         0,         0,   0.174,exact_mw,f32ebecd8e105e50ec838d33c5ed9b45444b6b44a3c6ac541111079f2b14e893,"{""distance"":5,""physical_error_rate"":5e-05}","{""detection_events"":93,""detectors_checked"":458752}"
   4013056,         0,         0,    86.9,exact_mw,cdc4a450a40af8e24899239080e4c40992fb5baf91c5a31ab3a165eacb3a1ab3,"{""distance"":5,""physical_error_rate"":0.0002}","{""detection_events"":795229,""detectors_checked"":898924544}"
   5756928,         0,         0,    87.5,exact_mw,cdc4a450a40af8e24899239080e4c40992fb5baf91c5a31ab3a165eacb3a1ab3,"{""distance"":5,""physical_error_rate"":0.0002}","{""detection_events"":1136658,""detectors_checked"":1289551872}"
     18432,         0,         0,    1.13,exact_mw,f32ebecd8e105e50ec838d33c5ed9b45444b6b44a3c6ac541111079f2b14e893,"{""distance"":5,""physical_error_rate"":5e-05}","{""detection_events"":968,""detectors_checked"":4128768}"
      3072,         0,         0,   0.160,exact_mw,f32ebecd8e105e50ec838d33c5ed9b45444b6b44a3c6ac541111079f2b14e893,"{""distance"":5,""physical_error_rate"":5e-05}","{""detection_events"":121,""detectors_checked"":688128}"
     57344,         0,         0,   0.796,exact_mw,f32ebecd8e105e50ec838d33c5ed9b45444b6b44a3c6ac541111079f2b14e893,"{""distance"":5,""physical_error_rate"":5e-05}","{""detection_events"":2880,""detectors_checked"":12845056}"
      4096,         0,         0,   0.239,exact_mw,f32ebecd8e105e50ec838d33c5ed9b45444b6b44a3c6ac541111079f2b14e893,"{""distance"":5,""physical_error_rate"":5e-05}","{""detection_events"":152,""detectors_checked"":917504}"
     78848,         0,         0,    1.13,exact_mw,cdc4a450a40af8e24899239080e4c40992fb5baf91c5a31ab3a165eacb3a1ab3,"{""distance"":5,""physical_error_rate"":0.0002}","{""detection_events"":15597,""detectors_checked"":17661952}"
     54272,         0,         0,    1.53,exact_mw,cb12ae119b9b2ba18d0216e7235b403229e92fd0743ede48fe7f1a2c6f45d594,"{""distance"":5,""physical_error_rate"":0.0005}","{""detection_events"":26644,""detectors_checked"":12156928}"
      6144,         0,         0,   0.321,exact_mw,f32ebecd8e105e50ec838d33c5ed9b45444b6b44a3c6ac541111079f2b14e893,"{""distance"":5,""physical_error_rate"":5e-05}","{""detection_events"":282,""detectors_checked"":1376256}"
     70656,         0,         0,    1.58,exact_mw,cdc4a450a40af8e24899239080e4c40992fb5baf91c5a31ab3a165eacb3a1ab3,"{""distance"":5,""physical_error_rate"":0.0002}","{""detection_events"":13394,""detectors_checked"":15826944}"
    215040,         0,         0,    3.05,exact_mw,cdc4a450a40af8e24899239080e4c40992fb5baf91c5a31ab3a165eacb3a1ab3,"{""distance"":5,""physical_error_rate"":0.0002}","{""detection_events"":42538,""detectors_checked"":48168960}"
    160768,         0,         0,    3.04,exact_mw,cb12ae119b9b2ba18d0216e7235b403229e92fd0743ede48fe7f1a2c6f45d594,"{""distance"":5,""physical_error_rate"":0.0005}","{""detection_events"":79117,""detectors_checked"":36012032}"
     52224,         0,         0,    1.58,exact_mw,70a969f5042aec17ac076c6379f4170fb7c69b8e925756ef3b7334e28a33338b,"{""distance"":5,""physical_error_rate"":0.0001}","{""detection_events"":5184,""detectors_checked"":11698176}"
      1297,         0,         0,   0.080,exact_mw,f32ebecd8e105e50ec838d33c5ed9b45444b6b44a3c6ac541111079f2b14e893,"{""distance"":5,""physical_error_rate"":5e-05}","{""detection_events"":62,""detectors_checked"":290528}"
     93184,         0,         0,    1.52,exact_mw,cdc4a450a40af8e24899239080e4c40992fb5baf91c5a31ab3a165eacb3a1ab3,"{""distance"":5,""physical_error_rate"":0.0002}","{""detection_events"":18235,""detectors_checked"":20873216}"
      1024,         0,         0,   0.079,exact_mw,f32ebecd8e105e50ec838d33c5ed9b45444b6b44a3c6ac541111079f2b14e893,"{""distance"":5,""physical_error_rate"":5e-05}","{""detection_events"":51,""detectors_checked"":229376}"
    138240,         0,         0,    3.03,exact_mw,cb12ae119b9b2ba18d0216e7235b403229e92fd0743ede48fe7f1a2c6f45d594,"{""distance"":5,""physical_error_rate"":0.0005}","{""detection_events"":68135,""detectors_checked"":30965760}"
      2048,         0,         0,   0.082,exact_mw,f32ebecd8e105e50ec838d33c5ed9b45444b6b44a3c6ac541111079f2b14e893,"{""distance"":5,""physical_error_rate"":5e-05}","{""detection_events"":106,""detectors_checked"":458752}"
      1024,         0,         0,   0.079,exact_mw,f32ebecd8e105e50ec838d33c5ed9b45444b6b44a3c6ac541111079f2b14e893,"{""distance"":5,""physical_error_rate"":5e-05}","{""detection_events"":32,""detectors_checked"":229376}"
      8192,         0,         0,   0.478,exact_mw,f32ebecd8e105e50ec838d33c5ed9b45444b6b44a3c6ac541111079f2b14e893,"{""distance"":5,""physical_error_rate"":5e-05}","{""detection_events"":336,""detectors_checked"":1835008}"
      1024,         0,         0,   0.079,exact_mw,f32ebecd8e105e50ec838d33c5ed9b45444b6b44a3c6ac541111079f2b14e893,"{""distance"":5,""physical_error_rate"":5e-05}","{""detection_events"":58,""detectors_checked"":229376}"
   8852480,         0,         0,    87.3,exact_mw,f32ebecd8e105e50ec838d33c5ed9b45444b6b44a3c6ac541111079f2b14e893,"{""distance"":5,""physical_error_rate"":5e-05}","{""detection_events"":439287,""detectors_checked"":1982955520}"
      2048,         0,         0,   0.086,exact_mw,f32ebecd8e105e50ec838d33c5ed9b45444b6b44a3c6ac541111079f2b14e893,"{""distance"":5,""physical_error_rate"":5e-05}","{""detection_events"":106,""detectors_checked"":458752}"
     72704,         0,         0,    2.20,exact_mw,f32ebecd8e105e50ec838d33c5ed9b45444b6b44a3c6ac541111079f2b14e893,"{""distance"":5,""physical_error_rate"":5e-05}","{""detection_events"":3558,""detectors_checked"":16285696}"
      1024,         0,         0,   0.079,exact_mw,f32ebecd8e105e50ec838d33c5ed9b45444b6b44a3c6ac541111079f2b14e893,"{""distance"":5,""physical_error_rate"":5e-05}","{""detection_events"":43,""detectors_checked"":229376}"
    148480,         0,         0,    3.04,exact_mw,cb12ae119b9b2ba18d0216e7235b403229e92fd0743ede48fe7f1a2c6f45d594,"{""distance"":5,""physical_error_rate"":0.0005}","{""detection_events"":72716,""detectors_checked"":33259520}"
     81920,         0,         0,    1.13,exact_mw,f32ebecd8e105e50ec838d33c5ed9b45444b6b44a3c6ac541111079f2b14e893,"{""distance"":5,""physical_error_rate"":5e-05}","{""detection_events"":3981,""detectors_checked"":18350080}"
    196608,         0,         0,    3.01,exact_mw,70a969f5042aec17ac076c6379f4170fb7c69b8e925756ef3b7334e28a33338b,"{""distance"":5,""physical_error_rate"":0.0001}","{""detection_events"":19527,""detectors_checked"":44040192}"
     52224,         0,         0,    1.49,exact_mw,cdc4a450a40af8e24899239080e4c40992fb5baf91c5a31ab3a165eacb3a1ab3,"{""distance"":5,""physical_error_rate"":0.0002}","{""detection_events"":10193,""detectors_checked"":11698176}"
      3072,         0,         0,   0.156,exact_mw,f32ebecd8e105e50ec838d33c5ed9b45444b6b44a3c6ac541111079f2b14e893,"{""distance"":5,""physical_error_rate"":5e-05}","{""detection_events"":156,""detectors_checked"":688128}"
     28672,         0,         0,    1.53,exact_mw,f32ebecd8e105e50ec838d33c5ed9b45444b6b44a3c6ac541111079f2b14e893,"{""distance"":5,""physical_error_rate"":5e-05}","{""detection_events"":1436,""detectors_checked"":6422528}"
      3072,         0,         0,   0.160,exact_mw,f32ebecd8e105e50ec838d33c5ed9b45444b6b44a3c6ac541111079f2b14e893,"{""distance"":5,""physical_error_rate"":5e-05}","{""detection_events"":152,""detectors_checked"":688128}"
     40960,         0,         0,    3.07,exact_mw,cb12ae119b9b2ba18d0216e7235b403229e92fd0743ede48fe7f1a2c6f45d594,"{""distance"":5,""physical_error_rate"":0.0005}","{""detection_events"":20305,""detectors_checked"":9175040}"
    271360,         0,         0,    3.04,exact_mw,70a969f5042aec17ac076c6379f4170fb7c69b8e925756ef3b7334e28a33338b,"{""distance"":5,""physical_error_rate"":0.0001}","{""detection_events"":26438,""detectors_checked"":60784640}"
     11264,         0,         0,   0.635,exact_mw,f32ebecd8e105e50ec838d33c5ed9b45444b6b44a3c6ac541111079f2b14e893,"{""distance"":5,""physical_error_rate"":5e-05}","{""detection_events"":528,""detectors_checked"":2523136}"
      4096,         0,         0,   0.239,exact_mw,f32ebecd8e105e50ec838d33c5ed9b45444b6b44a3c6ac541111079f2b14e893,"{""distance"":5,""physical_error_rate"":5e-05}","{""detection_events"":180,""detectors_checked"":917504}"
    108544,         0,         0,    1.53,exact_mw,cdc4a450a40af8e24899239080e4c40992fb5baf91c5a31ab3a165eacb3a1ab3,"{""distance"":5,""physical_error_rate"":0.0002}","{""detection_events"":21126,""detectors_checked"":24313856}"
    269312,         0,         0,    2.99,exact_mw,70a969f5042aec17ac076c6379f4170fb7c69b8e925756ef3b7334e28a33338b,"{""distance"":5,""physical_error_rate"":0.0001}","{""detection_events"":26453,""detectors_checked"":60325888}"
    160378,         0,         0,   0.869,exact_mw,f32ebecd8e105e50ec838d33c5ed9b45444b6b44a3c6ac541111079f2b14e893,"{""distance"":5,""physical_error_rate"":5e-05}","{""detection_events"":7929,""detectors_checked"":35924672}"
      7168,         0,         0,   0.306,exact_mw,f32ebecd8e105e50ec838d33c5ed9b45444b6b44a3c6ac541111079f2b14e893,"{""distance"":5,""physical_error_rate"":5e-05}","{""detection_events"":279,""detectors_checked"":1605632}"
   8678035,         0,         0,    70.1,exact_mw,f32ebecd8e105e50ec838d33c5ed9b45444b6b44a3c6ac541111079f2b14e893,"{""distance"":5,""physical_error_rate"":5e-05}","{""detection_events"":429889,""detectors_checked"":1943879840}"
     29696,         0,         0,   0.776,exact_mw,f32ebecd8e105e50ec838d33c5ed9b45444b6b44a3c6ac541111079f2b14e893,"{""distance"":5,""physical_error_rate"":5e-05}","{""detection_events"":1577,""detectors_checked"":6651904}"
     19456,         0,         0,   0.361,exact_mw,f32ebecd8e105e50ec838d33c5ed9b45444b6b44a3c6ac541111079f2b14e893,"{""distance"":5,""physical_error_rate"":5e-05}","{""detection_events"":837,""detectors_checked"":4358144}"
     66560,         0,         0,    2.22,exact_mw,cb12ae119b9b2ba18d0216e7235b403229e92fd0743ede48fe7f1a2c6f45d594,"{""distance"":5,""physical_error_rate"":0.0005}","{""detection_events"":33515,""detectors_checked"":14909440}"
    371712,         0,         0,    4.26,exact_mw,cb12ae119b9b2ba18d0216e7235b403229e92fd0743ede48fe7f1a2c6f45d594,"{""distance"":5,""physical_error_rate"":0.0005}","{""detection_events"":182635,""detectors_checked"":83263488}"
     88064,         0,         0,    2.14,exact_mw,cdc4a450a40af8e24899239080e4c40992fb5baf91c5a31ab3a165eacb3a1ab3,"{""distance"":5,""physical_error_rate"":0.0002}","{""detection_events"":17420,""detectors_checked"":19726336}"
    165888,         0,         0,    1.52,exact_mw,f32ebecd8e105e50ec838d33c5ed9b45444b6b44a3c6ac541111079f2b14e893,"{""distance"":5,""physical_error_rate"":5e-05}","{""detection_events"":8270,""detectors_checked"":37158912}"
     72704,         0,         0,    2.19,exact_mw,70a969f5042aec17ac076c6379f4170fb7c69b8e925756ef3b7334e28a33338b,"{""distance"":5,""physical_error_rate"":0.0001}","{""detection_events"":7312,""detectors_checked"":16285696}"
    156672,         0,         0,    2.12,exact_mw,cdc4a450a40af8e24899239080e4c40992fb5baf91c5a31ab3a165eacb3a1ab3,"{""distance"":5,""physical_error_rate"":0.0002}","{""detection_events"":30969,""detectors_checked"":35094528}"
     54272,         0,         0,   0.573,exact_mw,f32ebecd8e105e50ec838d33c5ed9b45444b6b44a3c6ac541111079f2b14e893,"{""distance"":5,""physical_error_rate"":5e-05}","{""detection_events"":2645,""detectors_checked"":12156928}"
   1966080,         0,         0,    87.4,exact_mw,70a969f5042aec17ac076c6379f4170fb7c69b8e925756ef3b7334e28a33338b,"{""distance"":5,""physical_error_rate"":0.0001}","{""detection_events"":192502,""detectors_checked"":440401920}"
      1297,         0,         0,   0.029,exact_mw,70a969f5042aec17ac076c6379f4170fb7c69b8e925756ef3b7334e28a33338b,"{""distance"":5,""physical_error_rate"":0.0001}","{""detection_events"":116,""detectors_checked"":290528}"
      1024,         0,         0,   0.028,exact_mw,70a969f5042aec17ac076c6379f4170fb7c69b8e925756ef3b7334e28a33338b,"{""distance"":5,""physical_error_rate"":0.0001}","{""detection_events"":89,""detectors_checked"":229376}"
      2048,         0,         0,   0.031,exact_mw,70a969f5042aec17ac076c6379f4170fb7c69b8e925756ef3b7334e28a33338b,"{""distance"":5,""physical_error_rate"":0.0001}","{""detection_events"":199,""detectors_checked"":458752}"
     70656,         0,         0,    2.21,exact_mw,cdc4a450a40af8e24899239080e4c40992fb5baf91c5a31ab3a165eacb3a1ab3,"{""distance"":5,""physical_error_rate"":0.0002}","{""detection_events"":14005,""detectors_checked"":15826944}"
    100352,         0,         0,    1.09,exact_mw,f32ebecd8e105e50ec838d33c5ed9b45444b6b44a3c6ac541111079f2b14e893,"{""distance"":5,""physical_error_rate"":5e-05}","{""detection_events"":5008,""detectors_checked"":22478848}"
      2048,         0,         0,   0.031,exact_mw,70a969f5042aec17ac076c6379f4170fb7c69b8e925756ef3b7334e28a33338b,"{""distance"":5,""physical_error_rate"":0.0001}","{""detection_events"":191,""detectors_checked"":458752}"
      3072,         0,         0,   0.059,exact_mw,70a969f5042aec17ac076c6379f4170fb7c69b8e925756ef3b7334e28a33338b,"{""distance"":5,""physical_error_rate"":0.0001}","{""detection_events"":373,""detectors_checked"":688128}"
    107520,         0,         0,    2.11,exact_mw,f32ebecd8e105e50ec838d33c5ed9b45444b6b44a3c6ac541111079f2b14e893,"{""distance"":5,""physical_error_rate"":5e-05}","{""detection_events"":5154,""detectors_checked"":24084480}"
      4096,         0,         0,   0.061,exact_mw,70a969f5042aec17ac076c6379f4170fb7c69b8e925756ef3b7334e28a33338b,"{""distance"":5,""physical_error_rate"":0.0001}","{""detection_events"":475,""detectors_checked"":917504}"
    329728,         0,         0,    4.20,exact_mw,cdc4a450a40af8e24899239080e4c40992fb5baf91c5a31ab3a165eacb3a1ab3,"{""distance"":5,""physical_error_rate"":0.0002}","{""detection_events"":65644,""detectors_checked"":73859072}"
    361472,         0,         0,    4.22,exact_mw,cdc4a450a40af8e24899239080e4c40992fb5baf91c5a31ab3a165eacb3a1ab3,"{""distance"":5,""physical_error_rate"":0.0002}","{""detection_events"":70805,""detectors_checked"":80969728}"
      5120,         0,         0,   0.090,exact_mw,70a969f5042aec17ac076c6379f4170fb7c69b8e925756ef3b7334e28a33338b,"{""distance"":5,""physical_error_rate"":0.0001}","{""detection_events"":589,""detectors_checked"":1146880}"
     75776,         0,         0,   0.787,exact_mw,f32ebecd8e105e50ec838d33c5ed9b45444b6b44a3c6ac541111079f2b14e893,"{""distance"":5,""physical_error_rate"":5e-05}","{""detection_events"":3820,""detectors_checked"":16973824}"
      7168,         0,         0,   0.120,exact_mw,70a969f5042aec17ac076c6379f4170fb7c69b8e925756ef3b7334e28a33338b,"{""distance"":5,""physical_error_rate"":0.0001}","{""detection_events"":696,""detectors_checked"":1605632}"
    156672,         0,         0,    2.17,exact_mw,cdc4a450a40af8e24899239080e4c40992fb5baf91c5a31ab3a165eacb3a1ab3,"{""distance"":5,""physical_error_rate"":0.0002}","{""detection_events"":30701,""detectors_checked"":35094528}"
    342016,         0,         0,    4.25,exact_mw,f32ebecd8e105e50ec838d33c5ed9b45444b6b44a3c6ac541111079f2b14e893,"{""distance"":5,""physical_error_rate"":5e-05}","{""detection_events"":17363,""detectors_checked"":76611584}"
     96256,         0,         0,    4.27,exact_mw,70a969f5042aec17ac076c6379f4170fb7c69b8e925756ef3b7334e28a33338b,"{""distance"":5,""physical_error_rate"":0.0001}","{""detection_events"":9723,""detectors_checked"":21561344}"
      9216,         0,         0,   0.149,exact_mw,70a969f5042aec17ac076c6379f4170fb7c69b8e925756ef3b7334e28a33338b,"{""distance"":5,""physical_error_rate"":0.0001}","{""detection_events"":894,""detectors_checked"":2064384}"
    101376,         0,         0,    3.04,exact_mw,f32ebecd8e105e50ec838d33c5ed9b45444b6b44a3c6ac541111079f2b14e893,"{""distance"":5,""physical_error_rate"":5e-05}","{""detection_events"":5100,""detectors_checked"":22708224}"
     12288,         0,         0,   0.184,exact_mw,70a969f5042aec17ac076c6379f4170fb7c69b8e925756ef3b7334e28a33338b,"{""distance"":5,""physical_error_rate"":0.0001}","{""detection_events"":1237,""detectors_checked"":2752512}"
     17408,         0,         0,   0.298,exact_mw,70a969f5042aec17ac076c6379f4170fb7c69b8e925756ef3b7334e28a33338b,"{""distance"":5,""physical_error_rate"":0.0001}","{""detection_events"":1665,""detectors_checked"":3899392}"
    266240,         0,         0,    4.17,exact_mw,cdc4a450a40af8e24899239080e4c40992fb5baf91c5a31ab3a165eacb3a1ab3,"{""distance"":5,""physical_error_rate"":0.0002}","{""detection_events"":51752,""detectors_checked"":59637760}"
    234496,         0,         0,    4.18,exact_mw,cb12ae119b9b2ba18d0216e7235b403229e92fd0743ede48fe7f1a2c6f45d594,"{""distance"":5,""physical_error_rate"":0.0005}","{""detection_events"":115640,""detectors_checked"":52527104}"
    102400,         0,         0,    1.11,exact_mw,f32ebecd8e105e50ec838d33c5ed9b45444b6b44a3c6ac541111079f2b14e893,"{""distance"":5,""physical_error_rate"":5e-05}","{""detection_events"":4867,""detectors_checked"":22937600}"
     25600,         0,         0,   0.420,exact_mw,70a969f5042aec17ac076c6379f4170fb7c69b8e925756ef3b7334e28a33338b,"{""distance"":5,""physical_error_rate"":0.0001}","{""detection_events"":2407,""detectors_checked"":5734400}"
    200704,         0,         0,    2.16,exact_mw,f32ebecd8e105e50ec838d33c5ed9b45444b6b44a3c6ac541111079f2b14e893,"{""distance"":5,""physical_error_rate"":5e-05}","{""detection_events"":10018,""detectors_checked"":44957696}"
    142336,         0,         0,    1.56,exact_mw,f32ebecd8e105e50ec838d33c5ed9b45444b6b44a3c6ac541111079f2b14e893,"{""distance"":5,""physical_error_rate"":5e-05}","{""detection_events"":7229,""detectors_checked"":31883264}"
    106496,         0,         0,    4.29,exact_mw,cb12ae119b9b2ba18d0216e7235b403229e92fd0743ede48fe7f1a2c6f45d594,"{""distance"":5,""physical_error_rate"":0.0005}","{""detection_events"":52292,""detectors_checked"":23855104}"
   9716736,         1,         0,   118.2,exact_mw,cdc4a450a40af8e24899239080e4c40992fb5baf91c5a31ab3a165eacb3a1ab3,"{""distance"":5,""physical_error_rate"":0.0002}","{""detection_events"":1912475,""detectors_checked"":2176548864,""obs_mistake_mask=E"":1}"
      1297,         0,         0,   0.103,exact_mw,cb12ae119b9b2ba18d0216e7235b403229e92fd0743ede48fe7f1a2c6f45d594,"{""distance"":5,""physical_error_rate"":0.0005}","{""detection_events"":650,""detectors_checked"":290528}"
      1024,         0,         0,   0.052,exact_mw,cb12ae119b9b2ba18d0216e7235b403229e92fd0743ede48fe7f1a2c6f45d594,"{""distance"":5,""physical_error_rate"":0.0005}","{""detection_events"":494,""detectors_checked"":229376}"
     33792,         0,         0,   0.543,exact_mw,70a969f5042aec17ac076c6379f4170fb7c69b8e925756ef3b7334e28a33338b,"{""distance"":5,""physical_error_rate"":0.0001}","{""detection_events"":3512,""detectors_checked"":7569408}"
    197632,         0,         0,    4.16,exact_mw,cb12ae119b9b2ba18d0216e7235b403229e92fd0743ede48fe7f1a2c6f45d594,"{""distance"":5,""physical_error_rate"":0.0005}","{""detection_events"":97260,""detectors_checked"":44269568}"
      1024,         0,         0,   0.051,exact_mw,cb12ae119b9b2ba18d0216e7235b403229e92fd0743ede48fe7f1a2c6f45d594,"{""distance"":5,""physical_error_rate"":0.0005}","{""detection_events"":502,""detectors_checked"":229376}"
    267264,         0,         0,    4.16,exact_mw,70a969f5042aec17ac076c6379f4170fb7c69b8e925756ef3b7334e28a33338b,"{""distance"":5,""physical_error_rate"":0.0001}","{""detection_events"":25997,""detectors_checked"":59867136}"
      1024,         0,         0,   0.052,exact_mw,cb12ae119b9b2ba18d0216e7235b403229e92fd0743ede48fe7f1a2c6f45d594,"{""distance"":5,""physical_error_rate"":0.0005}","{""detection_events"":502,""detectors_checked"":229376}"
     91136,         0,         0,    2.92,exact_mw,cb12ae119b9b2ba18d0216e7235b403229e92fd0743ede48fe7f1a2c6f45d594,"{""distance"":5,""physical_error_rate"":0.0005}","{""detection_events"":44772,""detectors_checked"":20414464}"
      1024,         0,         0,   0.052,exact_mw,cb12ae119b9b2ba18d0216e7235b403229e92fd0743ede48fe7f1a2c6f45d594,"{""distance"":5,""physical_error_rate"":0.0005}","{""detection_events"":457,""detectors_checked"":229376}"
    118784,         0,         0,    3.02,exact_mw,cdc4a450a40af8e24899239080e4c40992fb5baf91c5a31ab3a165eacb3a1ab3,"{""distance"":5,""physical_error_rate"":0.0002}","{""detection_events"":23718,""detectors_checked"":26607616}"
     82944,         0,         0,    4.23,exact_mw,cb12ae119b9b2ba18d0216e7235b403229e92fd0743ede48fe7f1a2c6f45d594,"{""distance"":5,""physical_error_rate"":0.0005}","{""detection_events"":40056,""detectors_checked"":18579456}"
      2048,         0,         0,   0.104,exact_mw,cb12ae119b9b2ba18d0216e7235b403229e92fd0743ede48fe7f1a2c6f45d594,"{""distance"":5,""physical_error_rate"":0.0005}","{""detection_events"":940,""detectors_checked"":458752}"
    371712,         0,         0,    4.18,exact_mw,70a969f5042aec17ac076c6379f4170fb7c69b8e925756ef3b7334e28a33338b,"{""distance"":5,""physical_error_rate"":0.0001}","{""detection_events"":36401,""detectors_checked"":83263488}"
      2048,         0,         0,   0.105,exact_mw,cb12ae119b9b2ba18d0216e7235b403229e92fd0743ede48fe7f1a2c6f45d594,"{""distance"":5,""physical_error_rate"":0.0005}","{""detection_events"":934,""detectors_checked"":458752}"
    100352,         0,         0,    3.08,exact_mw,70a969f5042aec17ac076c6379f4170fb7c69b8e925756ef3b7334e28a33338b,"{""distance"":5,""physical_error_rate"":0.0001}","{""detection_events"":9798,""detectors_checked"":22478848}"
    270336,         0,         0,    3.05,exact_mw,cdc4a450a40af8e24899239080e4c40992fb5baf91c5a31ab3a165eacb3a1ab3,"{""distance"":5,""physical_error_rate"":0.0002}","{""detection_events"":53321,""detectors_checked"":60555264}"
      2048,         0,         0,   0.155,exact_mw,cb12ae119b9b2ba18d0216e7235b403229e92fd0743ede48fe7f1a2c6f45d594,"{""distance"":5,""physical_error_rate"":0.0005}","{""detection_events"":1029,""detectors_checked"":458752}"
    366592,         0,         0,    4.23,exact_mw,70a969f5042aec17ac076c6379f4170fb7c69b8e925756ef3b7334e28a33338b,"{""distance"":5,""physical_error_rate"":0.0001}","{""detection_events"":35501,""detectors_checked"":82116608}"
      4096,         0,         0,   0.205,exact_mw,cb12ae119b9b2ba18d0216e7235b403229e92fd0743ede48fe7f1a2c6f45d594,"{""distance"":5,""physical_error_rate"":0.0005}","{""detection_events"":1855,""detectors_checked"":917504}"
     48128,         0,         0,   0.801,exact_mw,70a969f5042aec17ac076c6379f4170fb7c69b8e925756ef3b7334e28a33338b,"{""distance"":5,""physical_error_rate"":0.0001}","{""detection_events"":4849,""detectors_checked"":10780672}"
      5120,         0,         0,   0.260,exact_mw,cb12ae119b9b2ba18d0216e7235b403229e92fd0743ede48fe7f1a2c6f45d594,"{""distance"":5,""physical_error_rate"":0.0005}","{""detection_events"":2415,""detectors_checked"":1146880}"
    144384,         0,         0,    1.55,exact_mw,f32ebecd8e105e50ec838d33c5ed9b45444b6b44a3c6ac541111079f2b14e893,"{""distance"":5,""physical_error_rate"":5e-05}","{""detection_events"":7141,""detectors_checked"":32342016}"
     99328,         0,         0,    3.08,exact_mw,cdc4a450a40af8e24899239080e4c40992fb5baf91c5a31ab3a165eacb3a1ab3,"{""distance"":5,""physical_error_rate"":0.0002}","{""detection_events"":19735,""detectors_checked"":22249472}"
    222208,         0,         0,    3.00,exact_mw,f32ebecd8e105e50ec838d33c5ed9b45444b6b44a3c6ac541111079f2b14e893,"{""distance"":5,""physical_error_rate"":5e-05}","{""detection_events"":11063,""detectors_checked"":49774592}"
   6217728,         0,         0,    87.1,exact_mw,cb12ae119b9b2ba18d0216e7235b403229e92fd0743ede48fe7f1a2c6f45d594,"{""distance"":5,""physical_error_rate"":0.0005}","{""detection_events"":3059702,""detectors_checked"":1392771072}"
      7168,         0,         0,   0.313,exact_mw,cb12ae119b9b2ba18d0216e7235b403229e92fd0743ede48fe7f1a2c6f45d594,"{""distance"":5,""physical_error_rate"":0.0005}","{""detection_events"":3529,""detectors_checked"":1605632}"
    216064,         0,         0,    3.00,exact_mw,cdc4a450a40af8e24899239080e4c40992fb5baf91c5a31ab3a165eacb3a1ab3,"{""distance"":5,""physical_error_rate"":0.0002}","{""detection_events"":42496,""detectors_checked"":48398336}"
      8192,         0,         0,   0.417,exact_mw,cb12ae119b9b2ba18d0216e7235b403229e92fd0743ede48fe7f1a2c6f45d594,"{""distance"":5,""physical_error_rate"":0.0005}","{""detection_events"":4100,""detectors_checked"":1835008}"
    201728,         0,         0,    2.16,exact_mw,f32ebecd8e105e50ec838d33c5ed9b45444b6b44a3c6ac541111079f2b14e893,"{""distance"":5,""physical_error_rate"":5e-05}","{""detection_events"":10055,""detectors_checked"":45187072}"
     67584,         0,         0,    1.08,exact_mw,70a969f5042aec17ac076c6379f4170fb7c69b8e925756ef3b7334e28a33338b,"{""distance"":5,""physical_error_rate"":0.0001}","{""detection_events"":6514,""detectors_checked"":15138816}"
   8406622,         0,         0,    57.0,exact_mw,f32ebecd8e105e50ec838d33c5ed9b45444b6b44a3c6ac541111079f2b14e893,"{""distance"":5,""physical_error_rate"":5e-05}","{""detection_events"":415258,""detectors_checked"":1883083328}"
     10240,         0,         0,   0.570,exact_mw,cb12ae119b9b2ba18d0216e7235b403229e92fd0743ede48fe7f1a2c6f45d594,"{""distance"":5,""physical_error_rate"":0.0005}","{""detection_events"":5237,""detectors_checked"":2293760}"
    278528,         0,         0,    3.03,exact_mw,f32ebecd8e105e50ec838d33c5ed9b45444b6b44a3c6ac541111079f2b14e893,"{""distance"":5,""physical_error_rate"":5e-05}","{""detection_events"":13668,""detectors_checked"":62390272}"
    142336,         0,         0,    4.26,exact_mw,f32ebecd8e105e50ec838d33c5ed9b45444b6b44a3c6ac541111079f2b14e893,"{""distance"":5,""physical_error_rate"":5e-05}","{""detection_events"":7010,""detectors_checked"":31883264}"
     14336,         0,         0,   0.817,exact_mw,cb12ae119b9b2ba18d0216e7235b403229e92fd0743ede48fe7f1a2c6f45d594,"{""distance"":5,""physical_error_rate"":0.0005}","{""detection_events"":7076,""detectors_checked"":3211264}"
    524288,         1,         0,    5.90,exact_mw,cb12ae119b9b2ba18d0216e7235b403229e92fd0743ede48fe7f1a2c6f45d594,"{""distance"":5,""physical_error_rate"":0.0005}","{""detection_events"":258431,""detectors_checked"":117440512,""obs_mistake_mask=E"":1}"
    199680,         0,         0,    2.18,exact_mw,f32ebecd8e105e50ec838d33c5ed9b45444b6b44a3c6ac541111079f2b14e893,"{""distance"":5,""physical_error_rate"":5e-05}","{""detection_events"":9777,""detectors_checked"":44728320}"
    115712,         0,         0,    1.53,exact_mw,70a969f5042aec17ac076c6379f4170fb7c69b8e925756ef3b7334e28a33338b,"{""distance"":5,""physical_error_rate"":0.0001}","{""detection_events"":11400,""detectors_checked"":25919488}"
   6384640,         0,         0,    87.3,exact_mw,70a969f5042aec17ac076c6379f4170fb7c69b8e925756ef3b7334e28a33338b,"{""distance"":5,""physical_error_rate"":0.0001}","{""detection_events"":630038,""detectors_checked"":1430159360}"
    348160,         0,         0,    5.96,exact_mw,cdc4a450a40af8e24899239080e4c40992fb5baf91c5a31ab3a165eacb3a1ab3,"{""distance"":5,""physical_error_rate"":0.0002}","{""detection_events"":68937,""detectors_checked"":77987840}"
    506880,         0,         0,    5.89,exact_mw,cdc4a450a40af8e24899239080e4c40992fb5baf91c5a31ab3a165eacb3a1ab3,"{""distance"":5,""physical_error_rate"":0.0002}","{""detection_events"":99882,""detectors_checked"":113541120}"
     16384,         0,         0,    1.15,exact_mw,cb12ae119b9b2ba18d0216e7235b403229e92fd0743ede48fe7f1a2c6f45d594,"{""distance"":5,""physical_error_rate"":0.0005}","{""detection_events"":8411,""detectors_checked"":3670016}"
    131072,         0,         0,    4.24,exact_mw,cb12ae119b9b2ba18d0216e7235b403229e92fd0743ede48fe7f1a2c6f45d594,"{""distance"":5,""physical_error_rate"":0.0005}","{""detection_events"":63803,""detectors_checked"":29360128}"
    431104,         0,         0,    5.96,exact_mw,f32ebecd8e105e50ec838d33c5ed9b45444b6b44a3c6ac541111079f2b14e893,"{""distance"":5,""physical_error_rate"":5e-05}","{""detection_events"":21355,""detectors_checked"":96567296}"
    153600,         0,         0,    5.94,exact_mw,70a969f5042aec17ac076c6379f4170fb7c69b8e925756ef3b7334e28a33338b,"{""distance"":5,""physical_error_rate"":0.0001}","{""detection_events"":15365,""detectors_checked"":34406400}"
    167936,         0,         0,    4.20,exact_mw,cdc4a450a40af8e24899239080e4c40992fb5baf91c5a31ab3a165eacb3a1ab3,"{""distance"":5,""physical_error_rate"":0.0002}","{""detection_events"":33597,""detectors_checked"":37617664}"
    142336,         0,         0,    4.30,exact_mw,70a969f5042aec17ac076c6379f4170fb7c69b8e925756ef3b7334e28a33338b,"{""distance"":5,""physical_error_rate"":0.0001}","{""detection_events"":14232,""detectors_checked"":31883264}"
    378880,         0,         0,    4.27,exact_mw,cdc4a450a40af8e24899239080e4c40992fb5baf91c5a31ab3a165eacb3a1ab3,"{""distance"":5,""physical_error_rate"":0.0002}","{""detection_events"":74346,""detectors_checked"":84869120}"
    281600,         0,         0,    3.05,exact_mw,f32ebecd8e105e50ec838d33c5ed9b45444b6b44a3c6ac541111079f2b14e893,"{""distance"":5,""physical_error_rate"":5e-05}","{""detection_events"":13931,""detectors_checked"":63078400}"
    430080,         0,         0,    5.98,exact_mw,cdc4a450a40af8e24899239080e4c40992fb5baf91c5a31ab3a165eacb3a1ab3,"{""distance"":5,""physical_error_rate"":0.0002}","{""detection_events"":84324,""detectors_checked"":96337920}"
    314368,         0,         0,    5.94,exact_mw,cb12ae119b9b2ba18d0216e7235b403229e92fd0743ede48fe7f1a2c6f45d594,"{""distance"":5,""physical_error_rate"":0.0005}","{""detection_events"":155396,""detectors_checked"":70418432}"
    138240,         0,         0,    4.27,exact_mw,cdc4a450a40af8e24899239080e4c40992fb5baf91c5a31ab3a165eacb3a1ab3,"{""distance"":5,""physical_error_rate"":0.0002}","{""detection_events"":27431,""detectors_checked"":30965760}"
    309248,         0,         0,    4.21,exact_mw,f32ebecd8e105e50ec838d33c5ed9b45444b6b44a3c6ac541111079f2b14e893,"{""distance"":5,""physical_error_rate"":5e-05}","{""detection_events"":15292,""detectors_checked"":69271552}"
    107520,         0,         0,    5.99,exact_mw,cb12ae119b9b2ba18d0216e7235b403229e92fd0743ede48fe7f1a2c6f45d594,"{""distance"":5,""physical_error_rate"":0.0005}","{""detection_events"":53014,""detectors_checked"":24084480}"
    199680,         0,         0,    2.16,exact_mw,70a969f5042aec17ac076c6379f4170fb7c69b8e925756ef3b7334e28a33338b,"{""distance"":5,""physical_error_rate"":0.0001}","{""detection_events"":19528,""detectors_checked"":44728320}"
    302080,         0,         0,    4.22,exact_mw,cdc4a450a40af8e24899239080e4c40992fb5baf91c5a31ab3a165eacb3a1ab3,"{""distance"":5,""physical_error_rate"":0.0002}","{""detection_events"":59357,""detectors_checked"":67665920}"
     23552,         1,         0,    1.59,exact_mw,cb12ae119b9b2ba18d0216e7235b403229e92fd0743ede48fe7f1a2c6f45d594,"{""distance"":5,""physical_error_rate"":0.0005}","{""detection_events"":11777,""detectors_checked"":5275648,""obs_mistake_mask=E"":1}"
   3709952,         0,         0,    87.3,exact_mw,f32ebecd8e105e50ec838d33c5ed9b45444b6b44a3c6ac541111079f2b14e893,"{""distance"":5,""physical_error_rate"":5e-05}","{""detection_events"":182494,""detectors_checked"":831029248}"
    276480,         0,         0,    5.93,exact_mw,cb12ae119b9b2ba18d0216e7235b403229e92fd0743ede48fe7f1a2c6f45d594,"{""distance"":5,""physical_error_rate"":0.0005}","{""detection_events"":136010,""detectors_checked"":61931520}"
    384000,         0,         0,    5.92,exact_mw,70a969f5042aec17ac076c6379f4170fb7c69b8e925756ef3b7334e28a33338b,"{""distance"":5,""physical_error_rate"":0.0001}","{""detection_events"":38057,""detectors_checked"":86016000}"
    278528,         0,         0,    3.04,exact_mw,f32ebecd8e105e50ec838d33c5ed9b45444b6b44a3c6ac541111079f2b14e893,"{""distance"":5,""physical_error_rate"":5e-05}","{""detection_events"":13850,""detectors_checked"":62390272}"
    107520,         0,         0,    5.93,exact_mw,cb12ae119b9b2ba18d0216e7235b403229e92fd0743ede48fe7f1a2c6f45d594,"{""distance"":5,""physical_error_rate"":0.0005}","{""detection_events"":52821,""detectors_checked"":24084480}"
    523264,         0,         0,    5.82,exact_mw,70a969f5042aec17ac076c6379f4170fb7c69b8e925756ef3b7334e28a33338b,"{""distance"":5,""physical_error_rate"":0.0001}","{""detection_events"":50971,""detectors_checked"":117211136}"
    514048,         0,         0,    5.90,exact_mw,70a969f5042aec17ac076c6379f4170fb7c69b8e925756ef3b7334e28a33338b,"{""distance"":5,""physical_error_rate"":0.0001}","{""detection_events"":51082,""detectors_checked"":115146752}"
    387072,         0,         0,    4.22,exact_mw,f32ebecd8e105e50ec838d33c5ed9b45444b6b44a3c6ac541111079f2b14e893,"{""distance"":5,""physical_error_rate"":5e-05}","{""detection_events"":19050,""detectors_checked"":86704128}"
     35840,         0,         0,    2.24,exact_mw,cb12ae119b9b2ba18d0216e7235b403229e92fd0743ede48fe7f1a2c6f45d594,"{""distance"":5,""physical_error_rate"":0.0005}","{""detection_events"":17362,""detectors_checked"":8028160}"
    278528,         0,         0,    3.04,exact_mw,70a969f5042aec17ac076c6379f4170fb7c69b8e925756ef3b7334e28a33338b,"{""distance"":5,""physical_error_rate"":0.0001}","{""detection_events"":28025,""detectors_checked"":62390272}"
    197632,         0,         0,    5.98,exact_mw,f32ebecd8e105e50ec838d33c5ed9b45444b6b44a3c6ac541111079f2b14e893,"{""distance"":5,""physical_error_rate"":5e-05}","{""detection_events"":9750,""detectors_checked"":44269568}"
    391168,         0,         0,    4.27,exact_mw,f32ebecd8e105e50ec838d33c5ed9b45444b6b44a3c6ac541111079f2b14e893,"{""distance"":5,""physical_error_rate"":5e-05}","{""detection_events"":19399,""detectors_checked"":87621632}"
    159744,         0,         0,    5.97,exact_mw,cb12ae119b9b2ba18d0216e7235b403229e92fd0743ede48fe7f1a2c6f45d594,"{""distance"":5,""physical_error_rate"":0.0005}","{""detection_events"":79511,""detectors_checked"":35782656}"
    389120,         0,         0,    4.22,exact_mw,f32ebecd8e105e50ec838d33c5ed9b45444b6b44a3c6ac541111079f2b14e893,"{""distance"":5,""physical_error_rate"":5e-05}","{""detection_events"":18835,""detectors_checked"":87162880}"
    203776,         0,         0,    5.99,exact_mw,cdc4a450a40af8e24899239080e4c40992fb5baf91c5a31ab3a165eacb3a1ab3,"{""distance"":5,""physical_error_rate"":0.0002}","{""detection_events"":39765,""detectors_checked"":45645824}"
    198656,         0,         0,    5.96,exact_mw,70a969f5042aec17ac076c6379f4170fb7c69b8e925756ef3b7334e28a33338b,"{""distance"":5,""physical_error_rate"":0.0001}","{""detection_events"":19582,""detectors_checked"":44498944}"
    533504,         0,         0,    5.97,exact_mw,cdc4a450a40af8e24899239080e4c40992fb5baf91c5a31ab3a165eacb3a1ab3,"{""distance"":5,""physical_error_rate"":0.0002}","{""detection_events"":104609,""detectors_checked"":119504896}"
     59392,         0,         0,    3.06,exact_mw,cb12ae119b9b2ba18d0216e7235b403229e92fd0743ede48fe7f1a2c6f45d594,"{""distance"":5,""physical_error_rate"":0.0005}","{""detection_events"":29208,""detectors_checked"":13303808}"
    191488,         0,         0,    5.85,exact_mw,cdc4a450a40af8e24899239080e4c40992fb5baf91c5a31ab3a165eacb3a1ab3,"{""distance"":5,""physical_error_rate"":0.0002}","{""detection_events"":38399,""detectors_checked"":42893312}"
    432128,         0,         0,    5.90,exact_mw,f32ebecd8e105e50ec838d33c5ed9b45444b6b44a3c6ac541111079f2b14e893,"{""distance"":5,""physical_error_rate"":5e-05}","{""detection_events"":21275,""detectors_checked"":96796672}"
    717824,         0,         0,    8.32,exact_mw,cb12ae119b9b2ba18d0216e7235b403229e92fd0743ede48fe7f1a2c6f45d594,"{""distance"":5,""physical_error_rate"":0.0005}","{""detection_events"":354018,""detectors_checked"":160792576}"
    423936,         0,         0,    5.91,exact_mw,cdc4a450a40af8e24899239080e4c40992fb5baf91c5a31ab3a165eacb3a1ab3,"{""distance"":5,""physical_error_rate"":0.0002}","{""detection_events"":83385,""detectors_checked"":94961664}"
   1051648,         0,         0,    8.26,exact_mw,cdc4a450a40af8e24899239080e4c40992fb5baf91c5a31ab3a165eacb3a1ab3,"{""distance"":5,""physical_error_rate"":0.0002}","{""detection_events"":205514,""detectors_checked"":235569152}"
    694272,         0,         0,    8.25,exact_mw,cdc4a450a40af8e24899239080e4c40992fb5baf91c5a31ab3a165eacb3a1ab3,"{""distance"":5,""physical_error_rate"":0.0002}","{""detection_events"":137218,""detectors_checked"":155516928}"
    603136,         0,         0,    8.27,exact_mw,f32ebecd8e105e50ec838d33c5ed9b45444b6b44a3c6ac541111079f2b14e893,"{""distance"":5,""physical_error_rate"":5e-05}","{""detection_events"":29569,""detectors_checked"":135102464}"
    542720,         0,         0,    5.96,exact_mw,f32ebecd8e105e50ec838d33c5ed9b45444b6b44a3c6ac541111079f2b14e893,"{""distance"":5,""physical_error_rate"":5e-05}","{""detection_events"":27333,""detectors_checked"":121569280}"
    200704,         0,         0,    8.32,exact_mw,70a969f5042aec17ac076c6379f4170fb7c69b8e925756ef3b7334e28a33338b,"{""distance"":5,""physical_error_rate"":0.0001}","{""detection_events"":19611,""detectors_checked"":44957696}"
   8081099,         0,         0,   112.2,exact_mw,f32ebecd8e105e50ec838d33c5ed9b45444b6b44a3c6ac541111079f2b14e893,"{""distance"":5,""physical_error_rate"":5e-05}","{""detection_events"":399329,""detectors_checked"":1810166176}"
    389120,         0,         0,    4.27,exact_mw,70a969f5042aec17ac076c6379f4170fb7c69b8e925756ef3b7334e28a33338b,"{""distance"":5,""physical_error_rate"":0.0001}","{""detection_events"":37866,""detectors_checked"":87162880}"
    744448,         0,         0,    8.32,exact_mw,cdc4a450a40af8e24899239080e4c40992fb5baf91c5a31ab3a165eacb3a1ab3,"{""distance"":5,""physical_error_rate"":0.0002}","{""detection_events"":146479,""detectors_checked"":166756352}"
    442368,         0,         0,    8.35,exact_mw,cb12ae119b9b2ba18d0216e7235b403229e92fd0743ede48fe7f1a2c6f45d594,"{""distance"":5,""physical_error_rate"":0.0005}","{""detection_events"":217209,""detectors_checked"":99090432}"
    193536,         0,         0,    8.37,exact_mw,cb12ae119b9b2ba18d0216e7235b403229e92fd0743ede48fe7f1a2c6f45d594,"{""distance"":5,""physical_error_rate"":0.0005}","{""detection_events"":96080,""detectors_checked"":43352064}"
   7560629,         0,         0,    49.6,exact_mw,f32ebecd8e105e50ec838d33c5ed9b45444b6b44a3c6ac541111079f2b14e893,"{""distance"":5,""physical_error_rate"":5e-05}","{""detection_events"":372937,""detectors_checked"":1693580896}"
   7462912,         0,         0,    79.8,exact_mw,f32ebecd8e105e50ec838d33c5ed9b45444b6b44a3c6ac541111079f2b14e893,"{""distance"":5,""physical_error_rate"":5e-05}","{""detection_events"":367134,""detectors_checked"":1671692288}"
    394240,         0,         0,    8.29,exact_mw,cb12ae119b9b2ba18d0216e7235b403229e92fd0743ede48fe7f1a2c6f45d594,"{""distance"":5,""physical_error_rate"":0.0005}","{""detection_events"":193437,""detectors_checked"":88309760}"
    528384,         0,         0,    8.24,exact_mw,70a969f5042aec17ac076c6379f4170fb7c69b8e925756ef3b7334e28a33338b,"{""distance"":5,""physical_error_rate"":0.0001}","{""detection_events"":52778,""detectors_checked"":118358016}"
    143360,         1,         0,    8.25,exact_mw,cb12ae119b9b2ba18d0216e7235b403229e92fd0743ede48fe7f1a2c6f45d594,"{""distance"":5,""physical_error_rate"":0.0005}","{""detection_events"":71432,""detectors_checked"":32112640,""obs_mistake_mask=E"":1}"
    733184,         0,         0,    8.19,exact_mw,70a969f5042aec17ac076c6379f4170fb7c69b8e925756ef3b7334e28a33338b,"{""distance"":5,""physical_error_rate"":0.0001}","{""detection_events"":72130,""detectors_checked"":164233216}"
    734208,         0,         0,    8.32,exact_mw,70a969f5042aec17ac076c6379f4170fb7c69b8e925756ef3b7334e28a33338b,"{""distance"":5,""physical_error_rate"":0.0001}","{""detection_events"":72399,""detectors_checked"":164462592}"
    533504,         0,         0,    5.88,exact_mw,f32ebecd8e105e50ec838d33c5ed9b45444b6b44a3c6ac541111079f2b14e893,"{""distance"":5,""physical_error_rate"":5e-05}","{""detection_events"":26380,""detectors_checked"":119504896}"
     81920,         0,         0,    4.29,exact_mw,cb12ae119b9b2ba18d0216e7235b403229e92fd0743ede48fe7f1a2c6f45d594,"{""distance"":5,""physical_error_rate"":0.0005}","{""detection_events"":40714,""detectors_checked"":18350080}"
    548864,         0,         0,    5.95,exact_mw,f32ebecd8e105e50ec838d33c5ed9b45444b6b44a3c6ac541111079f2b14e893,"{""distance"":5,""physical_error_rate"":5e-05}","{""detection_events"":27102,""detectors_checked"":122945536}"
   8289280,         0,         0,   118.8,exact_mw,cdc4a450a40af8e24899239080e4c40992fb5baf91c5a31ab3a165eacb3a1ab3,"{""distance"":5,""physical_error_rate"":0.0002}","{""detection_events"":1633495,""detectors_checked"":1856798720}"
    402432,         0,         0,    8.29,exact_mw,f32ebecd8e105e50ec838d33c5ed9b45444b6b44a3c6ac541111079f2b14e893,"{""distance"":5,""physical_error_rate"":5e-05}","{""detection_events"":19678,""detectors_checked"":90144768}"
   3275776,         0,         0,   118.8,exact_mw,70a969f5042aec17ac076c6379f4170fb7c69b8e925756ef3b7334e28a33338b,"{""distance"":5,""physical_error_rate"":0.0001}","{""detection_events"":322809,""detectors_checked"":733773824}"
  12655958,         0,         0,    80.5,exact_mw,cdc4a450a40af8e24899239080e4c40992fb5baf91c5a31ab3a165eacb3a1ab3,"{""distance"":5,""physical_error_rate"":0.0002}","{""detection_events"":2496134,""detectors_checked"":2834934592}"
   7087104,         9,         0,   118.9,exact_mw,cb12ae119b9b2ba18d0216e7235b403229e92fd0743ede48fe7f1a2c6f45d594,"{""distance"":5,""physical_error_rate"":0.0005}","{""detection_events"":3495218,""detectors_checked"":1587511296,""obs_mistake_mask=E"":9}"
    186368,         0,         0,    8.22,exact_mw,cb12ae119b9b2ba18d0216e7235b403229e92fd0743ede48fe7f1a2c6f45d594,"{""distance"":5,""physical_error_rate"":0.0005}","{""detection_events"":91861,""detectors_checked"":41746432}"
    245760,         0,         0,    8.36,exact_mw,cdc4a450a40af8e24899239080e4c40992fb5baf91c5a31ab3a165eacb3a1ab3,"{""distance"":5,""physical_error_rate"":0.0002}","{""detection_events"":48405,""detectors_checked"":55050240}"
    546816,         0,         0,    5.98,exact_mw,70a969f5042aec17ac076c6379f4170fb7c69b8e925756ef3b7334e28a33338b,"{""distance"":5,""physical_error_rate"":0.0001}","{""detection_events"":54208,""detectors_checked"":122486784}"
    292864,         0,         0,    8.38,exact_mw,70a969f5042aec17ac076c6379f4170fb7c69b8e925756ef3b7334e28a33338b,"{""distance"":5,""physical_error_rate"":0.0001}","{""detection_events"":28741,""detectors_checked"":65601536}"
    741376,         0,         0,    8.25,exact_mw,cdc4a450a40af8e24899239080e4c40992fb5baf91c5a31ab3a165eacb3a1ab3,"{""distance"":5,""physical_error_rate"":0.0002}","{""detection_events"":145635,""detectors_checked"":166068224}"
    284672,         0,         0,    8.36,exact_mw,cdc4a450a40af8e24899239080e4c40992fb5baf91c5a31ab3a165eacb3a1ab3,"{""distance"":5,""physical_error_rate"":0.0002}","{""detection_events"":56177,""detectors_checked"":63766528}"
   4771840,         3,         0,   118.4,exact_mw,cb12ae119b9b2ba18d0216e7235b403229e92fd0743ede48fe7f1a2c6f45d594,"{""distance"":5,""physical_error_rate"":0.0005}","{""detection_events"":2346691,""detectors_checked"":1068892160,""obs_mistake_mask=E"":3}"
    415744,         0,         0,    8.28,exact_mw,f32ebecd8e105e50ec838d33c5ed9b45444b6b44a3c6ac541111079f2b14e893,"{""distance"":5,""physical_error_rate"":5e-05}","{""detection_events"":20528,""detectors_checked"":93126656}"
    592896,         0,         0,    8.28,exact_mw,cdc4a450a40af8e24899239080e4c40992fb5baf91c5a31ab3a165eacb3a1ab3,"{""distance"":5,""physical_error_rate"":0.0002}","{""detection_events"":116775,""detectors_checked"":132808704}"
  11029504,         0,         0,   118.6,exact_mw,70a969f5042aec17ac076c6379f4170fb7c69b8e925756ef3b7334e28a33338b,"{""distance"":5,""physical_error_rate"":0.0001}","{""detection_events"":1087697,""detectors_checked"":2470608896}"
   7324359,         0,         0,    55.9,exact_mw,f32ebecd8e105e50ec838d33c5ed9b45444b6b44a3c6ac541111079f2b14e893,"{""distance"":5,""physical_error_rate"":5e-05}","{""detection_events"":362703,""detectors_checked"":1640656416}"
   7081984,         0,         0,    94.1,exact_mw,f32ebecd8e105e50ec838d33c5ed9b45444b6b44a3c6ac541111079f2b14e893,"{""distance"":5,""physical_error_rate"":5e-05}","{""detection_events"":350308,""detectors_checked"":1586364416}"
    761856,         0,         0,    8.32,exact_mw,f32ebecd8e105e50ec838d33c5ed9b45444b6b44a3c6ac541111079f2b14e893,"{""distance"":5,""physical_error_rate"":5e-05}","{""detection_events"":37994,""detectors_checked"":170655744}"
    128000,         0,         0,    5.99,exact_mw,cb12ae119b9b2ba18d0216e7235b403229e92fd0743ede48fe7f1a2c6f45d594,"{""distance"":5,""physical_error_rate"":0.0005}","{""detection_events"":62566,""detectors_checked"":28672000}"
   4661248,         0,         0,   118.9,exact_mw,f32ebecd8e105e50ec838d33c5ed9b45444b6b44a3c6ac541111079f2b14e893,"{""distance"":5,""physical_error_rate"":5e-05}","{""detection_events"":231242,""detectors_checked"":1044119552}"
   6548480,         0,         0,   118.4,exact_mw,f32ebecd8e105e50ec838d33c5ed9b45444b6b44a3c6ac541111079f2b14e893,"{""distance"":5,""physical_error_rate"":5e-05}","{""detection_events"":323176,""detectors_checked"":1466859520}"
   1015808,         0,         0,    11.6,exact_mw,cb12ae119b9b2ba18d0216e7235b403229e92fd0743ede48fe7f1a2c6f45d594,"{""distance"":5,""physical_error_rate"":0.0005}","{""detection_events"":502147,""detectors_checked"":227540992}"
    611328,         0,         0,    8.28,exact_mw,f32ebecd8e105e50ec838d33c5ed9b45444b6b44a3c6ac541111079f2b14e893,"{""distance"":5,""physical_error_rate"":5e-05}","{""detection_events"":30783,""detectors_checked"":136937472}"
   4236288,         0,         0,    11.6,exact_mw,cdc4a450a40af8e24899239080e4c40992fb5baf91c5a31ab3a165eacb3a1ab3,"{""distance"":5,""physical_error_rate"":0.0002}","{""detection_events"":838188,""detectors_checked"":948928512}"
   1096704,         0,         0,    11.4,exact_mw,cdc4a450a40af8e24899239080e4c40992fb5baf91c5a31ab3a165eacb3a1ab3,"{""distance"":5,""physical_error_rate"":0.0002}","{""detection_events"":217671,""detectors_checked"":245661696}"
    958464,         0,         0,    11.6,exact_mw,f32ebecd8e105e50ec838d33c5ed9b45444b6b44a3c6ac541111079f2b14e893,"{""distance"":5,""physical_error_rate"":5e-05}","{""detection_events"":46710,""detectors_checked"":214695936}"
    327680,         0,         0,    11.6,exact_mw,70a969f5042aec17ac076c6379f4170fb7c69b8e925756ef3b7334e28a33338b,"{""distance"":5,""physical_error_rate"":0.0001}","{""detection_events"":32490,""detectors_checked"":73400320}"
    765952,         0,         0,    8.33,exact_mw,f32ebecd8e105e50ec838d33c5ed9b45444b6b44a3c6ac541111079f2b14e893,"{""distance"":5,""physical_error_rate"":5e-05}","{""detection_events"":37617,""detectors_checked"":171573248}"
   1046528,         0,         0,    11.5,exact_mw,cdc4a450a40af8e24899239080e4c40992fb5baf91c5a31ab3a165eacb3a1ab3,"{""distance"":5,""physical_error_rate"":0.0002}","{""detection_events"":207772,""detectors_checked"":234422272}"
    624640,         0,         0,    11.6,exact_mw,cb12ae119b9b2ba18d0216e7235b403229e92fd0743ede48fe7f1a2c6f45d594,"{""distance"":5,""physical_error_rate"":0.0005}","{""detection_events"":307551,""detectors_checked"":139919360}"
    246784,         0,         0,    11.6,exact_mw,cb12ae119b9b2ba18d0216e7235b403229e92fd0743ede48fe7f1a2c6f45d594,"{""distance"":5,""physical_error_rate"":0.0005}","{""detection_events"":121535,""detectors_checked"":55279616}"
    547840,         0,         0,    11.6,exact_mw,cb12ae119b9b2ba18d0216e7235b403229e92fd0743ede48fe7f1a2c6f45d594,"{""distance"":5,""physical_error_rate"":0.0005}","{""detection_events"":269919,""detectors_checked"":122716160}"
    755712,         0,         0,    11.6,exact_mw,70a969f5042aec17ac076c6379f4170fb7c69b8e925756ef3b7334e28a33338b,"{""distance"":5,""physical_error_rate"":0.0001}","{""detection_events"":74256,""detectors_checked"":169279488}"
  13028079,         0,         0,   103.5,exact_mw,70a969f5042aec17ac076c6379f4170fb7c69b8e925756ef3b7334e28a33338b,"{""distance"":5,""physical_error_rate"":0.0001}","{""detection_events"":1284867,""detectors_checked"":2918289696}"
   5493760,         0,         0,    62.1,exact_mw,f32ebecd8e105e50ec838d33c5ed9b45444b6b44a3c6ac541111079f2b14e893,"{""distance"":5,""physical_error_rate"":5e-05}","{""detection_events"":271354,""detectors_checked"":1230602240}"
   1199104,         0,         0,    11.5,exact_mw,70a969f5042aec17ac076c6379f4170fb7c69b8e925756ef3b7334e28a33338b,"{""distance"":5,""physical_error_rate"":0.0001}","{""detection_events"":118590,""detectors_checked"":268599296}"
    217088,         1,         0,    11.6,exact_mw,cb12ae119b9b2ba18d0216e7235b403229e92fd0743ede48fe7f1a2c6f45d594,"{""distance"":5,""physical_error_rate"":0.0005}","{""detection_events"":107904,""detectors_checked"":48627712,""obs_mistake_mask=E"":1}"
   5022720,         0,         0,    62.1,exact_mw,cdc4a450a40af8e24899239080e4c40992fb5baf91c5a31ab3a165eacb3a1ab3,"{""distance"":5,""physical_error_rate"":0.0002}","{""detection_events"":989050,""detectors_checked"":1125089280}"
   7628800,         0,         0,    62.5,exact_mw,70a969f5042aec17ac076c6379f4170fb7c69b8e925756ef3b7334e28a33338b,"{""distance"":5,""physical_error_rate"":0.0001}","{""detection_events"":753739,""detectors_checked"":1708851200}"
   4947968,         0,         0,    62.4,exact_mw,70a969f5042aec17ac076c6379f4170fb7c69b8e925756ef3b7334e28a33338b,"{""distance"":5,""physical_error_rate"":0.0001}","{""detection_events"":487459,""detectors_checked"":1108344832}"
   1200128,         0,         0,    11.4,exact_mw,70a969f5042aec17ac076c6379f4170fb7c69b8e925756ef3b7334e28a33338b,"{""distance"":5,""physical_error_rate"":0.0001}","{""detection_events"":118925,""detectors_checked"":268828672}"
    764928,         0,         0,    8.30,exact_mw,70a969f5042aec17ac076c6379f4170fb7c69b8e925756ef3b7334e28a33338b,"{""distance"":5,""physical_error_rate"":0.0001}","{""detection_events"":76020,""detectors_checked"":171343872}"
   4330496,         0,         0,    62.3,exact_mw,cdc4a450a40af8e24899239080e4c40992fb5baf91c5a31ab3a165eacb3a1ab3,"{""distance"":5,""physical_error_rate"":0.0002}","{""detection_events"":854087,""detectors_checked"":970031104}"
   5271552,         3,         0,    62.2,exact_mw,cb12ae119b9b2ba18d0216e7235b403229e92fd0743ede48fe7f1a2c6f45d594,"{""distance"":5,""physical_error_rate"":0.0005}","{""detection_events"":2594870,""detectors_checked"":1180827648,""obs_mistake_mask=E"":3}"
   4851712,         0,         0,    62.0,exact_mw,f32ebecd8e105e50ec838d33c5ed9b45444b6b44a3c6ac541111079f2b14e893,"{""distance"":5,""physical_error_rate"":5e-05}","{""detection_events"":240756,""detectors_checked"":1086783488}"
   4612096,         0,         0,    62.2,exact_mw,f32ebecd8e105e50ec838d33c5ed9b45444b6b44a3c6ac541111079f2b14e893,"{""distance"":5,""physical_error_rate"":5e-05}","{""detection_events"":226648,""detectors_checked"":1033109504}"
   4989952,         0,         0,    62.2,exact_mw,cdc4a450a40af8e24899239080e4c40992fb5baf91c5a31ab3a165eacb3a1ab3,"{""distance"":5,""physical_error_rate"":0.0002}","{""detection_events"":983540,""detectors_checked"":1117749248}"
    856064,         0,         0,    11.6,exact_mw,f32ebecd8e105e50ec838d33c5ed9b45444b6b44a3c6ac541111079f2b14e893,"{""distance"":5,""physical_error_rate"":5e-05}","{""detection_events"":41415,""detectors_checked"":191758336}"
    182272,         0,         0,    8.37,exact_mw,cb12ae119b9b2ba18d0216e7235b403229e92fd0743ede48fe7f1a2c6f45d594,"{""distance"":5,""physical_error_rate"":0.0005}","{""detection_events"":88862,""detectors_checked"":40828928}"
   4063232,         0,         0,    62.4,exact_mw,70a969f5042aec17ac076c6379f4170fb7c69b8e925756ef3b7334e28a33338b,"{""distance"":5,""physical_error_rate"":0.0001}","{""detection_events"":398422,""detectors_checked"":910163968}"
    230400,         0,         0,    11.7,exact_mw,cb12ae119b9b2ba18d0216e7235b403229e92fd0743ede48fe7f1a2c6f45d594,"{""distance"":5,""physical_error_rate"":0.0005}","{""detection_events"":113380,""detectors_checked"":51609600}"
   4491264,         0,         0,    61.9,exact_mw,f32ebecd8e105e50ec838d33c5ed9b45444b6b44a3c6ac541111079f2b14e893,"{""distance"":5,""physical_error_rate"":5e-05}","{""detection_events"":221721,""detectors_checked"":1006043136}"
    306176,         0,         0,    11.5,exact_mw,cdc4a450a40af8e24899239080e4c40992fb5baf91c5a31ab3a165eacb3a1ab3,"{""distance"":5,""physical_error_rate"":0.0002}","{""detection_events"":60240,""detectors_checked"":68583424}"
    393216,         0,         0,    11.7,exact_mw,70a969f5042aec17ac076c6379f4170fb7c69b8e925756ef3b7334e28a33338b,"{""distance"":5,""physical_error_rate"":0.0001}","{""detection_events"":38839,""detectors_checked"":88080384}"
   2065408,         0,         0,    62.5,exact_mw,cb12ae119b9b2ba18d0216e7235b403229e92fd0743ede48fe7f1a2c6f45d594,"{""distance"":5,""physical_error_rate"":0.0005}","{""detection_events"":1016750,""detectors_checked"":462651392}"
    977920,         0,         0,    11.6,exact_mw,cdc4a450a40af8e24899239080e4c40992fb5baf91c5a31ab3a165eacb3a1ab3,"{""distance"":5,""physical_error_rate"":0.0002}","{""detection_events"":192891,""detectors_checked"":219054080}"
    379904,         0,         0,    11.6,exact_mw,cdc4a450a40af8e24899239080e4c40992fb5baf91c5a31ab3a165eacb3a1ab3,"{""distance"":5,""physical_error_rate"":0.0002}","{""detection_events"":74749,""detectors_checked"":85098496}"
   1990656,         0,         0,    11.6,exact_mw,f32ebecd8e105e50ec838d33c5ed9b45444b6b44a3c6ac541111079f2b14e893,"{""distance"":5,""physical_error_rate"":5e-05}","{""detection_events"":98092,""detectors_checked"":445906944}"
    813056,         0,         0,    11.6,exact_mw,cdc4a450a40af8e24899239080e4c40992fb5baf91c5a31ab3a165eacb3a1ab3,"{""distance"":5,""physical_error_rate"":0.0002}","{""detection_events"":161154,""detectors_checked"":182124544}"
   9047040,         0,         0,   118.6,exact_mw,cdc4a450a40af8e24899239080e4c40992fb5baf91c5a31ab3a165eacb3a1ab3,"{""distance"":5,""physical_error_rate"":0.0002}","{""detection_events"":1782469,""detectors_checked"":2026536960}"
    254385,         0,         0,    10.3,exact_mw,f32ebecd8e105e50ec838d33c5ed9b45444b6b44a3c6ac541111079f2b14e893,"{""distance"":5,""physical_error_rate"":5e-05}","{""detection_events"":12312,""detectors_checked"":56982240}"
   6252544,         0,         0,    93.5,exact_mw,f32ebecd8e105e50ec838d33c5ed9b45444b6b44a3c6ac541111079f2b14e893,"{""distance"":5,""physical_error_rate"":5e-05}","{""detection_events"":306800,""detectors_checked"":1400569856}"
   5477376,         0,         0,    94.7,exact_mw,f32ebecd8e105e50ec838d33c5ed9b45444b6b44a3c6ac541111079f2b14e893,"{""distance"":5,""physical_error_rate"":5e-05}","{""detection_events"":269098,""detectors_checked"":1226932224}"
   6062080,         0,         0,    97.8,exact_mw,f32ebecd8e105e50ec838d33c5ed9b45444b6b44a3c6ac541111079f2b14e893,"{""distance"":5,""physical_error_rate"":5e-05}","{""detection_events"":299598,""detectors_checked"":1357905920}"
   6082560,         0,         0,   107.3,exact_mw,f32ebecd8e105e50ec838d33c5ed9b45444b6b44a3c6ac541111079f2b14e893,"{""distance"":5,""physical_error_rate"":5e-05}","{""detection_events"":300058,""detectors_checked"":1362493440}"
   6381568,         0,         0,   105.2,exact_mw,f32ebecd8e105e50ec838d33c5ed9b45444b6b44a3c6ac541111079f2b14e893,"{""distance"":5,""physical_error_rate"":5e-05}","{""detection_events"":316510,""detectors_checked"":1429471232}"
   1054720,         0,         0,    11.6,exact_mw,f32ebecd8e105e50ec838d33c5ed9b45444b6b44a3c6ac541111079f2b14e893,"{""distance"":5,""physical_error_rate"":5e-05}","{""detection_events"":52271,""detectors_checked"":236257280}"
    860160,         0,         0,    11.7,exact_mw,f32ebecd8e105e50ec838d33c5ed9b45444b6b44a3c6ac541111079f2b14e893,"{""distance"":5,""physical_error_rate"":5e-05}","{""detection_events"":42796,""detectors_checked"":192675840}"
   1068032,         0,         0,    11.6,exact_mw,f32ebecd8e105e50ec838d33c5ed9b45444b6b44a3c6ac541111079f2b14e893,"{""distance"":5,""physical_error_rate"":5e-05}","{""detection_events"":53100,""detectors_checked"":239239168}"
   4366336,         0,         0,    62.3,exact_mw,cdc4a450a40af8e24899239080e4c40992fb5baf91c5a31ab3a165eacb3a1ab3,"{""distance"":5,""physical_error_rate"":0.0002}","{""detection_events"":862099,""detectors_checked"":978059264}"
    862208,         0,         0,    11.6,exact_mw,70a969f5042aec17ac076c6379f4170fb7c69b8e925756ef3b7334e28a33338b,"{""distance"":5,""physical_error_rate"":0.0001}","{""detection_events"":85061,""detectors_checked"":193134592}"
   1430528,         0,         0,    16.2,exact_mw,cb12ae119b9b2ba18d0216e7235b403229e92fd0743ede48fe7f1a2c6f45d594,"{""distance"":5,""physical_error_rate"":0.0005}","{""detection_events"":703886,""detectors_checked"":320438272}"
   4006912,         0,         0,    62.0,exact_mw,70a969f5042aec17ac076c6379f4170fb7c69b8e925756ef3b7334e28a33338b,"{""distance"":5,""physical_error_rate"":0.0001}","{""detection_events"":397275,""detectors_checked"":897548288}"
   2886656,         3,         0,    62.1,exact_mw,cb12ae119b9b2ba18d0216e7235b403229e92fd0743ede48fe7f1a2c6f45d594,"{""distance"":5,""physical_error_rate"":0.0005}","{""detection_events"":1426377,""detectors_checked"":646610944,""obs_mistake_mask=E"":3}"
   4149248,         0,         0,    62.3,exact_mw,70a969f5042aec17ac076c6379f4170fb7c69b8e925756ef3b7334e28a33338b,"{""distance"":5,""physical_error_rate"":0.0001}","{""detection_events"":410688,""detectors_checked"":929431552}"
   5936128,         0,         0,    16.3,exact_mw,cdc4a450a40af8e24899239080e4c40992fb5baf91c5a31ab3a165eacb3a1ab3,"{""distance"":5,""physical_error_rate"":0.0002}","{""detection_events"":1173008,""detectors_checked"":1329692672}"
   1372160,         0,         0,    16.1,exact_mw,cdc4a450a40af8e24899239080e4c40992fb5baf91c5a31ab3a165eacb3a1ab3,"{""distance"":5,""physical_error_rate"":0.0002}","{""detection_events"":270409,""detectors_checked"":307363840}"
   1495040,         0,         0,    16.2,exact_mw,f32ebecd8e105e50ec838d33c5ed9b45444b6b44a3c6ac541111079f2b14e893,"{""distance"":5,""physical_error_rate"":5e-05}","{""detection_events"":73500,""detectors_checked"":334888960}"
    327680,         0,         0,    16.3,exact_mw,70a969f5042aec17ac076c6379f4170fb7c69b8e925756ef3b7334e28a33338b,"{""distance"":5,""physical_error_rate"":0.0001}","{""detection_events"":32883,""detectors_checked"":73400320}"
   4481024,         0,         0,    62.0,exact_mw,f32ebecd8e105e50ec838d33c5ed9b45444b6b44a3c6ac541111079f2b14e893,"{""distance"":5,""physical_error_rate"":5e-05}","{""detection_events"":222248,""detectors_checked"":1003749376}"
   2022400,         0,         0,    62.3,exact_mw,cb12ae119b9b2ba18d0216e7235b403229e92fd0743ede48fe7f1a2c6f45d594,"{""distance"":5,""physical_error_rate"":0.0005}","{""detection_events"":994224,""detectors_checked"":453017600}"
   3387392,         1,         0,   118.1,exact_mw,cb12ae119b9b2ba18d0216e7235b403229e92fd0743ede48fe7f1a2c6f45d594,"{""distance"":5,""physical_error_rate"":0.0005}","{""detection_events"":1670846,""detectors_checked"":758775808,""obs_mistake_mask=E"":1}"
   2654208,         0,         0,   118.6,exact_mw,cb12ae119b9b2ba18d0216e7235b403229e92fd0743ede48fe7f1a2c6f45d594,"{""distance"":5,""physical_error_rate"":0.0005}","{""detection_events"":1308478,""detectors_checked"":594542592}"
    275456,         0,         0,    11.7,exact_mw,cb12ae119b9b2ba18d0216e7235b403229e92fd0743ede48fe7f1a2c6f45d594,"{""distance"":5,""physical_error_rate"":0.0005}","{""detection_events"":136785,""detectors_checked"":61702144}"
   1214464,         0,         0,    16.2,exact_mw,cdc4a450a40af8e24899239080e4c40992fb5baf91c5a31ab3a165eacb3a1ab3,"{""distance"":5,""physical_error_rate"":0.0002}","{""detection_events"":239069,""detectors_checked"":272039936}"
    875520,         0,         0,    16.2,exact_mw,cb12ae119b9b2ba18d0216e7235b403229e92fd0743ede48fe7f1a2c6f45d594,"{""distance"":5,""physical_error_rate"":0.0005}","{""detection_events"":428822,""detectors_checked"":196116480}"
    469331,         0,         0,    1.31,exact_mw,cdc4a450a40af8e24899239080e4c40992fb5baf91c5a31ab3a165eacb3a1ab3,"{""distance"":5,""physical_error_rate"":0.0002}","{""detection_events"":92319,""detectors_checked"":105130144}"
  10334208,         0,         0,   114.8,exact_mw,cdc4a450a40af8e24899239080e4c40992fb5baf91c5a31ab3a165eacb3a1ab3,"{""distance"":5,""physical_error_rate"":0.0002}","{""detection_events"":2038417,""detectors_checked"":2314862592}"
   9695232,         0,         0,   105.6,exact_mw,cdc4a450a40af8e24899239080e4c40992fb5baf91c5a31ab3a165eacb3a1ab3,"{""distance"":5,""physical_error_rate"":0.0002}","{""detection_events"":1914549,""detectors_checked"":2171731968}"
    662528,         0,         0,    16.3,exact_mw,cb12ae119b9b2ba18d0216e7235b403229e92fd0743ede48fe7f1a2c6f45d594,"{""distance"":5,""physical_error_rate"":0.0005}","{""detection_events"":326476,""detectors_checked"":148406272}"
   4826112,         1,         0,   118.8,exact_mw,cdc4a450a40af8e24899239080e4c40992fb5baf91c5a31ab3a165eacb3a1ab3,"{""distance"":5,""physical_error_rate"":0.0002}","{""detection_events"":953773,""detectors_checked"":1081049088,""obs_mistake_mask=E"":1}"
    759808,         1,         0,    16.2,exact_mw,cb12ae119b9b2ba18d0216e7235b403229e92fd0743ede48fe7f1a2c6f45d594,"{""distance"":5,""physical_error_rate"":0.0005}","{""detection_events"":374743,""detectors_checked"":170196992,""obs_mistake_mask=E"":1}"
   1048576,         0,         0,    16.2,exact_mw,70a969f5042aec17ac076c6379f4170fb7c69b8e925756ef3b7334e28a33338b,"{""distance"":5,""physical_error_rate"":0.0001}","{""detection_events"":103263,""detectors_checked"":234881024}"
   5429763,         0,         0,   111.8,exact_mw,f32ebecd8e105e50ec838d33c5ed9b45444b6b44a3c6ac541111079f2b14e893,"{""distance"":5,""physical_error_rate"":5e-05}","{""detection_events"":267656,""detectors_checked"":1216266912}"
   5140480,         0,         0,    40.2,exact_mw,f32ebecd8e105e50ec838d33c5ed9b45444b6b44a3c6ac541111079f2b14e893,"{""distance"":5,""physical_error_rate"":5e-05}","{""detection_events"":254700,""detectors_checked"":1151467520}"
   5405696,         0,         0,   101.4,exact_mw,f32ebecd8e105e50ec838d33c5ed9b45444b6b44a3c6ac541111079f2b14e893,"{""distance"":5,""physical_error_rate"":5e-05}","{""detection_events"":265939,""detectors_checked"":1210875904}"
   5361664,         0,         0,   107.2,exact_mw,f32ebecd8e105e50ec838d33c5ed9b45444b6b44a3c6ac541111079f2b14e893,"{""distance"":5,""physical_error_rate"":5e-05}","{""detection_events"":266220,""detectors_checked"":1201012736}"
   1312768,         0,         0,    16.1,exact_mw,70a969f5042aec17ac076c6379f4170fb7c69b8e925756ef3b7334e28a33338b,"{""distance"":5,""physical_error_rate"":0.0001}","{""detection_events"":129506,""detectors_checked"":294060032}"
    459776,         1,         0,    16.4,exact_mw,cb12ae119b9b2ba18d0216e7235b403229e92fd0743ede48fe7f1a2c6f45d594,"{""distance"":5,""physical_error_rate"":0.0005}","{""detection_events"":226725,""detectors_checked"":102989824,""obs_mistake_mask=E"":1}"
   1292288,         0,         0,    16.1,exact_mw,70a969f5042aec17ac076c6379f4170fb7c69b8e925756ef3b7334e28a33338b,"{""distance"":5,""physical_error_rate"":0.0001}","{""detection_events"":127747,""detectors_checked"":289472512}"
   9158313,         1,         0,   105.8,exact_mw,cdc4a450a40af8e24899239080e4c40992fb5baf91c5a31ab3a165eacb3a1ab3,"{""distance"":5,""physical_error_rate"":0.0002}","{""detection_events"":1806905,""detectors_checked"":2051462112,""obs_mistake_mask=E"":1}"
   8694784,         0,         0,   115.8,exact_mw,cdc4a450a40af8e24899239080e4c40992fb5baf91c5a31ab3a165eacb3a1ab3,"{""distance"":5,""physical_error_rate"":0.0002}","{""detection_events"":1712648,""detectors_checked"":1947631616}"
   8613888,         0,         0,   115.7,exact_mw,cdc4a450a40af8e24899239080e4c40992fb5baf91c5a31ab3a165eacb3a1ab3,"{""distance"":5,""physical_error_rate"":0.0002}","{""detection_events"":1700217,""detectors_checked"":1929510912}"
   8270848,         0,         0,   115.5,exact_mw,cdc4a450a40af8e24899239080e4c40992fb5baf91c5a31ab3a165eacb3a1ab3,"{""distance"":5,""physical_error_rate"":0.0002}","{""detection_events"":1631322,""detectors_checked"":1852669952}"
   8531968,         0,         0,   118.4,exact_mw,70a969f5042aec17ac076c6379f4170fb7c69b8e925756ef3b7334e28a33338b,"{""distance"":5,""physical_error_rate"":0.0001}","{""detection_events"":844001,""detectors_checked"":1911160832}"
   6220800,         3,         0,   118.9,exact_mw,cb12ae119b9b2ba18d0216e7235b403229e92fd0743ede48fe7f1a2c6f45d594,"{""distance"":5,""physical_error_rate"":0.0005}","{""detection_events"":3063139,""detectors_checked"":1393459200,""obs_mistake_mask=E"":3}"
   3534848,         4,         0,   118.8,exact_mw,cb12ae119b9b2ba18d0216e7235b403229e92fd0743ede48fe7f1a2c6f45d594,"{""distance"":5,""physical_error_rate"":0.0005}","{""detection_events"":1740483,""detectors_checked"":791805952,""obs_mistake_mask=E"":4}"
   5889024,         0,         0,   118.7,exact_mw,70a969f5042aec17ac076c6379f4170fb7c69b8e925756ef3b7334e28a33338b,"{""distance"":5,""physical_error_rate"":0.0001}","{""detection_events"":580748,""detectors_checked"":1319141376}"
   9832448,         0,         0,   118.4,exact_mw,70a969f5042aec17ac076c6379f4170fb7c69b8e925756ef3b7334e28a33338b,"{""distance"":5,""physical_error_rate"":0.0001}","{""detection_events"":965813,""detectors_checked"":2202468352}"
   7907328,         0,         0,   118.2,exact_mw,70a969f5042aec17ac076c6379f4170fb7c69b8e925756ef3b7334e28a33338b,"{""distance"":5,""physical_error_rate"":0.0001}","{""detection_events"":780509,""detectors_checked"":1771241472}"
   6403072,         0,         0,   118.6,exact_mw,70a969f5042aec17ac076c6379f4170fb7c69b8e925756ef3b7334e28a33338b,"{""distance"":5,""physical_error_rate"":0.0001}","{""detection_events"":632312,""detectors_checked"":1434288128}"
  11541380,         0,         0,   102.8,exact_mw,70a969f5042aec17ac076c6379f4170fb7c69b8e925756ef3b7334e28a33338b,"{""distance"":5,""physical_error_rate"":0.0001}","{""detection_events"":1134827,""detectors_checked"":2585269120}"
     68099,         0,         0,    2.58,exact_mw,f32ebecd8e105e50ec838d33c5ed9b45444b6b44a3c6ac541111079f2b14e893,"{""distance"":5,""physical_error_rate"":5e-05}","{""detection_events"":3263,""detectors_checked"":15254176}"
   4013056,         0,         0,    48.4,exact_mw,f32ebecd8e105e50ec838d33c5ed9b45444b6b44a3c6ac541111079f2b14e893,"{""distance"":5,""physical_error_rate"":5e-05}","{""detection_events"":197264,""detectors_checked"":898924544}"
   1361920,         0,         0,    16.2,exact_mw,f32ebecd8e105e50ec838d33c5ed9b45444b6b44a3c6ac541111079f2b14e893,"{""distance"":5,""physical_error_rate"":5e-05}","{""detection_events"":68264,""detectors_checked"":305070080}"
   6221824,         0,         0,   118.5,exact_mw,70a969f5042aec17ac076c6379f4170fb7c69b8e925756ef3b7334e28a33338b,"{""distance"":5,""physical_error_rate"":0.0001}","{""detection_events"":612915,""detectors_checked"":1393688576}"
   3535363,         0,         0,    48.2,exact_mw,f32ebecd8e105e50ec838d33c5ed9b45444b6b44a3c6ac541111079f2b14e893,"{""distance"":5,""physical_error_rate"":5e-05}","{""detection_events"":173827,""detectors_checked"":791921312}"
   3256915,         0,         0,    39.7,exact_mw,f32ebecd8e105e50ec838d33c5ed9b45444b6b44a3c6ac541111079f2b14e893,"{""distance"":5,""physical_error_rate"":5e-05}","{""detection_events"":161340,""detectors_checked"":729548960}"
   5029888,         0,         0,   118.8,exact_mw,cb12ae119b9b2ba18d0216e7235b403229e92fd0743ede48fe7f1a2c6f45d594,"{""distance"":5,""physical_error_rate"":0.0005}","{""detection_events"":2474652,""detectors_checked"":1126694912}"
   6256640,         4,         0,   118.8,exact_mw,cb12ae119b9b2ba18d0216e7235b403229e92fd0743ede48fe7f1a2c6f45d594,"{""distance"":5,""physical_error_rate"":0.0005}","{""detection_events"":3075146,""detectors_checked"":1401487360,""obs_mistake_mask=E"":4}"
   6728704,         0,         0,   118.9,exact_mw,cdc4a450a40af8e24899239080e4c40992fb5baf91c5a31ab3a165eacb3a1ab3,"{""distance"":5,""physical_error_rate"":0.0002}","{""detection_events"":1323438,""detectors_checked"":1507229696}"
   6426624,         3,         0,   118.6,exact_mw,cb12ae119b9b2ba18d0216e7235b403229e92fd0743ede48fe7f1a2c6f45d594,"{""distance"":5,""physical_error_rate"":0.0005}","{""detection_events"":3163520,""detectors_checked"":1439563776,""obs_mistake_mask=E"":3}"
   3155136,         0,         0,    32.4,exact_mw,f32ebecd8e105e50ec838d33c5ed9b45444b6b44a3c6ac541111079f2b14e893,"{""distance"":5,""physical_error_rate"":5e-05}","{""detection_events"":154489,""detectors_checked"":706750464}"
    225280,         0,         0,    16.3,exact_mw,cb12ae119b9b2ba18d0216e7235b403229e92fd0743ede48fe7f1a2c6f45d594,"{""distance"":5,""physical_error_rate"":0.0005}","{""detection_events"":110842,""detectors_checked"":50462720}"
    697344,         0,         0,    16.1,exact_mw,cdc4a450a40af8e24899239080e4c40992fb5baf91c5a31ab3a165eacb3a1ab3,"{""distance"":5,""physical_error_rate"":0.0002}","{""detection_events"":138339,""detectors_checked"":156205056}"
    541696,         0,         0,    16.3,exact_mw,70a969f5042aec17ac076c6379f4170fb7c69b8e925756ef3b7334e28a33338b,"{""distance"":5,""physical_error_rate"":0.0001}","{""detection_events"":53115,""detectors_checked"":121339904}"
   1153024,         0,         0,    16.2,exact_mw,cdc4a450a40af8e24899239080e4c40992fb5baf91c5a31ab3a165eacb3a1ab3,"{""distance"":5,""physical_error_rate"":0.0002}","{""detection_events"":225397,""detectors_checked"":258277376}"
   6146048,         0,         0,   119.2,exact_mw,70a969f5042aec17ac076c6379f4170fb7c69b8e925756ef3b7334e28a33338b,"{""distance"":5,""physical_error_rate"":0.0001}","{""detection_events"":602770,""detectors_checked"":1376714752}"
    524288,         0,         0,    16.3,exact_mw,cdc4a450a40af8e24899239080e4c40992fb5baf91c5a31ab3a165eacb3a1ab3,"{""distance"":5,""physical_error_rate"":0.0002}","{""detection_events"":102482,""detectors_checked"":117440512}"
   4948992,         1,         0,   119.0,exact_mw,cb12ae119b9b2ba18d0216e7235b403229e92fd0743ede48fe7f1a2c6f45d594,"{""distance"":5,""physical_error_rate"":0.0005}","{""detection_events"":2436802,""detectors_checked"":1108574208,""obs_mistake_mask=E"":1}"
   2542592,         0,         0,    16.2,exact_mw,f32ebecd8e105e50ec838d33c5ed9b45444b6b44a3c6ac541111079f2b14e893,"{""distance"":5,""physical_error_rate"":5e-05}","{""detection_events"":125587,""detectors_checked"":569540608}"
   3781632,         1,         0,   118.7,exact_mw,cb12ae119b9b2ba18d0216e7235b403229e92fd0743ede48fe7f1a2c6f45d594,"{""distance"":5,""physical_error_rate"":0.0005}","{""detection_events"":1860642,""detectors_checked"":847085568,""obs_mistake_mask=E"":1}"
   4082688,         0,         0,   118.8,exact_mw,cdc4a450a40af8e24899239080e4c40992fb5baf91c5a31ab3a165eacb3a1ab3,"{""distance"":5,""physical_error_rate"":0.0002}","{""detection_events"":808171,""detectors_checked"":914522112}"
   1137664,         0,         0,    16.3,exact_mw,cdc4a450a40af8e24899239080e4c40992fb5baf91c5a31ab3a165eacb3a1ab3,"{""distance"":5,""physical_error_rate"":0.0002}","{""detection_events"":223548,""detectors_checked"":254836736}"
   4703232,         0,         0,   119.0,exact_mw,70a969f5042aec17ac076c6379f4170fb7c69b8e925756ef3b7334e28a33338b,"{""distance"":5,""physical_error_rate"":0.0001}","{""detection_events"":463139,""detectors_checked"":1053523968}"
   1417216,         0,         0,    16.2,exact_mw,f32ebecd8e105e50ec838d33c5ed9b45444b6b44a3c6ac541111079f2b14e893,"{""distance"":5,""physical_error_rate"":5e-05}","{""detection_events"":69438,""detectors_checked"":317456384}"
   3056538,         0,         0,    36.5,exact_mw,f32ebecd8e105e50ec838d33c5ed9b45444b6b44a3c6ac541111079f2b14e893,"{""distance"":5,""physical_error_rate"":5e-05}","{""detection_events"":151338,""detectors_checked"":684664512}"
   2837278,         0,         0,    36.3,exact_mw,f32ebecd8e105e50ec838d33c5ed9b45444b6b44a3c6ac541111079f2b14e893,"{""distance"":5,""physical_error_rate"":5e-05}","{""detection_events"":138815,""detectors_checked"":635550272}"
   2752512,         0,         0,   114.7,exact_mw,f32ebecd8e105e50ec838d33c5ed9b45444b6b44a3c6ac541111079f2b14e893,"{""distance"":5,""physical_error_rate"":5e-05}","{""detection_events"":135684,""detectors_checked"":616562688}"
   2748613,         0,         0,    30.0,exact_mw,f32ebecd8e105e50ec838d33c5ed9b45444b6b44a3c6ac541111079f2b14e893,"{""distance"":5,""physical_error_rate"":5e-05}","{""detection_events"":135399,""detectors_checked"":615689312}"
   1356800,         0,         0,    16.1,exact_mw,f32ebecd8e105e50ec838d33c5ed9b45444b6b44a3c6ac541111079f2b14e893,"{""distance"":5,""physical_error_rate"":5e-05}","{""detection_events"":67724,""detectors_checked"":303923200}"
   2576703,         0,         0,    31.0,exact_mw,f32ebecd8e105e50ec838d33c5ed9b45444b6b44a3c6ac541111079f2b14e893,"{""distance"":5,""physical_error_rate"":5e-05}","{""detection_events"":127226,""detectors_checked"":577181472}"
   2453781,         0,         0,    80.5,exact_mw,f32ebecd8e105e50ec838d33c5ed9b45444b6b44a3c6ac541111079f2b14e893,"{""distance"":5,""physical_error_rate"":5e-05}","{""detection_events"":120261,""detectors_checked"":549646944}"
   1405952,         0,         0,    16.1,exact_mw,f32ebecd8e105e50ec838d33c5ed9b45444b6b44a3c6ac541111079f2b14e893,"{""distance"":5,""physical_error_rate"":5e-05}","{""detection_events"":69082,""detectors_checked"":314933248}"
   5477376,         1,         0,   118.6,exact_mw,cb12ae119b9b2ba18d0216e7235b403229e92fd0743ede48fe7f1a2c6f45d594,"{""distance"":5,""physical_error_rate"":0.0005}","{""detection_events"":2700921,""detectors_checked"":1226932224,""obs_mistake_mask=E"":1}"
   2377100,         0,         0,    30.6,exact_mw,f32ebecd8e105e50ec838d33c5ed9b45444b6b44a3c6ac541111079f2b14e893,"{""distance"":5,""physical_error_rate"":5e-05}","{""detection_events"":116459,""detectors_checked"":532470400}"
   2331648,         0,         0,    24.3,exact_mw,f32ebecd8e105e50ec838d33c5ed9b45444b6b44a3c6ac541111079f2b14e893,"{""distance"":5,""physical_error_rate"":5e-05}","{""detection_events"":114900,""detectors_checked"":522289152}"
   7383040,         0,         0,   118.7,exact_mw,cdc4a450a40af8e24899239080e4c40992fb5baf91c5a31ab3a165eacb3a1ab3,"{""distance"":5,""physical_error_rate"":0.0002}","{""detection_events"":1454268,""detectors_checked"":1653800960}"
   8938184,         0,         0,   117.6,exact_mw,70a969f5042aec17ac076c6379f4170fb7c69b8e925756ef3b7334e28a33338b,"{""distance"":5,""physical_error_rate"":0.0001}","{""detection_events"":881331,""detectors_checked"":2002153216}"
   8630272,         0,         0,   117.2,exact_mw,70a969f5042aec17ac076c6379f4170fb7c69b8e925756ef3b7334e28a33338b,"{""distance"":5,""physical_error_rate"":0.0001}","{""detection_events"":851933,""detectors_checked"":1933180928}"
   7619584,         1,         0,   118.4,exact_mw,cb12ae119b9b2ba18d0216e7235b403229e92fd0743ede48fe7f1a2c6f45d594,"{""distance"":5,""physical_error_rate"":0.0005}","{""detection_events"":3745374,""detectors_checked"":1706786816,""obs_mistake_mask=E"":1}"
   2173952,         0,         0,    16.2,exact_mw,70a969f5042aec17ac076c6379f4170fb7c69b8e925756ef3b7334e28a33338b,"{""distance"":5,""physical_error_rate"":0.0001}","{""detection_events"":215379,""detectors_checked"":486965248}"
   4106240,         0,         0,   119.1,exact_mw,70a969f5042aec17ac076c6379f4170fb7c69b8e925756ef3b7334e28a33338b,"{""distance"":5,""physical_error_rate"":0.0001}","{""detection_events"":407246,""detectors_checked"":919797760}"
   2258880,         0,         0,    30.7,exact_mw,f32ebecd8e105e50ec838d33c5ed9b45444b6b44a3c6ac541111079f2b14e893,"{""distance"":5,""physical_error_rate"":5e-05}","{""detection_events"":112297,""detectors_checked"":505989120}"
   2229248,         0,         0,    24.2,exact_mw,f32ebecd8e105e50ec838d33c5ed9b45444b6b44a3c6ac541111079f2b14e893,"{""distance"":5,""physical_error_rate"":5e-05}","{""detection_events"":109733,""detectors_checked"":499351552}"
   2153472,         0,         0,    26.3,exact_mw,f32ebecd8e105e50ec838d33c5ed9b45444b6b44a3c6ac541111079f2b14e893,"{""distance"":5,""physical_error_rate"":5e-05}","{""detection_events"":106228,""detectors_checked"":482377728}"
    805888,         1,         0,    16.3,exact_mw,cb12ae119b9b2ba18d0216e7235b403229e92fd0743ede48fe7f1a2c6f45d594,"{""distance"":5,""physical_error_rate"":0.0005}","{""detection_events"":397183,""detectors_checked"":180518912,""obs_mistake_mask=E"":1}"
   2115426,         0,         0,    26.4,exact_mw,f32ebecd8e105e50ec838d33c5ed9b45444b6b44a3c6ac541111079f2b14e893,"{""distance"":5,""physical_error_rate"":5e-05}","{""detection_events"":103413,""detectors_checked"":473855424}"
   2108416,         0,         0,    30.9,exact_mw,f32ebecd8e105e50ec838d33c5ed9b45444b6b44a3c6ac541111079f2b14e893,"{""distance"":5,""physical_error_rate"":5e-05}","{""detection_events"":103515,""detectors_checked"":472285184}"
   2993152,         3,         0,   118.8,exact_mw,cb12ae119b9b2ba18d0216e7235b403229e92fd0743ede48fe7f1a2c6f45d594,"{""distance"":5,""physical_error_rate"":0.0005}","{""detection_events"":1475791,""detectors_checked"":670466048,""obs_mistake_mask=E"":3}"
   7093248,         3,         0,   118.5,exact_mw,cb12ae119b9b2ba18d0216e7235b403229e92fd0743ede48fe7f1a2c6f45d594,"{""distance"":5,""physical_error_rate"":0.0005}","{""detection_events"":3485357,""detectors_checked"":1588887552,""obs_mistake_mask=E"":3}"
   1912358,         0,         0,    26.8,exact_mw,f32ebecd8e105e50ec838d33c5ed9b45444b6b44a3c6ac541111079f2b14e893,"{""distance"":5,""physical_error_rate"":5e-05}","{""detection_events"":94559,""detectors_checked"":428368192}"
   1786709,         0,         0,    17.1,exact_mw,f32ebecd8e105e50ec838d33c5ed9b45444b6b44a3c6ac541111079f2b14e893,"{""distance"":5,""physical_error_rate"":5e-05}","{""detection_events"":88335,""detectors_checked"":400222816}"
   1730875,         0,         0,    19.8,exact_mw,f32ebecd8e105e50ec838d33c5ed9b45444b6b44a3c6ac541111079f2b14e893,"{""distance"":5,""physical_error_rate"":5e-05}","{""detection_events"":86267,""detectors_checked"":387716000}"
   5559296,         0,         0,   118.5,exact_mw,cdc4a450a40af8e24899239080e4c40992fb5baf91c5a31ab3a165eacb3a1ab3,"{""distance"":5,""physical_error_rate"":0.0002}","{""detection_events"":1093504,""detectors_checked"":1245282304}"
   1676785,         0,         0,    18.8,exact_mw,f32ebecd8e105e50ec838d33c5ed9b45444b6b44a3c6ac541111079f2b14e893,"{""distance"":5,""physical_error_rate"":5e-05}","{""detection_events"":83015,""detectors_checked"":375599840}"
   1646592,         0,         0,    20.5,exact_mw,f32ebecd8e105e50ec838d33c5ed9b45444b6b44a3c6ac541111079f2b14e893,"{""distance"":5,""physical_error_rate"":5e-05}","{""detection_events"":81659,""detectors_checked"":368836608}"
   1624385,         0,         0,    16.4,exact_mw,f32ebecd8e105e50ec838d33c5ed9b45444b6b44a3c6ac541111079f2b14e893,"{""distance"":5,""physical_error_rate"":5e-05}","{""detection_events"":78668,""detectors_checked"":363862240}"
   5232640,         0,         0,   118.3,exact_mw,70a969f5042aec17ac076c6379f4170fb7c69b8e925756ef3b7334e28a33338b,"{""distance"":5,""physical_error_rate"":0.0001}","{""detection_events"":515290,""detectors_checked"":1172111360}"
   1622016,         0,         0,    16.5,exact_mw,f32ebecd8e105e50ec838d33c5ed9b45444b6b44a3c6ac541111079f2b14e893,"{""distance"":5,""physical_error_rate"":5e-05}","{""detection_events"":80265,""detectors_checked"":363331584}"
   1522167,         0,         0,    28.9,exact_mw,f32ebecd8e105e50ec838d33c5ed9b45444b6b44a3c6ac541111079f2b14e893,"{""distance"":5,""physical_error_rate"":5e-05}","{""detection_events"":75083,""detectors_checked"":340965408}"
   1432576,         0,         0,    28.9,exact_mw,f32ebecd8e105e50ec838d33c5ed9b45444b6b44a3c6ac541111079f2b14e893,"{""distance"":5,""physical_error_rate"":5e-05}","{""detection_events"":70394,""detectors_checked"":320897024}"
   1979392,         0,         0,    22.7,exact_mw,cb12ae119b9b2ba18d0216e7235b403229e92fd0743ede48fe7f1a2c6f45d594,"{""distance"":5,""physical_error_rate"":0.0005}","{""detection_events"":975406,""detectors_checked"":443383808}"
   1423911,         0,         0,    17.4,exact_mw,f32ebecd8e105e50ec838d33c5ed9b45444b6b44a3c6ac541111079f2b14e893,"{""distance"":5,""physical_error_rate"":5e-05}","{""detection_events"":70387,""detectors_checked"":318956064}"
   1393664,         0,         0,    17.9,exact_mw,f32ebecd8e105e50ec838d33c5ed9b45444b6b44a3c6ac541111079f2b14e893,"{""distance"":5,""physical_error_rate"":5e-05}","{""detection_events"":68526,""detectors_checked"":312180736}"
   1419264,         0,         0,    15.4,exact_mw,f32ebecd8e105e50ec838d33c5ed9b45444b6b44a3c6ac541111079f2b14e893,"{""distance"":5,""physical_error_rate"":5e-05}","{""detection_events"":70429,""detectors_checked"":317915136}"
    962560,         0,         0,    22.8,exact_mw,cdc4a450a40af8e24899239080e4c40992fb5baf91c5a31ab3a165eacb3a1ab3,"{""distance"":5,""physical_error_rate"":0.0002}","{""detection_events"":191524,""detectors_checked"":215613440}"
   1616896,         0,         0,    22.8,exact_mw,70a969f5042aec17ac076c6379f4170fb7c69b8e925756ef3b7334e28a33338b,"{""distance"":5,""physical_error_rate"":0.0001}","{""detection_events"":159805,""detectors_checked"":362184704}"
   1334646,         0,         0,    13.8,exact_mw,f32ebecd8e105e50ec838d33c5ed9b45444b6b44a3c6ac541111079f2b14e893,"{""distance"":5,""physical_error_rate"":5e-05}","{""detection_events"":66100,""detectors_checked"":298960704}"
   1310720,         0,         0,    17.0,exact_mw,f32ebecd8e105e50ec838d33c5ed9b45444b6b44a3c6ac541111079f2b14e893,"{""distance"":5,""physical_error_rate"":5e-05}","{""detection_events"":64773,""detectors_checked"":293601280}"
   1236992,         0,         0,    14.6,exact_mw,f32ebecd8e105e50ec838d33c5ed9b45444b6b44a3c6ac541111079f2b14e893,"{""distance"":5,""physical_error_rate"":5e-05}","{""detection_events"":61022,""detectors_checked"":277086208}"
   1318912,         0,         0,    18.0,exact_mw,f32ebecd8e105e50ec838d33c5ed9b45444b6b44a3c6ac541111079f2b14e893,"{""distance"":5,""physical_error_rate"":5e-05}","{""detection_events"":64757,""detectors_checked"":295436288}"
   3787776,         0,         0,   118.5,exact_mw,cdc4a450a40af8e24899239080e4c40992fb5baf91c5a31ab3a165eacb3a1ab3,"{""distance"":5,""physical_error_rate"":0.0002}","{""detection_events"":750480,""detectors_checked"":848461824}"
   1205035,         0,         0,    12.7,exact_mw,f32ebecd8e105e50ec838d33c5ed9b45444b6b44a3c6ac541111079f2b14e893,"{""distance"":5,""physical_error_rate"":5e-05}","{""detection_events"":59280,""detectors_checked"":269927840}"
   1047552,         0,         0,    13.4,exact_mw,f32ebecd8e105e50ec838d33c5ed9b45444b6b44a3c6ac541111079f2b14e893,"{""distance"":5,""physical_error_rate"":5e-05}","{""detection_events"":52417,""detectors_checked"":234651648}"
   1144832,         0,         0,    11.1,exact_mw,f32ebecd8e105e50ec838d33c5ed9b45444b6b44a3c6ac541111079f2b14e893,"{""distance"":5,""physical_error_rate"":5e-05}","{""detection_events"":56762,""detectors_checked"":256442368}"
   1123328,         0,         0,    13.4,exact_mw,f32ebecd8e105e50ec838d33c5ed9b45444b6b44a3c6ac541111079f2b14e893,"{""distance"":5,""physical_error_rate"":5e-05}","{""detection_events"":55368,""detectors_checked"":251625472}"
   1622016,         0,         0,    22.8,exact_mw,cdc4a450a40af8e24899239080e4c40992fb5baf91c5a31ab3a165eacb3a1ab3,"{""distance"":5,""physical_error_rate"":0.0002}","{""detection_events"":320318,""detectors_checked"":363331584}"
   1423360,         1,         0,    22.8,exact_mw,cb12ae119b9b2ba18d0216e7235b403229e92fd0743ede48fe7f1a2c6f45d594,"{""distance"":5,""physical_error_rate"":0.0005}","{""detection_events"":698914,""detectors_checked"":318832640,""obs_mistake_mask=E"":1}"
    712339,         0,         0,    11.4,exact_mw,cdc4a450a40af8e24899239080e4c40992fb5baf91c5a31ab3a165eacb3a1ab3,"{""distance"":5,""physical_error_rate"":0.0002}","{""detection_events"":140711,""detectors_checked"":159563936}"
   7771136,         0,         0,    70.0,exact_mw,cdc4a450a40af8e24899239080e4c40992fb5baf91c5a31ab3a165eacb3a1ab3,"{""distance"":5,""physical_error_rate"":0.0002}","{""detection_events"":1531593,""detectors_checked"":1740734464}"
   7895040,         0,         0,    45.7,exact_mw,cdc4a450a40af8e24899239080e4c40992fb5baf91c5a31ab3a165eacb3a1ab3,"{""distance"":5,""physical_error_rate"":0.0002}","{""detection_events"":1555171,""detectors_checked"":1768488960}"
    710656,         0,         0,    22.6,exact_mw,cb12ae119b9b2ba18d0216e7235b403229e92fd0743ede48fe7f1a2c6f45d594,"{""distance"":5,""physical_error_rate"":0.0005}","{""detection_events"":348765,""detectors_checked"":159186944}"
   1046545,         0,         0,    12.8,exact_mw,f32ebecd8e105e50ec838d33c5ed9b45444b6b44a3c6ac541111079f2b14e893,"{""distance"":5,""physical_error_rate"":5e-05}","{""detection_events"":51569,""detectors_checked"":234426080}"
    963584,         0,         0,    11.7,exact_mw,f32ebecd8e105e50ec838d33c5ed9b45444b6b44a3c6ac541111079f2b14e893,"{""distance"":5,""physical_error_rate"":5e-05}","{""detection_events"":48054,""detectors_checked"":215842816}"
    977920,         0,         0,    12.0,exact_mw,f32ebecd8e105e50ec838d33c5ed9b45444b6b44a3c6ac541111079f2b14e893,"{""distance"":5,""physical_error_rate"":5e-05}","{""detection_events"":47895,""detectors_checked"":219054080}"
   1058816,         0,         0,    22.9,exact_mw,cb12ae119b9b2ba18d0216e7235b403229e92fd0743ede48fe7f1a2c6f45d594,"{""distance"":5,""physical_error_rate"":0.0005}","{""detection_events"":520646,""detectors_checked"":237174784}"
   1456128,         0,         0,    22.8,exact_mw,70a969f5042aec17ac076c6379f4170fb7c69b8e925756ef3b7334e28a33338b,"{""distance"":5,""physical_error_rate"":0.0001}","{""detection_events"":143708,""detectors_checked"":326172672}"
   1148928,         0,         0,    22.7,exact_mw,70a969f5042aec17ac076c6379f4170fb7c69b8e925756ef3b7334e28a33338b,"{""distance"":5,""physical_error_rate"":0.0001}","{""detection_events"":113029,""detectors_checked"":257359872}"
    910225,         0,         0,    32.7,exact_mw,f32ebecd8e105e50ec838d33c5ed9b45444b6b44a3c6ac541111079f2b14e893,"{""distance"":5,""physical_error_rate"":5e-05}","{""detection_events"":44131,""detectors_checked"":203890400}"
    701440,         0,         0,    22.8,exact_mw,cb12ae119b9b2ba18d0216e7235b403229e92fd0743ede48fe7f1a2c6f45d594,"{""distance"":5,""physical_error_rate"":0.0005}","{""detection_events"":344183,""detectors_checked"":157122560}"
   3827712,         0,         0,    22.7,exact_mw,70a969f5042aec17ac076c6379f4170fb7c69b8e925756ef3b7334e28a33338b,"{""distance"":5,""physical_error_rate"":0.0001}","{""detection_events"":377471,""detectors_checked"":857407488}"
    821108,         0,         0,    10.3,exact_mw,f32ebecd8e105e50ec838d33c5ed9b45444b6b44a3c6ac541111079f2b14e893,"{""distance"":5,""physical_error_rate"":5e-05}","{""detection_events"":40693,""detectors_checked"":183928192}"
    802816,         0,         0,    15.1,exact_mw,f32ebecd8e105e50ec838d33c5ed9b45444b6b44a3c6ac541111079f2b14e893,"{""distance"":5,""physical_error_rate"":5e-05}","{""detection_events"":38898,""detectors_checked"":179830784}"
    798720,         0,         0,    2.67,exact_mw,f32ebecd8e105e50ec838d33c5ed9b45444b6b44a3c6ac541111079f2b14e893,"{""distance"":5,""physical_error_rate"":5e-05}","{""detection_events"":39495,""detectors_checked"":178913280}"
    818176,         0,         0,    10.3,exact_mw,f32ebecd8e105e50ec838d33c5ed9b45444b6b44a3c6ac541111079f2b14e893,"{""distance"":5,""physical_error_rate"":5e-05}","{""detection_events"":40280,""detectors_checked"":183271424}"
    795449,         0,         0,    8.53,exact_mw,f32ebecd8e105e50ec838d33c5ed9b45444b6b44a3c6ac541111079f2b14e893,"{""distance"":5,""physical_error_rate"":5e-05}","{""detection_events"":39673,""detectors_checked"":178180576}"
    734208,         0,         0,    25.8,exact_mw,f32ebecd8e105e50ec838d33c5ed9b45444b6b44a3c6ac541111079f2b14e893,"{""distance"":5,""physical_error_rate"":5e-05}","{""detection_events"":35986,""detectors_checked"":164462592}"
    731136,         0,         0,    11.3,exact_mw,f32ebecd8e105e50ec838d33c5ed9b45444b6b44a3c6ac541111079f2b14e893,"{""distance"":5,""physical_error_rate"":5e-05}","{""detection_events"":35833,""detectors_checked"":163774464}"
    707584,         0,         0,    9.17,exact_mw,f32ebecd8e105e50ec838d33c5ed9b45444b6b44a3c6ac541111079f2b14e893,"{""distance"":5,""physical_error_rate"":5e-05}","{""detection_events"":35239,""detectors_checked"":158498816}"
    736256,         0,         0,    9.19,exact_mw,f32ebecd8e105e50ec838d33c5ed9b45444b6b44a3c6ac541111079f2b14e893,"{""distance"":5,""physical_error_rate"":5e-05}","{""detection_events"":36393,""detectors_checked"":164921344}"
    694975,         0,         0,    9.36,exact_mw,f32ebecd8e105e50ec838d33c5ed9b45444b6b44a3c6ac541111079f2b14e893,"{""distance"":5,""physical_error_rate"":5e-05}","{""detection_events"":34026,""detectors_checked"":155674400}"
    584704,         0,         0,    7.32,exact_mw,f32ebecd8e105e50ec838d33c5ed9b45444b6b44a3c6ac541111079f2b14e893,"{""distance"":5,""physical_error_rate"":5e-05}","{""detection_events"":28970,""detectors_checked"":130973696}"
    593920,         0,         0,    7.22,exact_mw,f32ebecd8e105e50ec838d33c5ed9b45444b6b44a3c6ac541111079f2b14e893,"{""distance"":5,""physical_error_rate"":5e-05}","{""detection_events"":29725,""detectors_checked"":133038080}"
    620544,         0,         0,    5.78,exact_mw,f32ebecd8e105e50ec838d33c5ed9b45444b6b44a3c6ac541111079f2b14e893,"{""distance"":5,""physical_error_rate"":5e-05}","{""detection_events"":30875,""detectors_checked"":139001856}"
    582345,         0,         0,    5.31,exact_mw,f32ebecd8e105e50ec838d33c5ed9b45444b6b44a3c6ac541111079f2b14e893,"{""distance"":5,""physical_error_rate"":5e-05}","{""detection_events"":28206,""detectors_checked"":130445280}"
    580608,         0,         0,    7.42,exact_mw,f32ebecd8e105e50ec838d33c5ed9b45444b6b44a3c6ac541111079f2b14e893,"{""distance"":5,""physical_error_rate"":5e-05}","{""detection_events"":28663,""detectors_checked"":130056192}"
    552960,         0,         0,    18.4,exact_mw,f32ebecd8e105e50ec838d33c5ed9b45444b6b44a3c6ac541111079f2b14e893,"{""distance"":5,""physical_error_rate"":5e-05}","{""detection_events"":27801,""detectors_checked"":123863040}"
    507923,         0,         0,    4.33,exact_mw,f32ebecd8e105e50ec838d33c5ed9b45444b6b44a3c6ac541111079f2b14e893,"{""distance"":5,""physical_error_rate"":5e-05}","{""detection_events"":24704,""detectors_checked"":113774752}"
    497664,         0,         0,    5.42,exact_mw,f32ebecd8e105e50ec838d33c5ed9b45444b6b44a3c6ac541111079f2b14e893,"{""distance"":5,""physical_error_rate"":5e-05}","{""detection_events"":24670,""detectors_checked"":111476736}"
    498688,         0,         0,    5.86,exact_mw,f32ebecd8e105e50ec838d33c5ed9b45444b6b44a3c6ac541111079f2b14e893,"{""distance"":5,""physical_error_rate"":5e-05}","{""detection_events"":24924,""detectors_checked"":111706112}"
    480256,         0,         0,    5.38,exact_mw,f32ebecd8e105e50ec838d33c5ed9b45444b6b44a3c6ac541111079f2b14e893,"{""distance"":5,""physical_error_rate"":5e-05}","{""detection_events"":23375,""detectors_checked"":107577344}"
    494592,         0,         0,    5.90,exact_mw,f32ebecd8e105e50ec838d33c5ed9b45444b6b44a3c6ac541111079f2b14e893,"{""distance"":5,""physical_error_rate"":5e-05}","{""detection_events"":24514,""detectors_checked"":110788608}"
    456626,         0,         0,    5.01,exact_mw,f32ebecd8e105e50ec838d33c5ed9b45444b6b44a3c6ac541111079f2b14e893,"{""distance"":5,""physical_error_rate"":5e-05}","{""detection_events"":22601,""detectors_checked"":102284224}"
    448512,         0,         0,    7.53,exact_mw,f32ebecd8e105e50ec838d33c5ed9b45444b6b44a3c6ac541111079f2b14e893,"{""distance"":5,""physical_error_rate"":5e-05}","{""detection_events"":22114,""detectors_checked"":100466688}"
    441344,         0,         0,    5.06,exact_mw,f32ebecd8e105e50ec838d33c5ed9b45444b6b44a3c6ac541111079f2b14e893,"{""distance"":5,""physical_error_rate"":5e-05}","{""detection_events"":21727,""detectors_checked"":98861056}"
    416768,         0,         0,    8.53,exact_mw,f32ebecd8e105e50ec838d33c5ed9b45444b6b44a3c6ac541111079f2b14e893,"{""distance"":5,""physical_error_rate"":5e-05}","{""detection_events"":20929,""detectors_checked"":93356032}"
    425984,         0,         0,    5.02,exact_mw,f32ebecd8e105e50ec838d33c5ed9b45444b6b44a3c6ac541111079f2b14e893,"{""distance"":5,""physical_error_rate"":5e-05}","{""detection_events"":21431,""detectors_checked"":95420416}"
    430080,         0,         0,    7.59,exact_mw,f32ebecd8e105e50ec838d33c5ed9b45444b6b44a3c6ac541111079f2b14e893,"{""distance"":5,""physical_error_rate"":5e-05}","{""detection_events"":21102,""detectors_checked"":96337920}"
    676864,         0,         0,    22.7,exact_mw,cb12ae119b9b2ba18d0216e7235b403229e92fd0743ede48fe7f1a2c6f45d594,"{""distance"":5,""physical_error_rate"":0.0005}","{""detection_events"":333791,""detectors_checked"":151617536}"
    905216,         0,         0,    22.8,exact_mw,cdc4a450a40af8e24899239080e4c40992fb5baf91c5a31ab3a165eacb3a1ab3,"{""distance"":5,""physical_error_rate"":0.0002}","{""detection_events"":178377,""detectors_checked"":202768384}"
    380756,         0,         0,    7.86,exact_mw,f32ebecd8e105e50ec838d33c5ed9b45444b6b44a3c6ac541111079f2b14e893,"{""distance"":5,""physical_error_rate"":5e-05}","{""detection_events"":18896,""detectors_checked"":85289344}"
    318464,         0,         0,    2.24,exact_mw,f32ebecd8e105e50ec838d33c5ed9b45444b6b44a3c6ac541111079f2b14e893,"{""distance"":5,""physical_error_rate"":5e-05}","{""detection_events"":15858,""detectors_checked"":71335936}"
    340992,         0,         0,    4.85,exact_mw,f32ebecd8e105e50ec838d33c5ed9b45444b6b44a3c6ac541111079f2b14e893,"{""distance"":5,""physical_error_rate"":5e-05}","{""detection_events"":16860,""detectors_checked"":76382208}"
    370688,         0,         0,    5.54,exact_mw,f32ebecd8e105e50ec838d33c5ed9b45444b6b44a3c6ac541111079f2b14e893,"{""distance"":5,""physical_error_rate"":5e-05}","{""detection_events"":18097,""detectors_checked"":83034112}"
   1606656,         0,         0,    22.7,exact_mw,cdc4a450a40af8e24899239080e4c40992fb5baf91c5a31ab3a165eacb3a1ab3,"{""distance"":5,""physical_error_rate"":0.0002}","{""detection_events"":316991,""detectors_checked"":359890944}"
    753664,         0,         0,    22.9,exact_mw,70a969f5042aec17ac076c6379f4170fb7c69b8e925756ef3b7334e28a33338b,"{""distance"":5,""physical_error_rate"":0.0001}","{""detection_events"":74307,""detectors_checked"":168820736}"
    301274,         0,         0,    2.45,exact_mw,f32ebecd8e105e50ec838d33c5ed9b45444b6b44a3c6ac541111079f2b14e893,"{""distance"":5,""physical_error_rate"":5e-05}","{""detection_events"":14962,""detectors_checked"":67485376}"
    269312,         0,         0,    4.37,exact_mw,f32ebecd8e105e50ec838d33c5ed9b45444b6b44a3c6ac541111079f2b14e893,"{""distance"":5,""physical_error_rate"":5e-05}","{""detection_events"":13403,""detectors_checked"":60325888}"
    796672,         0,         0,    22.8,exact_mw,cdc4a450a40af8e24899239080e4c40992fb5baf91c5a31ab3a165eacb3a1ab3,"{""distance"":5,""physical_error_rate"":0.0002}","{""detection_events"":157222,""detectors_checked"":178454528}"
    259667,         0,         0,    1.36,exact_mw,f32ebecd8e105e50ec838d33c5ed9b45444b6b44a3c6ac541111079f2b14e893,"{""distance"":5,""physical_error_rate"":5e-05}","{""detection_events"":13011,""detectors_checked"":58165408}"
    252928,         0,         0,    6.84,exact_mw,f32ebecd8e105e50ec838d33c5ed9b45444b6b44a3c6ac541111079f2b14e893,"{""distance"":5,""physical_error_rate"":5e-05}","{""detection_events"":12209,""detectors_checked"":56655872}"
   1768448,         0,         0,    22.8,exact_mw,cdc4a450a40af8e24899239080e4c40992fb5baf91c5a31ab3a165eacb3a1ab3,"{""distance"":5,""physical_error_rate"":0.0002}","{""detection_events"":349749,""detectors_checked"":396132352}"
    243136,         0,         0,    2.31,exact_mw,f32ebecd8e105e50ec838d33c5ed9b45444b6b44a3c6ac541111079f2b14e893,"{""distance"":5,""physical_error_rate"":5e-05}","{""detection_events"":11813,""detectors_checked"":54462464}"
    238592,         0,         0,    3.31,exact_mw,f32ebecd8e105e50ec838d33c5ed9b45444b6b44a3c6ac541111079f2b14e893,"{""distance"":5,""physical_error_rate"":5e-05}","{""detection_events"":11263,""detectors_checked"":53444608}"
    235520,         0,         0,    3.38,exact_mw,f32ebecd8e105e50ec838d33c5ed9b45444b6b44a3c6ac541111079f2b14e893,"{""distance"":5,""physical_error_rate"":5e-05}","{""detection_events"":11573,""detectors_checked"":52756480}"
    227634,         0,         0,    1.71,exact_mw,f32ebecd8e105e50ec838d33c5ed9b45444b6b44a3c6ac541111079f2b14e893,"{""distance"":5,""physical_error_rate"":5e-05}","{""detection_events"":11268,""detectors_checked"":50990016}"
    219136,         0,         0,    1.25,exact_mw,f32ebecd8e105e50ec838d33c5ed9b45444b6b44a3c6ac541111079f2b14e893,"{""distance"":5,""physical_error_rate"":5e-05}","{""detection_events"":10778,""detectors_checked"":49086464}"
    211968,         0,         0,    2.55,exact_mw,f32ebecd8e105e50ec838d33c5ed9b45444b6b44a3c6ac541111079f2b14e893,"{""distance"":5,""physical_error_rate"":5e-05}","{""detection_events"":10786,""detectors_checked"":47480832}"
    205705,         0,         0,    1.96,exact_mw,f32ebecd8e105e50ec838d33c5ed9b45444b6b44a3c6ac541111079f2b14e893,"{""distance"":5,""physical_error_rate"":5e-05}","{""detection_events"":10371,""detectors_checked"":46077920}"
    185804,         0,         0,    1.94,exact_mw,f32ebecd8e105e50ec838d33c5ed9b45444b6b44a3c6ac541111079f2b14e893,"{""distance"":5,""physical_error_rate"":5e-05}","{""detection_events"":9020,""detectors_checked"":41620096}"
    190464,         0,         0,    1.10,exact_mw,f32ebecd8e105e50ec838d33c5ed9b45444b6b44a3c6ac541111079f2b14e893,"{""distance"":5,""physical_error_rate"":5e-05}","{""detection_events"":9496,""detectors_checked"":42663936}"
    179998,         0,         0,    2.66,exact_mw,f32ebecd8e105e50ec838d33c5ed9b45444b6b44a3c6ac541111079f2b14e893,"{""distance"":5,""physical_error_rate"":5e-05}","{""detection_events"":8436,""detectors_checked"":40319552}"
    168421,         0,         0,    2.11,exact_mw,f32ebecd8e105e50ec838d33c5ed9b45444b6b44a3c6ac541111079f2b14e893,"{""distance"":5,""physical_error_rate"":5e-05}","{""detection_events"":8535,""detectors_checked"":37726304}"
    163158,         0,         0,    2.07,exact_mw,f32ebecd8e105e50ec838d33c5ed9b45444b6b44a3c6ac541111079f2b14e893,"{""distance"":5,""physical_error_rate"":5e-05}","{""detection_events"":8110,""detectors_checked"":36547392}"
    160768,         0,         0,    2.08,exact_mw,f32ebecd8e105e50ec838d33c5ed9b45444b6b44a3c6ac541111079f2b14e893,"{""distance"":5,""physical_error_rate"":5e-05}","{""detection_events"":7974,""detectors_checked"":36012032}"
    163840,         0,         0,    2.01,exact_mw,f32ebecd8e105e50ec838d33c5ed9b45444b6b44a3c6ac541111079f2b14e893,"{""distance"":5,""physical_error_rate"":5e-05}","{""detection_events"":8070,""detectors_checked"":36700160}"
    158059,         0,         0,    2.37,exact_mw,f32ebecd8e105e50ec838d33c5ed9b45444b6b44a3c6ac541111079f2b14e893,"{""distance"":5,""physical_error_rate"":5e-05}","{""detection_events"":7780,""detectors_checked"":35405216}"
    149504,         0,         0,    2.13,exact_mw,f32ebecd8e105e50ec838d33c5ed9b45444b6b44a3c6ac541111079f2b14e893,"{""distance"":5,""physical_error_rate"":5e-05}","{""detection_events"":7232,""detectors_checked"":33488896}"
    156672,         0,         0,    2.22,exact_mw,f32ebecd8e105e50ec838d33c5ed9b45444b6b44a3c6ac541111079f2b14e893,"{""distance"":5,""physical_error_rate"":5e-05}","{""detection_events"":7521,""detectors_checked"":35094528}"
    154624,         0,         0,    2.16,exact_mw,f32ebecd8e105e50ec838d33c5ed9b45444b6b44a3c6ac541111079f2b14e893,"{""distance"":5,""physical_error_rate"":5e-05}","{""detection_events"":7291,""detectors_checked"":34635776}"
    154624,         0,         0,    2.14,exact_mw,f32ebecd8e105e50ec838d33c5ed9b45444b6b44a3c6ac541111079f2b14e893,"{""distance"":5,""physical_error_rate"":5e-05}","{""detection_events"":7783,""detectors_checked"":34635776}"
    158059,         0,         0,    2.19,exact_mw,f32ebecd8e105e50ec838d33c5ed9b45444b6b44a3c6ac541111079f2b14e893,"{""distance"":5,""physical_error_rate"":5e-05}","{""detection_events"":7848,""detectors_checked"":35405216}"
    153600,         0,         0,    2.14,exact_mw,f32ebecd8e105e50ec838d33c5ed9b45444b6b44a3c6ac541111079f2b14e893,"{""distance"":5,""physical_error_rate"":5e-05}","{""detection_events"":7563,""detectors_checked"":34406400}"
    128000,         0,         0,    2.29,exact_mw,f32ebecd8e105e50ec838d33c5ed9b45444b6b44a3c6ac541111079f2b14e893,"{""distance"":5,""physical_error_rate"":5e-05}","{""detection_events"":6292,""detectors_checked"":28672000}"
    135168,         0,         0,    2.30,exact_mw,f32ebecd8e105e50ec838d33c5ed9b45444b6b44a3c6ac541111079f2b14e893,"{""distance"":5,""physical_error_rate"":5e-05}","{""detection_events"":6814,""detectors_checked"":30277632}"
   6222559,         0,         0,    98.6,exact_mw,cdc4a450a40af8e24899239080e4c40992fb5baf91c5a31ab3a165eacb3a1ab3,"{""distance"":5,""physical_error_rate"":0.0002}","{""detection_events"":1226399,""detectors_checked"":1393853216}"
   5639168,         0,         0,    78.8,exact_mw,cdc4a450a40af8e24899239080e4c40992fb5baf91c5a31ab3a165eacb3a1ab3,"{""distance"":5,""physical_error_rate"":0.0002}","{""detection_events"":1111195,""detectors_checked"":1263173632}"
    118805,         0,         0,    1.88,exact_mw,f32ebecd8e105e50ec838d33c5ed9b45444b6b44a3c6ac541111079f2b14e893,"{""distance"":5,""physical_error_rate"":5e-05}","{""detection_events"":5883,""detectors_checked"":26612320}"
    111616,         0,         0,    3.17,exact_mw,f32ebecd8e105e50ec838d33c5ed9b45444b6b44a3c6ac541111079f2b14e893,"{""distance"":5,""physical_error_rate"":5e-05}","{""detection_events"":5495,""detectors_checked"":25001984}"
    128000,         0,         0,   0.983,exact_mw,f32ebecd8e105e50ec838d33c5ed9b45444b6b44a3c6ac541111079f2b14e893,"{""distance"":5,""physical_error_rate"":5e-05}","{""detection_events"":6076,""detectors_checked"":28672000}"
    141312,         0,         0,    3.15,exact_mw,f32ebecd8e105e50ec838d33c5ed9b45444b6b44a3c6ac541111079f2b14e893,"{""distance"":5,""physical_error_rate"":5e-05}","{""detection_events"":6819,""detectors_checked"":31653888}"
    109568,         0,         0,    1.85,exact_mw,f32ebecd8e105e50ec838d33c5ed9b45444b6b44a3c6ac541111079f2b14e893,"{""distance"":5,""physical_error_rate"":5e-05}","{""detection_events"":5527,""detectors_checked"":24543232}"
    130048,         0,         0,    1.90,exact_mw,f32ebecd8e105e50ec838d33c5ed9b45444b6b44a3c6ac541111079f2b14e893,"{""distance"":5,""physical_error_rate"":5e-05}","{""detection_events"":6703,""detectors_checked"":29130752}"
    102068,         0,         0,   0.830,exact_mw,f32ebecd8e105e50ec838d33c5ed9b45444b6b44a3c6ac541111079f2b14e893,"{""distance"":5,""physical_error_rate"":5e-05}","{""detection_events"":5239,""detectors_checked"":22863232}"
     81920,         0,         0,    1.11,exact_mw,f32ebecd8e105e50ec838d33c5ed9b45444b6b44a3c6ac541111079f2b14e893,"{""distance"":5,""physical_error_rate"":5e-05}","{""detection_events"":3933,""detectors_checked"":18350080}"
     87040,         0,         0,   0.826,exact_mw,f32ebecd8e105e50ec838d33c5ed9b45444b6b44a3c6ac541111079f2b14e893,"{""distance"":5,""physical_error_rate"":5e-05}","{""detection_events"":4029,""detectors_checked"":19496960}"
     80896,         0,         0,   0.994,exact_mw,f32ebecd8e105e50ec838d33c5ed9b45444b6b44a3c6ac541111079f2b14e893,"{""distance"":5,""physical_error_rate"":5e-05}","{""detection_events"":3994,""detectors_checked"":18120704}"
     94208,         0,         0,   0.792,exact_mw,f32ebecd8e105e50ec838d33c5ed9b45444b6b44a3c6ac541111079f2b14e893,"{""distance"":5,""physical_error_rate"":5e-05}","{""detection_events"":4507,""detectors_checked"":21102592}"
     87040,         0,         0,    1.86,exact_mw,f32ebecd8e105e50ec838d33c5ed9b45444b6b44a3c6ac541111079f2b14e893,"{""distance"":5,""physical_error_rate"":5e-05}","{""detection_events"":4056,""detectors_checked"":19496960}"
     81920,         0,         0,    1.08,exact_mw,f32ebecd8e105e50ec838d33c5ed9b45444b6b44a3c6ac541111079f2b14e893,"{""distance"":5,""physical_error_rate"":5e-05}","{""detection_events"":3908,""detectors_checked"":18350080}"
     57732,         0,         0,   0.586,exact_mw,f32ebecd8e105e50ec838d33c5ed9b45444b6b44a3c6ac541111079f2b14e893,"{""distance"":5,""physical_error_rate"":5e-05}","{""detection_events"":2809,""detectors_checked"":12931968}"
     73728,         0,         0,   0.876,exact_mw,f32ebecd8e105e50ec838d33c5ed9b45444b6b44a3c6ac541111079f2b14e893,"{""distance"":5,""physical_error_rate"":5e-05}","{""detection_events"":3715,""detectors_checked"":16515072}"
     63488,         0,         0,   0.837,exact_mw,f32ebecd8e105e50ec838d33c5ed9b45444b6b44a3c6ac541111079f2b14e893,"{""distance"":5,""physical_error_rate"":5e-05}","{""detection_events"":3144,""detectors_checked"":14221312}"
     72704,         0,         0,    1.11,exact_mw,f32ebecd8e105e50ec838d33c5ed9b45444b6b44a3c6ac541111079f2b14e893,"{""distance"":5,""physical_error_rate"":5e-05}","{""detection_events"":3580,""detectors_checked"":16285696}"
     62464,         0,         0,   0.861,exact_mw,f32ebecd8e105e50ec838d33c5ed9b45444b6b44a3c6ac541111079f2b14e893,"{""distance"":5,""physical_error_rate"":5e-05}","{""detection_events"":3085,""detectors_checked"":13991936}"
     61650,         0,         0,   0.463,exact_mw,f32ebecd8e105e50ec838d33c5ed9b45444b6b44a3c6ac541111079f2b14e893,"{""distance"":5,""physical_error_rate"":5e-05}","{""detection_events"":2896,""detectors_checked"":13809600}"
     61440,         0,         0,   0.830,exact_mw,f32ebecd8e105e50ec838d33c5ed9b45444b6b44a3c6ac541111079f2b14e893,"{""distance"":5,""physical_error_rate"":5e-05}","{""detection_events"":2968,""detectors_checked"":13762560}"
     59392,         0,         0,   0.875,exact_mw,f32ebecd8e105e50ec838d33c5ed9b45444b6b44a3c6ac541111079f2b14e893,"{""distance"":5,""physical_error_rate"":5e-05}","{""detection_events"":2933,""detectors_checked"":13303808}"
     53248,         0,         0,   0.838,exact_mw,f32ebecd8e105e50ec838d33c5ed9b45444b6b44a3c6ac541111079f2b14e893,"{""distance"":5,""physical_error_rate"":5e-05}","{""detection_events"":2563,""detectors_checked"":11927552}"
     66560,         0,         0,   0.803,exact_mw,f32ebecd8e105e50ec838d33c5ed9b45444b6b44a3c6ac541111079f2b14e893,"{""distance"":5,""physical_error_rate"":5e-05}","{""detection_events"":3408,""detectors_checked"":14909440}"
     51212,         0,         0,   0.673,exact_mw,f32ebecd8e105e50ec838d33c5ed9b45444b6b44a3c6ac541111079f2b14e893,"{""distance"":5,""physical_error_rate"":5e-05}","{""detection_events"":2832,""detectors_checked"":11471488}"
     51212,         0,         0,   0.646,exact_mw,f32ebecd8e105e50ec838d33c5ed9b45444b6b44a3c6ac541111079f2b14e893,"{""distance"":5,""physical_error_rate"":5e-05}","{""detection_events"":2702,""detectors_checked"":11471488}"
     30442,         0,         0,   0.226,exact_mw,f32ebecd8e105e50ec838d33c5ed9b45444b6b44a3c6ac541111079f2b14e893,"{""distance"":5,""physical_error_rate"":5e-05}","{""detection_events"":1459,""detectors_checked"":6819008}"
     51212,         0,         0,   0.680,exact_mw,f32ebecd8e105e50ec838d33c5ed9b45444b6b44a3c6ac541111079f2b14e893,"{""distance"":5,""physical_error_rate"":5e-05}","{""detection_events"":2570,""detectors_checked"":11471488}"
     45056,         0,         0,   0.651,exact_mw,f32ebecd8e105e50ec838d33c5ed9b45444b6b44a3c6ac541111079f2b14e893,"{""distance"":5,""physical_error_rate"":5e-05}","{""detection_events"":2257,""detectors_checked"":10092544}"
     43008,         0,         0,   0.693,exact_mw,f32ebecd8e105e50ec838d33c5ed9b45444b6b44a3c6ac541111079f2b14e893,"{""distance"":5,""physical_error_rate"":5e-05}","{""detection_events"":2187,""detectors_checked"":9633792}"
     50176,         0,         0,   0.681,exact_mw,f32ebecd8e105e50ec838d33c5ed9b45444b6b44a3c6ac541111079f2b14e893,"{""distance"":5,""physical_error_rate"":5e-05}","{""detection_events"":2595,""detectors_checked"":11239424}"
     44032,         0,         0,   0.681,exact_mw,f32ebecd8e105e50ec838d33c5ed9b45444b6b44a3c6ac541111079f2b14e893,"{""distance"":5,""physical_error_rate"":5e-05}","{""detection_events"":2188,""detectors_checked"":9863168}"
     45056,         0,         0,   0.667,exact_mw,f32ebecd8e105e50ec838d33c5ed9b45444b6b44a3c6ac541111079f2b14e893,"{""distance"":5,""physical_error_rate"":5e-05}","{""detection_events"":2296,""detectors_checked"":10092544}"
      1727,         0,         0,   0.005,exact_mw,f32ebecd8e105e50ec838d33c5ed9b45444b6b44a3c6ac541111079f2b14e893,"{""distance"":5,""physical_error_rate"":5e-05}","{""detection_events"":97,""detectors_checked"":386848}"
     34816,         0,         0,   0.500,exact_mw,f32ebecd8e105e50ec838d33c5ed9b45444b6b44a3c6ac541111079f2b14e893,"{""distance"":5,""physical_error_rate"":5e-05}","{""detection_events"":1639,""detectors_checked"":7798784}"
     49152,         0,         0,   0.514,exact_mw,f32ebecd8e105e50ec838d33c5ed9b45444b6b44a3c6ac541111079f2b14e893,"{""distance"":5,""physical_error_rate"":5e-05}","{""detection_events"":2478,""detectors_checked"":11010048}"
     51212,         0,         0,   0.682,exact_mw,f32ebecd8e105e50ec838d33c5ed9b45444b6b44a3c6ac541111079f2b14e893,"{""distance"":5,""physical_error_rate"":5e-05}","{""detection_events"":2473,""detectors_checked"":11471488}"
     36864,         0,         0,   0.330,exact_mw,f32ebecd8e105e50ec838d33c5ed9b45444b6b44a3c6ac541111079f2b14e893,"{""distance"":5,""physical_error_rate"":5e-05}","{""detection_events"":1921,""detectors_checked"":8257536}"
      9121,         0,         0,   0.048,exact_mw,f32ebecd8e105e50ec838d33c5ed9b45444b6b44a3c6ac541111079f2b14e893,"{""distance"":5,""physical_error_rate"":5e-05}","{""detection_events"":407,""detectors_checked"":2043104}"
     26624,         0,         0,   0.486,exact_mw,f32ebecd8e105e50ec838d33c5ed9b45444b6b44a3c6ac541111079f2b14e893,"{""distance"":5,""physical_error_rate"":5e-05}","{""detection_events"":1253,""detectors_checked"":5963776}"
     37939,         0,         0,   0.504,exact_mw,f32ebecd8e105e50ec838d33c5ed9b45444b6b44a3c6ac541111079f2b14e893,"{""distance"":5,""physical_error_rate"":5e-05}","{""detection_events"":1804,""detectors_checked"":8498336}"
     29696,         0,         0,   0.308,exact_mw,f32ebecd8e105e50ec838d33c5ed9b45444b6b44a3c6ac541111079f2b14e893,"{""distance"":5,""physical_error_rate"":5e-05}","{""detection_events"":1485,""detectors_checked"":6651904}"
     30720,         0,         0,   0.322,exact_mw,f32ebecd8e105e50ec838d33c5ed9b45444b6b44a3c6ac541111079f2b14e893,"{""distance"":5,""physical_error_rate"":5e-05}","{""detection_events"":1568,""detectors_checked"":6881280}"
     28672,         0,         0,   0.305,exact_mw,f32ebecd8e105e50ec838d33c5ed9b45444b6b44a3c6ac541111079f2b14e893,"{""distance"":5,""physical_error_rate"":5e-05}","{""detection_events"":1312,""detectors_checked"":6422528}"
     28672,         0,         0,   0.278,exact_mw,f32ebecd8e105e50ec838d33c5ed9b45444b6b44a3c6ac541111079f2b14e893,"{""distance"":5,""physical_error_rate"":5e-05}","{""detection_events"":1419,""detectors_checked"":6422528}"
     34816,         0,         0,   0.528,exact_mw,f32ebecd8e105e50ec838d33c5ed9b45444b6b44a3c6ac541111079f2b14e893,"{""distance"":5,""physical_error_rate"":5e-05}","{""detection_events"":1871,""detectors_checked"":7798784}"
     53248,         0,         0,    3.02,exact_mw,f32ebecd8e105e50ec838d33c5ed9b45444b6b44a3c6ac541111079f2b14e893,"{""distance"":5,""physical_error_rate"":5e-05}","{""detection_events"":2714,""detectors_checked"":11927552}"
     25600,         0,         0,   0.314,exact_mw,f32ebecd8e105e50ec838d33c5ed9b45444b6b44a3c6ac541111079f2b14e893,"{""distance"":5,""physical_error_rate"":5e-05}","{""detection_events"":1324,""detectors_checked"":5734400}"
      2109,         0,         0,   0.006,exact_mw,f32ebecd8e105e50ec838d33c5ed9b45444b6b44a3c6ac541111079f2b14e893,"{""distance"":5,""physical_error_rate"":5e-05}","{""detection_events"":94,""detectors_checked"":472416}"
     26557,         0,         0,   0.338,exact_mw,f32ebecd8e105e50ec838d33c5ed9b45444b6b44a3c6ac541111079f2b14e893,"{""distance"":5,""physical_error_rate"":5e-05}","{""detection_events"":1244,""detectors_checked"":5948768}"
      4724,         0,         0,   0.023,exact_mw,f32ebecd8e105e50ec838d33c5ed9b45444b6b44a3c6ac541111079f2b14e893,"{""distance"":5,""physical_error_rate"":5e-05}","{""detection_events"":254,""detectors_checked"":1058176}"
     10432,         0,         0,   0.078,exact_mw,f32ebecd8e105e50ec838d33c5ed9b45444b6b44a3c6ac541111079f2b14e893,"{""distance"":5,""physical_error_rate"":5e-05}","{""detection_events"":505,""detectors_checked"":2336768}"
     10157,         0,         0,   0.096,exact_mw,f32ebecd8e105e50ec838d33c5ed9b45444b6b44a3c6ac541111079f2b14e893,"{""distance"":5,""physical_error_rate"":5e-05}","{""detection_events"":424,""detectors_checked"":2275168}"
     10947,         0,         0,   0.085,exact_mw,f32ebecd8e105e50ec838d33c5ed9b45444b6b44a3c6ac541111079f2b14e893,"{""distance"":5,""physical_error_rate"":5e-05}","{""detection_events"":507,""detectors_checked"":2452128}"
     26557,         0,         0,   0.333,exact_mw,f32ebecd8e105e50ec838d33c5ed9b45444b6b44a3c6ac541111079f2b14e893,"{""distance"":5,""physical_error_rate"":5e-05}","{""detection_events"":1338,""detectors_checked"":5948768}"
     23552,         0,         0,   0.327,exact_mw,f32ebecd8e105e50ec838d33c5ed9b45444b6b44a3c6ac541111079f2b14e893,"{""distance"":5,""physical_error_rate"":5e-05}","{""detection_events"":1188,""detectors_checked"":5275648}"
      5018,         0,         0,   0.054,exact_mw,f32ebecd8e105e50ec838d33c5ed9b45444b6b44a3c6ac541111079f2b14e893,"{""distance"":5,""physical_error_rate"":5e-05}","{""detection_events"":224,""detectors_checked"":1124032}"
     14336,         0,         0,   0.131,exact_mw,f32ebecd8e105e50ec838d33c5ed9b45444b6b44a3c6ac541111079f2b14e893,"{""distance"":5,""physical_error_rate"":5e-05}","{""detection_events"":733,""detectors_checked"":3211264}"
      4970,         0,         0,   0.042,exact_mw,f32ebecd8e105e50ec838d33c5ed9b45444b6b44a3c6ac541111079f2b14e893,"{""distance"":5,""physical_error_rate"":5e-05}","{""detection_events"":239,""detectors_checked"":1113280}"
     29696,         0,         0,   0.345,exact_mw,f32ebecd8e105e50ec838d33c5ed9b45444b6b44a3c6ac541111079f2b14e893,"{""distance"":5,""physical_error_rate"":5e-05}","{""detection_events"":1546,""detectors_checked"":6651904}"
      5763,         0,         0,   0.043,exact_mw,f32ebecd8e105e50ec838d33c5ed9b45444b6b44a3c6ac541111079f2b14e893,"{""distance"":5,""physical_error_rate"":5e-05}","{""detection_events"":228,""detectors_checked"":1290912}"
     21504,         0,         0,   0.346,exact_mw,f32ebecd8e105e50ec838d33c5ed9b45444b6b44a3c6ac541111079f2b14e893,"{""distance"":5,""physical_error_rate"":5e-05}","{""detection_events"":1028,""detectors_checked"":4816896}"
     14336,         0,         0,   0.094,exact_mw,f32ebecd8e105e50ec838d33c5ed9b45444b6b44a3c6ac541111079f2b14e893,"{""distance"":5,""physical_error_rate"":5e-05}","{""detection_events"":813,""detectors_checked"":3211264}"
      5309,         0,         0,   0.049,exact_mw,f32ebecd8e105e50ec838d33c5ed9b45444b6b44a3c6ac541111079f2b14e893,"{""distance"":5,""physical_error_rate"":5e-05}","{""detection_events"":273,""detectors_checked"":1189216}"
     11264,         0,         0,   0.080,exact_mw,f32ebecd8e105e50ec838d33c5ed9b45444b6b44a3c6ac541111079f2b14e893,"{""distance"":5,""physical_error_rate"":5e-05}","{""detection_events"":569,""detectors_checked"":2523136}"
     11515,         0,         0,   0.105,exact_mw,f32ebecd8e105e50ec838d33c5ed9b45444b6b44a3c6ac541111079f2b14e893,"{""distance"":5,""physical_error_rate"":5e-05}","{""detection_events"":564,""detectors_checked"":2579360}"
     13312,         0,         0,   0.114,exact_mw,f32ebecd8e105e50ec838d33c5ed9b45444b6b44a3c6ac541111079f2b14e893,"{""distance"":5,""physical_error_rate"":5e-05}","{""detection_events"":716,""detectors_checked"":2981888}"
      8307,         0,         0,   0.070,exact_mw,f32ebecd8e105e50ec838d33c5ed9b45444b6b44a3c6ac541111079f2b14e893,"{""distance"":5,""physical_error_rate"":5e-05}","{""detection_events"":382,""detectors_checked"":1860768}"
       529,         0,         0,   0.002,exact_mw,f32ebecd8e105e50ec838d33c5ed9b45444b6b44a3c6ac541111079f2b14e893,"{""distance"":5,""physical_error_rate"":5e-05}","{""detection_events"":28,""detectors_checked"":118496}"
      1924,         0,         0,   0.005,exact_mw,f32ebecd8e105e50ec838d33c5ed9b45444b6b44a3c6ac541111079f2b14e893,"{""distance"":5,""physical_error_rate"":5e-05}","{""detection_events"":91,""detectors_checked"":430976}"
       965,         0,         0,   0.003,exact_mw,f32ebecd8e105e50ec838d33c5ed9b45444b6b44a3c6ac541111079f2b14e893,"{""distance"":5,""physical_error_rate"":5e-05}","{""detection_events"":51,""detectors_checked"":216160}"
      1085,         0,         0,   0.003,exact_mw,f32ebecd8e105e50ec838d33c5ed9b45444b6b44a3c6ac541111079f2b14e893,"{""distance"":5,""physical_error_rate"":5e-05}","{""detection_events"":54,""detectors_checked"":243040}"
     14336,         0,         0,   0.140,exact_mw,f32ebecd8e105e50ec838d33c5ed9b45444b6b44a3c6ac541111079f2b14e893,"{""distance"":5,""physical_error_rate"":5e-05}","{""detection_events"":671,""detectors_checked"":3211264}"
      1111,         0,         0,   0.003,exact_mw,f32ebecd8e105e50ec838d33c5ed9b45444b6b44a3c6ac541111079f2b14e893,"{""distance"":5,""physical_error_rate"":5e-05}","{""detection_events"":56,""detectors_checked"":248864}"
     12288,         0,         0,   0.123,exact_mw,f32ebecd8e105e50ec838d33c5ed9b45444b6b44a3c6ac541111079f2b14e893,"{""distance"":5,""physical_error_rate"":5e-05}","{""detection_events"":583,""detectors_checked"":2752512}"
     10240,         0,         0,   0.107,exact_mw,f32ebecd8e105e50ec838d33c5ed9b45444b6b44a3c6ac541111079f2b14e893,"{""distance"":5,""physical_error_rate"":5e-05}","{""detection_events"":474,""detectors_checked"":2293760}"
      5300,         0,         0,   0.020,exact_mw,f32ebecd8e105e50ec838d33c5ed9b45444b6b44a3c6ac541111079f2b14e893,"{""distance"":5,""physical_error_rate"":5e-05}","{""detection_events"":272,""detectors_checked"":1187200}"
      1998,         0,         0,   0.005,exact_mw,f32ebecd8e105e50ec838d33c5ed9b45444b6b44a3c6ac541111079f2b14e893,"{""distance"":5,""physical_error_rate"":5e-05}","{""detection_events"":113,""detectors_checked"":447552}"
      3710,         0,         0,   0.011,exact_mw,f32ebecd8e105e50ec838d33c5ed9b45444b6b44a3c6ac541111079f2b14e893,"{""distance"":5,""physical_error_rate"":5e-05}","{""detection_events"":243,""detectors_checked"":831040}"
      3005,         0,         0,   0.023,exact_mw,f32ebecd8e105e50ec838d33c5ed9b45444b6b44a3c6ac541111079f2b14e893,"{""distance"":5,""physical_error_rate"":5e-05}","{""detection_events"":119,""detectors_checked"":673120}"
      2351,         0,         0,   0.010,exact_mw,f32ebecd8e105e50ec838d33c5ed9b45444b6b44a3c6ac541111079f2b14e893,"{""distance"":5,""physical_error_rate"":5e-05}","{""detection_events"":133,""detectors_checked"":526624}"
     11264,         0,         0,   0.129,exact_mw,f32ebecd8e105e50ec838d33c5ed9b45444b6b44a3c6ac541111079f2b14e893,"{""distance"":5,""physical_error_rate"":5e-05}","{""detection_events"":621,""detectors_checked"":2523136}"
      5181,         0,         0,   0.076,exact_mw,f32ebecd8e105e50ec838d33c5ed9b45444b6b44a3c6ac541111079f2b14e893,"{""distance"":5,""physical_error_rate"":5e-05}","{""detection_events"":244,""detectors_checked"":1160544}"
      2854,         0,         0,   0.018,exact_mw,f32ebecd8e105e50ec838d33c5ed9b45444b6b44a3c6ac541111079f2b14e893,"{""distance"":5,""physical_error_rate"":5e-05}","{""detection_events"":156,""detectors_checked"":639296}"
     14974,         0,         0,   0.146,exact_mw,f32ebecd8e105e50ec838d33c5ed9b45444b6b44a3c6ac541111079f2b14e893,"{""distance"":5,""physical_error_rate"":5e-05}","{""detection_events"":643,""detectors_checked"":3354176}"
      8409,         0,         0,   0.108,exact_mw,f32ebecd8e105e50ec838d33c5ed9b45444b6b44a3c6ac541111079f2b14e893,"{""distance"":5,""physical_error_rate"":5e-05}","{""detection_events"":437,""detectors_checked"":1883616}"
      3801,         0,         0,   0.015,exact_mw,f32ebecd8e105e50ec838d33c5ed9b45444b6b44a3c6ac541111079f2b14e893,"{""distance"":5,""physical_error_rate"":5e-05}","{""detection_events"":180,""detectors_checked"":851424}"
       675,         0,         0,   0.002,exact_mw,f32ebecd8e105e50ec838d33c5ed9b45444b6b44a3c6ac541111079f2b14e893,"{""distance"":5,""physical_error_rate"":5e-05}","{""detection_events"":34,""detectors_checked"":151200}"
      6144,         0,         0,   0.047,exact_mw,f32ebecd8e105e50ec838d33c5ed9b45444b6b44a3c6ac541111079f2b14e893,"{""distance"":5,""physical_error_rate"":5e-05}","{""detection_events"":228,""detectors_checked"":1376256}"
      1311,         0,         0,   0.004,exact_mw,f32ebecd8e105e50ec838d33c5ed9b45444b6b44a3c6ac541111079f2b14e893,"{""distance"":5,""physical_error_rate"":5e-05}","{""detection_events"":61,""detectors_checked"":293664}"
     10407,         0,         0,   0.152,exact_mw,f32ebecd8e105e50ec838d33c5ed9b45444b6b44a3c6ac541111079f2b14e893,"{""distance"":5,""physical_error_rate"":5e-05}","{""detection_events"":484,""detectors_checked"":2331168}"
       670,         0,         0,   0.002,exact_mw,f32ebecd8e105e50ec838d33c5ed9b45444b6b44a3c6ac541111079f2b14e893,"{""distance"":5,""physical_error_rate"":5e-05}","{""detection_events"":29,""detectors_checked"":150080}"
      7627,         0,         0,   0.051,exact_mw,f32ebecd8e105e50ec838d33c5ed9b45444b6b44a3c6ac541111079f2b14e893,"{""distance"":5,""physical_error_rate"":5e-05}","{""detection_events"":408,""detectors_checked"":1708448}"
      1387,         0,         0,   0.004,exact_mw,f32ebecd8e105e50ec838d33c5ed9b45444b6b44a3c6ac541111079f2b14e893,"{""distance"":5,""physical_error_rate"":5e-05}","{""detection_events"":70,""detectors_checked"":310688}"
       167,         0,         0,   0.001,exact_mw,f32ebecd8e105e50ec838d33c5ed9b45444b6b44a3c6ac541111079f2b14e893,"{""distance"":5,""physical_error_rate"":5e-05}","{""detection_events"":10,""detectors_checked"":37408}"
       402,         0,         0,   0.001,exact_mw,f32ebecd8e105e50ec838d33c5ed9b45444b6b44a3c6ac541111079f2b14e893,"{""distance"":5,""physical_error_rate"":5e-05}","{""detection_events"":11,""detectors_checked"":90048}"
       966,         0,         0,   0.003,exact_mw,f32ebecd8e105e50ec838d33c5ed9b45444b6b44a3c6ac541111079f2b14e893,"{""distance"":5,""physical_error_rate"":5e-05}","{""detection_events"":62,""detectors_checked"":216384}"
      9216,         0,         0,   0.063,exact_mw,f32ebecd8e105e50ec838d33c5ed9b45444b6b44a3c6ac541111079f2b14e893,"{""distance"":5,""physical_error_rate"":5e-05}","{""detection_events"":439,""detectors_checked"":2064384}"
      2213,         0,         0,   0.007,exact_mw,f32ebecd8e105e50ec838d33c5ed9b45444b6b44a3c6ac541111079f2b14e893,"{""distance"":5,""physical_error_rate"":5e-05}","{""detection_events"":126,""detectors_checked"":495712}"
      4824,         0,         0,   0.040,exact_mw,f32ebecd8e105e50ec838d33c5ed9b45444b6b44a3c6ac541111079f2b14e893,"{""distance"":5,""physical_error_rate"":5e-05}","{""detection_events"":255,""detectors_checked"":1080576}"
      7168,         0,         0,   0.043,exact_mw,f32ebecd8e105e50ec838d33c5ed9b45444b6b44a3c6ac541111079f2b14e893,"{""distance"":5,""physical_error_rate"":5e-05}","{""detection_events"":367,""detectors_checked"":1605632}"
      9216,         0,         0,   0.095,exact_mw,f32ebecd8e105e50ec838d33c5ed9b45444b6b44a3c6ac541111079f2b14e893,"{""distance"":5,""physical_error_rate"":5e-05}","{""detection_events"":411,""detectors_checked"":2064384}"
         7,         0,         0,   0.000,exact_mw,f32ebecd8e105e50ec838d33c5ed9b45444b6b44a3c6ac541111079f2b14e893,"{""distance"":5,""physical_error_rate"":5e-05}","{""detectors_checked"":1568}"
       638,         0,         0,   0.002,exact_mw,f32ebecd8e105e50ec838d33c5ed9b45444b6b44a3c6ac541111079f2b14e893,"{""distance"":5,""physical_error_rate"":5e-05}","{""detection_events"":22,""detectors_checked"":142912}"
       624,         0,         0,   0.004,exact_mw,f32ebecd8e105e50ec838d33c5ed9b45444b6b44a3c6ac541111079f2b14e893,"{""distance"":5,""physical_error_rate"":5e-05}","{""detection_events"":29,""detectors_checked"":139776}"
       964,         0,         0,   0.003,exact_mw,f32ebecd8e105e50ec838d33c5ed9b45444b6b44a3c6ac541111079f2b14e893,"{""distance"":5,""physical_error_rate"":5e-05}","{""detection_events"":49,""detectors_checked"":215936}"
      1696,         0,         0,   0.014,exact_mw,f32ebecd8e105e50ec838d33c5ed9b45444b6b44a3c6ac541111079f2b14e893,"{""distance"":5,""physical_error_rate"":5e-05}","{""detection_events"":89,""detectors_checked"":379904}"
      7110,         0,         0,   0.037,exact_mw,f32ebecd8e105e50ec838d33c5ed9b45444b6b44a3c6ac541111079f2b14e893,"{""distance"":5,""physical_error_rate"":5e-05}","{""detection_events"":346,""detectors_checked"":1592640}"
      3072,         0,         0,   0.028,exact_mw,f32ebecd8e105e50ec838d33c5ed9b45444b6b44a3c6ac541111079f2b14e893,"{""distance"":5,""physical_error_rate"":5e-05}","{""detection_events"":150,""detectors_checked"":688128}"
       638,         0,         0,   0.006,exact_mw,f32ebecd8e105e50ec838d33c5ed9b45444b6b44a3c6ac541111079f2b14e893,"{""distance"":5,""physical_error_rate"":5e-05}","{""detection_events"":36,""detectors_checked"":142912}"
       107,         0,         0,   0.000,exact_mw,f32ebecd8e105e50ec838d33c5ed9b45444b6b44a3c6ac541111079f2b14e893,"{""distance"":5,""physical_error_rate"":5e-05}","{""detection_events"":2,""detectors_checked"":23968}"
      2064,         0,         0,   0.009,exact_mw,f32ebecd8e105e50ec838d33c5ed9b45444b6b44a3c6ac541111079f2b14e893,"{""distance"":5,""physical_error_rate"":5e-05}","{""detection_events"":85,""detectors_checked"":462336}"
       141,         0,         0,   0.001,exact_mw,f32ebecd8e105e50ec838d33c5ed9b45444b6b44a3c6ac541111079f2b14e893,"{""distance"":5,""physical_error_rate"":5e-05}","{""detection_events"":14,""detectors_checked"":31584}"
       410,         0,         0,   0.001,exact_mw,f32ebecd8e105e50ec838d33c5ed9b45444b6b44a3c6ac541111079f2b14e893,"{""distance"":5,""physical_error_rate"":5e-05}","{""detection_events"":13,""detectors_checked"":91840}"
       429,         0,         0,   0.001,exact_mw,f32ebecd8e105e50ec838d33c5ed9b45444b6b44a3c6ac541111079f2b14e893,"{""distance"":5,""physical_error_rate"":5e-05}","{""detection_events"":36,""detectors_checked"":96096}"
       106,         0,         0,   0.000,exact_mw,f32ebecd8e105e50ec838d33c5ed9b45444b6b44a3c6ac541111079f2b14e893,"{""distance"":5,""physical_error_rate"":5e-05}","{""detection_events"":17,""detectors_checked"":23744}"
     11264,         0,         0,   0.113,exact_mw,f32ebecd8e105e50ec838d33c5ed9b45444b6b44a3c6ac541111079f2b14e893,"{""distance"":5,""physical_error_rate"":5e-05}","{""detection_events"":467,""detectors_checked"":2523136}"
      3155,         0,         0,   0.009,exact_mw,f32ebecd8e105e50ec838d33c5ed9b45444b6b44a3c6ac541111079f2b14e893,"{""distance"":5,""physical_error_rate"":5e-05}","{""detection_events"":187,""detectors_checked"":706720}"
      1400,         0,         0,   0.004,exact_mw,f32ebecd8e105e50ec838d33c5ed9b45444b6b44a3c6ac541111079f2b14e893,"{""distance"":5,""physical_error_rate"":5e-05}","{""detection_events"":57,""detectors_checked"":313600}"
      4421,         0,         0,   0.022,exact_mw,f32ebecd8e105e50ec838d33c5ed9b45444b6b44a3c6ac541111079f2b14e893,"{""distance"":5,""physical_error_rate"":5e-05}","{""detection_events"":244,""detectors_checked"":990304}"
      9216,         0,         0,   0.123,exact_mw,f32ebecd8e105e50ec838d33c5ed9b45444b6b44a3c6ac541111079f2b14e893,"{""distance"":5,""physical_error_rate"":5e-05}","{""detection_events"":441,""detectors_checked"":2064384}"
        62,         0,         0,   0.000,exact_mw,f32ebecd8e105e50ec838d33c5ed9b45444b6b44a3c6ac541111079f2b14e893,"{""distance"":5,""physical_error_rate"":5e-05}","{""detection_events"":5,""detectors_checked"":13888}"
       624,         0,         0,   0.002,exact_mw,f32ebecd8e105e50ec838d33c5ed9b45444b6b44a3c6ac541111079f2b14e893,"{""distance"":5,""physical_error_rate"":5e-05}","{""detection_events"":39,""detectors_checked"":139776}"
       198,         0,         0,   0.001,exact_mw,f32ebecd8e105e50ec838d33c5ed9b45444b6b44a3c6ac541111079f2b14e893,"{""distance"":5,""physical_error_rate"":5e-05}","{""detection_events"":6,""detectors_checked"":44352}"
      5895,         0,         0,   0.050,exact_mw,f32ebecd8e105e50ec838d33c5ed9b45444b6b44a3c6ac541111079f2b14e893,"{""distance"":5,""physical_error_rate"":5e-05}","{""detection_events"":308,""detectors_checked"":1320480}"
      2048,         0,         0,   0.005,exact_mw,f32ebecd8e105e50ec838d33c5ed9b45444b6b44a3c6ac541111079f2b14e893,"{""distance"":5,""physical_error_rate"":5e-05}","{""detection_events"":88,""detectors_checked"":458752}"
       172,         0,         0,   0.001,exact_mw,f32ebecd8e105e50ec838d33c5ed9b45444b6b44a3c6ac541111079f2b14e893,"{""distance"":5,""physical_error_rate"":5e-05}","{""detection_events"":5,""detectors_checked"":38528}"
         1,         0,         0,   0.000,exact_mw,f32ebecd8e105e50ec838d33c5ed9b45444b6b44a3c6ac541111079f2b14e893,"{""distance"":5,""physical_error_rate"":5e-05}","{""detectors_checked"":224}"
      2423,         0,         0,   0.011,exact_mw,f32ebecd8e105e50ec838d33c5ed9b45444b6b44a3c6ac541111079f2b14e893,"{""distance"":5,""physical_error_rate"":5e-05}","{""detection_events"":106,""detectors_checked"":542752}"
       449,         0,         0,   0.001,exact_mw,f32ebecd8e105e50ec838d33c5ed9b45444b6b44a3c6ac541111079f2b14e893,"{""distance"":5,""physical_error_rate"":5e-05}","{""detection_events"":34,""detectors_checked"":100576}"
      1024,         0,         0,   0.003,exact_mw,f32ebecd8e105e50ec838d33c5ed9b45444b6b44a3c6ac541111079f2b14e893,"{""distance"":5,""physical_error_rate"":5e-05}","{""detection_events"":46,""detectors_checked"":229376}"
       532,         0,         0,   0.002,exact_mw,f32ebecd8e105e50ec838d33c5ed9b45444b6b44a3c6ac541111079f2b14e893,"{""distance"":5,""physical_error_rate"":5e-05}","{""detection_events"":22,""detectors_checked"":119168}"
       407,         0,         0,   0.001,exact_mw,f32ebecd8e105e50ec838d33c5ed9b45444b6b44a3c6ac541111079f2b14e893,"{""distance"":5,""physical_error_rate"":5e-05}","{""detection_events"":25,""detectors_checked"":91168}"
       183,         0,         0,   0.001,exact_mw,f32ebecd8e105e50ec838d33c5ed9b45444b6b44a3c6ac541111079f2b14e893,"{""distance"":5,""physical_error_rate"":5e-05}","{""detection_events"":6,""detectors_checked"":40992}"
      1008,         0,         0,   0.003,exact_mw,f32ebecd8e105e50ec838d33c5ed9b45444b6b44a3c6ac541111079f2b14e893,"{""distance"":5,""physical_error_rate"":5e-05}","{""detection_events"":37,""detectors_checked"":225792}"
        63,         0,         0,   0.000,exact_mw,f32ebecd8e105e50ec838d33c5ed9b45444b6b44a3c6ac541111079f2b14e893,"{""distance"":5,""physical_error_rate"":5e-05}","{""detection_events"":2,""detectors_checked"":14112}"
       728,         0,         0,   0.002,exact_mw,f32ebecd8e105e50ec838d33c5ed9b45444b6b44a3c6ac541111079f2b14e893,"{""distance"":5,""physical_error_rate"":5e-05}","{""detection_events"":33,""detectors_checked"":163072}"
       443,         0,         0,   0.001,exact_mw,f32ebecd8e105e50ec838d33c5ed9b45444b6b44a3c6ac541111079f2b14e893,"{""distance"":5,""physical_error_rate"":5e-05}","{""detection_events"":28,""detectors_checked"":99232}"
        69,         0,         0,   0.000,exact_mw,f32ebecd8e105e50ec838d33c5ed9b45444b6b44a3c6ac541111079f2b14e893,"{""distance"":5,""physical_error_rate"":5e-05}","{""detection_events"":5,""detectors_checked"":15456}"
       425,         0,         0,   0.001,exact_mw,f32ebecd8e105e50ec838d33c5ed9b45444b6b44a3c6ac541111079f2b14e893,"{""distance"":5,""physical_error_rate"":5e-05}","{""detection_events"":17,""detectors_checked"":95200}"
         6,         0,         0,   0.000,exact_mw,f32ebecd8e105e50ec838d33c5ed9b45444b6b44a3c6ac541111079f2b14e893,"{""distance"":5,""physical_error_rate"":5e-05}","{""detectors_checked"":1344}"
       540,         0,         0,   0.002,exact_mw,f32ebecd8e105e50ec838d33c5ed9b45444b6b44a3c6ac541111079f2b14e893,"{""distance"":5,""physical_error_rate"":5e-05}","{""detection_events"":19,""detectors_checked"":120960}"
        14,         0,         0,   0.000,exact_mw,f32ebecd8e105e50ec838d33c5ed9b45444b6b44a3c6ac541111079f2b14e893,"{""distance"":5,""physical_error_rate"":5e-05}","{""detection_events"":2,""detectors_checked"":3136}"
       468,         0,         0,   0.001,exact_mw,f32ebecd8e105e50ec838d33c5ed9b45444b6b44a3c6ac541111079f2b14e893,"{""distance"":5,""physical_error_rate"":5e-05}","{""detection_events"":14,""detectors_checked"":104832}"
      4096,         0,         0,   0.171,exact_mw,f32ebecd8e105e50ec838d33c5ed9b45444b6b44a3c6ac541111079f2b14e893,"{""distance"":5,""physical_error_rate"":5e-05}","{""detection_events"":289,""detectors_checked"":917504}"
       468,         0,         0,   0.001,exact_mw,f32ebecd8e105e50ec838d33c5ed9b45444b6b44a3c6ac541111079f2b14e893,"{""distance"":5,""physical_error_rate"":5e-05}","{""detection_events"":34,""detectors_checked"":104832}"
       468,         0,         0,   0.001,exact_mw,f32ebecd8e105e50ec838d33c5ed9b45444b6b44a3c6ac541111079f2b14e893,"{""distance"":5,""physical_error_rate"":5e-05}","{""detection_events"":24,""detectors_checked"":104832}"
       468,         0,         0,   0.001,exact_mw,f32ebecd8e105e50ec838d33c5ed9b45444b6b44a3c6ac541111079f2b14e893,"{""distance"":5,""physical_error_rate"":5e-05}","{""detection_events"":16,""detectors_checked"":104832}"
       454,         0,         0,   0.001,exact_mw,f32ebecd8e105e50ec838d33c5ed9b45444b6b44a3c6ac541111079f2b14e893,"{""distance"":5,""physical_error_rate"":5e-05}","{""detection_events"":9,""detectors_checked"":101696}"
       454,         0,         0,   0.001,exact_mw,f32ebecd8e105e50ec838d33c5ed9b45444b6b44a3c6ac541111079f2b14e893,"{""distance"":5,""physical_error_rate"":5e-05}","{""detection_events"":26,""detectors_checked"":101696}"
       454,         0,         0,   0.001,exact_mw,f32ebecd8e105e50ec838d33c5ed9b45444b6b44a3c6ac541111079f2b14e893,"{""distance"":5,""physical_error_rate"":5e-05}","{""detection_events"":10,""detectors_checked"":101696}"
       454,         0,         0,   0.001,exact_mw,f32ebecd8e105e50ec838d33c5ed9b45444b6b44a3c6ac541111079f2b14e893,"{""distance"":5,""physical_error_rate"":5e-05}","{""detection_events"":12,""detectors_checked"":101696}"
       454,         0,         0,   0.001,exact_mw,f32ebecd8e105e50ec838d33c5ed9b45444b6b44a3c6ac541111079f2b14e893,"{""distance"":5,""physical_error_rate"":5e-05}","{""detection_events"":31,""detectors_checked"":101696}"
       454,         0,         0,   0.001,exact_mw,f32ebecd8e105e50ec838d33c5ed9b45444b6b44a3c6ac541111079f2b14e893,"{""distance"":5,""physical_error_rate"":5e-05}","{""detection_events"":35,""detectors_checked"":101696}"
       454,         0,         0,   0.001,exact_mw,f32ebecd8e105e50ec838d33c5ed9b45444b6b44a3c6ac541111079f2b14e893,"{""distance"":5,""physical_error_rate"":5e-05}","{""detection_events"":15,""detectors_checked"":101696}"
       326,         0,         0,   0.001,exact_mw,f32ebecd8e105e50ec838d33c5ed9b45444b6b44a3c6ac541111079f2b14e893,"{""distance"":5,""physical_error_rate"":5e-05}","{""detection_events"":1,""detectors_checked"":73024}"
       454,         0,         0,   0.001,exact_mw,f32ebecd8e105e50ec838d33c5ed9b45444b6b44a3c6ac541111079f2b14e893,"{""distance"":5,""physical_error_rate"":5e-05}","{""detection_events"":11,""detectors_checked"":101696}"
       454,         0,         0,   0.001,exact_mw,f32ebecd8e105e50ec838d33c5ed9b45444b6b44a3c6ac541111079f2b14e893,"{""distance"":5,""physical_error_rate"":5e-05}","{""detection_events"":23,""detectors_checked"":101696}"
       326,         0,         0,   0.001,exact_mw,f32ebecd8e105e50ec838d33c5ed9b45444b6b44a3c6ac541111079f2b14e893,"{""distance"":5,""physical_error_rate"":5e-05}","{""detection_events"":10,""detectors_checked"":73024}"
       454,         0,         0,   0.001,exact_mw,f32ebecd8e105e50ec838d33c5ed9b45444b6b44a3c6ac541111079f2b14e893,"{""distance"":5,""physical_error_rate"":5e-05}","{""detection_events"":29,""detectors_checked"":101696}"
       326,         0,         0,   0.001,exact_mw,f32ebecd8e105e50ec838d33c5ed9b45444b6b44a3c6ac541111079f2b14e893,"{""distance"":5,""physical_error_rate"":5e-05}","{""detection_events"":13,""detectors_checked"":73024}"
       454,         0,         0,   0.001,exact_mw,f32ebecd8e105e50ec838d33c5ed9b45444b6b44a3c6ac541111079f2b14e893,"{""distance"":5,""physical_error_rate"":5e-05}","{""detection_events"":17,""detectors_checked"":101696}"
       454,         0,         0,   0.001,exact_mw,f32ebecd8e105e50ec838d33c5ed9b45444b6b44a3c6ac541111079f2b14e893,"{""distance"":5,""physical_error_rate"":5e-05}","{""detection_events"":28,""detectors_checked"":101696}"
       326,         0,         0,   0.001,exact_mw,f32ebecd8e105e50ec838d33c5ed9b45444b6b44a3c6ac541111079f2b14e893,"{""distance"":5,""physical_error_rate"":5e-05}","{""detection_events"":14,""detectors_checked"":73024}"
       311,         0,         0,   0.001,exact_mw,f32ebecd8e105e50ec838d33c5ed9b45444b6b44a3c6ac541111079f2b14e893,"{""distance"":5,""physical_error_rate"":5e-05}","{""detection_events"":26,""detectors_checked"":69664}"
       311,         0,         0,   0.001,exact_mw,f32ebecd8e105e50ec838d33c5ed9b45444b6b44a3c6ac541111079f2b14e893,"{""distance"":5,""physical_error_rate"":5e-05}","{""detection_events"":5,""detectors_checked"":69664}"
       311,         0,         0,   0.001,exact_mw,f32ebecd8e105e50ec838d33c5ed9b45444b6b44a3c6ac541111079f2b14e893,"{""distance"":5,""physical_error_rate"":5e-05}","{""detection_events"":14,""detectors_checked"":69664}"
       311,         0,         0,   0.001,exact_mw,f32ebecd8e105e50ec838d33c5ed9b45444b6b44a3c6ac541111079f2b14e893,"{""distance"":5,""physical_error_rate"":5e-05}","{""detection_events"":16,""detectors_checked"":69664}"
        80,         0,         0,   0.000,exact_mw,f32ebecd8e105e50ec838d33c5ed9b45444b6b44a3c6ac541111079f2b14e893,"{""distance"":5,""physical_error_rate"":5e-05}","{""detectors_checked"":17920}"
       311,         0,         0,   0.001,exact_mw,f32ebecd8e105e50ec838d33c5ed9b45444b6b44a3c6ac541111079f2b14e893,"{""distance"":5,""physical_error_rate"":5e-05}","{""detection_events"":28,""detectors_checked"":69664}"
        14,         0,         0,   0.000,exact_mw,f32ebecd8e105e50ec838d33c5ed9b45444b6b44a3c6ac541111079f2b14e893,"{""distance"":5,""physical_error_rate"":5e-05}","{""detectors_checked"":3136}"
        14,         0,         0,   0.000,exact_mw,f32ebecd8e105e50ec838d33c5ed9b45444b6b44a3c6ac541111079f2b14e893,"{""distance"":5,""physical_error_rate"":5e-05}","{""detectors_checked"":3136}"
        14,         0,         0,   0.000,exact_mw,f32ebecd8e105e50ec838d33c5ed9b45444b6b44a3c6ac541111079f2b14e893,"{""distance"":5,""physical_error_rate"":5e-05}","{""detectors_checked"":3136}"
        14,         0,         0,   0.000,exact_mw,f32ebecd8e105e50ec838d33c5ed9b45444b6b44a3c6ac541111079f2b14e893,"{""distance"":5,""physical_error_rate"":5e-05}","{""detection_events"":6,""detectors_checked"":3136}"
        14,         0,         0,   0.000,exact_mw,f32ebecd8e105e50ec838d33c5ed9b45444b6b44a3c6ac541111079f2b14e893,"{""distance"":5,""physical_error_rate"":5e-05}","{""detectors_checked"":3136}"
        14,         0,         0,   0.000,exact_mw,f32ebecd8e105e50ec838d33c5ed9b45444b6b44a3c6ac541111079f2b14e893,"{""distance"":5,""physical_error_rate"":5e-05}","{""detectors_checked"":3136}"
        15,         0,         0,   0.000,exact_mw,f32ebecd8e105e50ec838d33c5ed9b45444b6b44a3c6ac541111079f2b14e893,"{""distance"":5,""physical_error_rate"":5e-05}","{""detectors_checked"":3360}"
        14,         0,         0,   0.000,exact_mw,f32ebecd8e105e50ec838d33c5ed9b45444b6b44a3c6ac541111079f2b14e893,"{""distance"":5,""physical_error_rate"":5e-05}","{""detection_events"":2,""detectors_checked"":3136}"
        14,         0,         0,   0.000,exact_mw,f32ebecd8e105e50ec838d33c5ed9b45444b6b44a3c6ac541111079f2b14e893,"{""distance"":5,""physical_error_rate"":5e-05}","{""detectors_checked"":3136}"
        14,         0,         0,   0.000,exact_mw,f32ebecd8e105e50ec838d33c5ed9b45444b6b44a3c6ac541111079f2b14e893,"{""distance"":5,""physical_error_rate"":5e-05}","{""detectors_checked"":3136}"
        14,         0,         0,   0.000,exact_mw,f32ebecd8e105e50ec838d33c5ed9b45444b6b44a3c6ac541111079f2b14e893,"{""distance"":5,""physical_error_rate"":5e-05}","{""detection_events"":2,""detectors_checked"":3136}"
        14,         0,         0,   0.000,exact_mw,f32ebecd8e105e50ec838d33c5ed9b45444b6b44a3c6ac541111079f2b14e893,"{""distance"":5,""physical_error_rate"":5e-05}","{""detectors_checked"":3136}"
        50,         0,         0,   0.000,exact_mw,f32ebecd8e105e50ec838d33c5ed9b45444b6b44a3c6ac541111079f2b14e893,"{""distance"":5,""physical_error_rate"":5e-05}","{""detection_events"":6,""detectors_checked"":11200}"
        14,         0,         0,   0.000,exact_mw,f32ebecd8e105e50ec838d33c5ed9b45444b6b44a3c6ac541111079f2b14e893,"{""distance"":5,""physical_error_rate"":5e-05}","{""detectors_checked"":3136}"
        15,         0,         0,   0.000,exact_mw,f32ebecd8e105e50ec838d33c5ed9b45444b6b44a3c6ac541111079f2b14e893,"{""distance"":5,""physical_error_rate"":5e-05}","{""detectors_checked"":3360}"
        15,         0,         0,   0.000,exact_mw,f32ebecd8e105e50ec838d33c5ed9b45444b6b44a3c6ac541111079f2b14e893,"{""distance"":5,""physical_error_rate"":5e-05}","{""detectors_checked"":3360}"
        15,         0,         0,   0.000,exact_mw,f32ebecd8e105e50ec838d33c5ed9b45444b6b44a3c6ac541111079f2b14e893,"{""distance"":5,""physical_error_rate"":5e-05}","{""detectors_checked"":3360}"
        13,         0,         0,   0.000,exact_mw,f32ebecd8e105e50ec838d33c5ed9b45444b6b44a3c6ac541111079f2b14e893,"{""distance"":5,""physical_error_rate"":5e-05}","{""detectors_checked"":2912}"
         2,         0,         0,   0.000,exact_mw,f32ebecd8e105e50ec838d33c5ed9b45444b6b44a3c6ac541111079f2b14e893,"{""distance"":5,""physical_error_rate"":5e-05}","{""detectors_checked"":448}"
       311,         0,         0,   0.001,exact_mw,f32ebecd8e105e50ec838d33c5ed9b45444b6b44a3c6ac541111079f2b14e893,"{""distance"":5,""physical_error_rate"":5e-05}","{""detection_events"":18,""detectors_checked"":69664}"
         1,         0,         0,   0.000,exact_mw,f32ebecd8e105e50ec838d33c5ed9b45444b6b44a3c6ac541111079f2b14e893,"{""distance"":5,""physical_error_rate"":5e-05}","{""detectors_checked"":224}"
         1,         0,         0,   0.000,exact_mw,f32ebecd8e105e50ec838d33c5ed9b45444b6b44a3c6ac541111079f2b14e893,"{""distance"":5,""physical_error_rate"":5e-05}","{""detectors_checked"":224}"
         1,         0,         0,   0.000,exact_mw,f32ebecd8e105e50ec838d33c5ed9b45444b6b44a3c6ac541111079f2b14e893,"{""distance"":5,""physical_error_rate"":5e-05}","{""detectors_checked"":224}"
         1,         0,         0,   0.000,exact_mw,f32ebecd8e105e50ec838d33c5ed9b45444b6b44a3c6ac541111079f2b14e893,"{""distance"":5,""physical_error_rate"":5e-05}","{""detectors_checked"":224}"
         1,         0,         0,   0.000,exact_mw,f32ebecd8e105e50ec838d33c5ed9b45444b6b44a3c6ac541111079f2b14e893,"{""distance"":5,""physical_error_rate"":5e-05}","{""detectors_checked"":224}"
         1,         0,         0,   0.000,exact_mw,f32ebecd8e105e50ec838d33c5ed9b45444b6b44a3c6ac541111079f2b14e893,"{""distance"":5,""physical_error_rate"":5e-05}","{""detectors_checked"":224}"
         1,         0,         0,   0.000,exact_mw,f32ebecd8e105e50ec838d33c5ed9b45444b6b44a3c6ac541111079f2b14e893,"{""distance"":5,""physical_error_rate"":5e-05}","{""detectors_checked"":224}"
         1,         0,         0,   0.000,exact_mw,f32ebecd8e105e50ec838d33c5ed9b45444b6b44a3c6ac541111079f2b14e893,"{""distance"":5,""physical_error_rate"":5e-05}","{""detectors_checked"":224}"
         1,         0,         0,   0.000,exact_mw,f32ebecd8e105e50ec838d33c5ed9b45444b6b44a3c6ac541111079f2b14e893,"{""distance"":5,""physical_error_rate"":5e-05}","{""detectors_checked"":224}"
         1,         0,         0,   0.000,exact_mw,f32ebecd8e105e50ec838d33c5ed9b45444b6b44a3c6ac541111079f2b14e893,"{""distance"":5,""physical_error_rate"":5e-05}","{""detectors_checked"":224}"
         1,         0,         0,   0.000,exact_mw,f32ebecd8e105e50ec838d33c5ed9b45444b6b44a3c6ac541111079f2b14e893,"{""distance"":5,""physical_error_rate"":5e-05}","{""detectors_checked"":224}"
         1,         0,         0,   0.000,exact_mw,f32ebecd8e105e50ec838d33c5ed9b45444b6b44a3c6ac541111079f2b14e893,"{""distance"":5,""physical_error_rate"":5e-05}","{""detectors_checked"":224}"
         1,         0,         0,   0.000,exact_mw,f32ebecd8e105e50ec838d33c5ed9b45444b6b44a3c6ac541111079f2b14e893,"{""distance"":5,""physical_error_rate"":5e-05}","{""detectors_checked"":224}"
         1,         0,         0,   0.000,exact_mw,f32ebecd8e105e50ec838d33c5ed9b45444b6b44a3c6ac541111079f2b14e893,"{""distance"":5,""physical_error_rate"":5e-05}","{""detectors_checked"":224}"
         1,         0,         0,   0.000,exact_mw,f32ebecd8e105e50ec838d33c5ed9b45444b6b44a3c6ac541111079f2b14e893,"{""distance"":5,""physical_error_rate"":5e-05}","{""detectors_checked"":224}"
   5741568,         0,         0,    74.0,exact_mw,70a969f5042aec17ac076c6379f4170fb7c69b8e925756ef3b7334e28a33338b,"{""distance"":5,""physical_error_rate"":0.0001}","{""detection_events"":565522,""detectors_checked"":1286111232}"
   4187136,         0,         0,    55.4,exact_mw,cdc4a450a40af8e24899239080e4c40992fb5baf91c5a31ab3a165eacb3a1ab3,"{""distance"":5,""physical_error_rate"":0.0002}","{""detection_events"":824177,""detectors_checked"":937918464}"
   5489664,         0,         0,    46.2,exact_mw,70a969f5042aec17ac076c6379f4170fb7c69b8e925756ef3b7334e28a33338b,"{""distance"":5,""physical_error_rate"":0.0001}","{""detection_events"":542254,""detectors_checked"":1229684736}"
   3942400,         0,         0,    43.8,exact_mw,cdc4a450a40af8e24899239080e4c40992fb5baf91c5a31ab3a165eacb3a1ab3,"{""distance"":5,""physical_error_rate"":0.0002}","{""detection_events"":779953,""detectors_checked"":883097600}"
   5366784,         0,         0,    45.8,exact_mw,70a969f5042aec17ac076c6379f4170fb7c69b8e925756ef3b7334e28a33338b,"{""distance"":5,""physical_error_rate"":0.0001}","{""detection_events"":530308,""detectors_checked"":1202159616}"
   7890944,         0,         0,   100.3,exact_mw,70a969f5042aec17ac076c6379f4170fb7c69b8e925756ef3b7334e28a33338b,"{""distance"":5,""physical_error_rate"":0.0001}","{""detection_events"":780234,""detectors_checked"":1767571456}"
   7542784,         0,         0,   108.2,exact_mw,70a969f5042aec17ac076c6379f4170fb7c69b8e925756ef3b7334e28a33338b,"{""distance"":5,""physical_error_rate"":0.0001}","{""detection_events"":745649,""detectors_checked"":1689583616}"
   5236736,         0,         0,    78.0,exact_mw,cdc4a450a40af8e24899239080e4c40992fb5baf91c5a31ab3a165eacb3a1ab3,"{""distance"":5,""physical_error_rate"":0.0002}","{""detection_events"":1032362,""detectors_checked"":1173028864}"
  13773824,         6,         0,   100.8,exact_mw,cb12ae119b9b2ba18d0216e7235b403229e92fd0743ede48fe7f1a2c6f45d594,"{""distance"":5,""physical_error_rate"":0.0005}","{""detection_events"":6779004,""detectors_checked"":3085336576,""obs_mistake_mask=E"":6}"
   3872488,         0,         0,    73.6,exact_mw,cdc4a450a40af8e24899239080e4c40992fb5baf91c5a31ab3a165eacb3a1ab3,"{""distance"":5,""physical_error_rate"":0.0002}","{""detection_events"":764099,""detectors_checked"":867437312}"
   2968576,         0,         0,    31.7,exact_mw,cdc4a450a40af8e24899239080e4c40992fb5baf91c5a31ab3a165eacb3a1ab3,"{""distance"":5,""physical_error_rate"":0.0002}","{""detection_events"":584736,""detectors_checked"":664961024}"
   3471587,         0,         0,    42.3,exact_mw,cdc4a450a40af8e24899239080e4c40992fb5baf91c5a31ab3a165eacb3a1ab3,"{""distance"":5,""physical_error_rate"":0.0002}","{""detection_events"":685245,""detectors_checked"":777635488}"
   3321815,         0,         0,    47.6,exact_mw,cdc4a450a40af8e24899239080e4c40992fb5baf91c5a31ab3a165eacb3a1ab3,"{""distance"":5,""physical_error_rate"":0.0002}","{""detection_events"":652809,""detectors_checked"":744086560}"
   3311616,         0,         0,    95.2,exact_mw,cdc4a450a40af8e24899239080e4c40992fb5baf91c5a31ab3a165eacb3a1ab3,"{""distance"":5,""physical_error_rate"":0.0002}","{""detection_events"":653159,""detectors_checked"":741801984}"
      1297,         0,         0,   0.022,exact_mw,cdc4a450a40af8e24899239080e4c40992fb5baf91c5a31ab3a165eacb3a1ab3,"{""distance"":5,""physical_error_rate"":0.0002}","{""detection_events"":202,""detectors_checked"":290528}"
      3072,         0,         0,   0.027,exact_mw,cdc4a450a40af8e24899239080e4c40992fb5baf91c5a31ab3a165eacb3a1ab3,"{""distance"":5,""physical_error_rate"":0.0002}","{""detection_events"":568,""detectors_checked"":688128}"
      1297,         0,         0,   0.025,exact_mw,cb12ae119b9b2ba18d0216e7235b403229e92fd0743ede48fe7f1a2c6f45d594,"{""distance"":5,""physical_error_rate"":0.0005}","{""detection_events"":624,""detectors_checked"":290528}"
      3072,         0,         0,   0.027,exact_mw,cdc4a450a40af8e24899239080e4c40992fb5baf91c5a31ab3a165eacb3a1ab3,"{""distance"":5,""physical_error_rate"":0.0002}","{""detection_events"":608,""detectors_checked"":688128}"
      2048,         0,         0,   0.025,exact_mw,cb12ae119b9b2ba18d0216e7235b403229e92fd0743ede48fe7f1a2c6f45d594,"{""distance"":5,""physical_error_rate"":0.0005}","{""detection_events"":965,""detectors_checked"":458752}"
      3072,         0,         0,   0.027,exact_mw,cdc4a450a40af8e24899239080e4c40992fb5baf91c5a31ab3a165eacb3a1ab3,"{""distance"":5,""physical_error_rate"":0.0002}","{""detection_events"":573,""detectors_checked"":688128}"
      3072,         0,         0,   0.031,exact_mw,cb12ae119b9b2ba18d0216e7235b403229e92fd0743ede48fe7f1a2c6f45d594,"{""distance"":5,""physical_error_rate"":0.0005}","{""detection_events"":1656,""detectors_checked"":688128}"
      3072,         0,         0,   0.020,exact_mw,cb12ae119b9b2ba18d0216e7235b403229e92fd0743ede48fe7f1a2c6f45d594,"{""distance"":5,""physical_error_rate"":0.0005}","{""detection_events"":1587,""detectors_checked"":688128}"
      6144,         0,         0,   0.051,exact_mw,cdc4a450a40af8e24899239080e4c40992fb5baf91c5a31ab3a165eacb3a1ab3,"{""distance"":5,""physical_error_rate"":0.0002}","{""detection_events"":1177,""detectors_checked"":1376256}"
         1,         0,         0,   0.000,exact_mw,70a969f5042aec17ac076c6379f4170fb7c69b8e925756ef3b7334e28a33338b,"{""distance"":5,""physical_error_rate"":0.0001}","{""detectors_checked"":224}"
      3072,         0,         0,   0.040,exact_mw,cb12ae119b9b2ba18d0216e7235b403229e92fd0743ede48fe7f1a2c6f45d594,"{""distance"":5,""physical_error_rate"":0.0005}","{""detection_events"":1518,""detectors_checked"":688128}"
      3344,         0,         0,   0.030,exact_mw,70a969f5042aec17ac076c6379f4170fb7c69b8e925756ef3b7334e28a33338b,"{""distance"":5,""physical_error_rate"":0.0001}","{""detection_events"":260,""detectors_checked"":749056}"
      7168,         0,         0,   0.042,exact_mw,cdc4a450a40af8e24899239080e4c40992fb5baf91c5a31ab3a165eacb3a1ab3,"{""distance"":5,""physical_error_rate"":0.0002}","{""detection_events"":1352,""detectors_checked"":1605632}"
      2048,         0,         0,   0.025,exact_mw,70a969f5042aec17ac076c6379f4170fb7c69b8e925756ef3b7334e28a33338b,"{""distance"":5,""physical_error_rate"":0.0001}","{""detection_events"":186,""detectors_checked"":458752}"
      6144,         0,         0,   0.056,exact_mw,cb12ae119b9b2ba18d0216e7235b403229e92fd0743ede48fe7f1a2c6f45d594,"{""distance"":5,""physical_error_rate"":0.0005}","{""detection_events"":3125,""detectors_checked"":1376256}"
      7168,         0,         0,   0.030,exact_mw,70a969f5042aec17ac076c6379f4170fb7c69b8e925756ef3b7334e28a33338b,"{""distance"":5,""physical_error_rate"":0.0001}","{""detection_events"":634,""detectors_checked"":1605632}"
      9216,         0,         0,   0.086,exact_mw,cdc4a450a40af8e24899239080e4c40992fb5baf91c5a31ab3a165eacb3a1ab3,"{""distance"":5,""physical_error_rate"":0.0002}","{""detection_events"":1995,""detectors_checked"":2064384}"
      6144,         0,         0,   0.067,exact_mw,cb12ae119b9b2ba18d0216e7235b403229e92fd0743ede48fe7f1a2c6f45d594,"{""distance"":5,""physical_error_rate"":0.0005}","{""detection_events"":3048,""detectors_checked"":1376256}"
      6144,         0,         0,   0.056,exact_mw,70a969f5042aec17ac076c6379f4170fb7c69b8e925756ef3b7334e28a33338b,"{""distance"":5,""physical_error_rate"":0.0001}","{""detection_events"":642,""detectors_checked"":1376256}"
      3345,         0,         0,   0.028,exact_mw,cdc4a450a40af8e24899239080e4c40992fb5baf91c5a31ab3a165eacb3a1ab3,"{""distance"":5,""physical_error_rate"":0.0002}","{""detection_events"":730,""detectors_checked"":749280}"
      3072,         0,         0,   0.027,exact_mw,cdc4a450a40af8e24899239080e4c40992fb5baf91c5a31ab3a165eacb3a1ab3,"{""distance"":5,""physical_error_rate"":0.0002}","{""detection_events"":600,""detectors_checked"":688128}"
     13312,         0,         0,   0.114,exact_mw,cdc4a450a40af8e24899239080e4c40992fb5baf91c5a31ab3a165eacb3a1ab3,"{""distance"":5,""physical_error_rate"":0.0002}","{""detection_events"":2669,""detectors_checked"":2981888}"
      9216,         0,         0,   0.056,exact_mw,70a969f5042aec17ac076c6379f4170fb7c69b8e925756ef3b7334e28a33338b,"{""distance"":5,""physical_error_rate"":0.0001}","{""detection_events"":850,""detectors_checked"":2064384}"
      3072,         0,         0,   0.019,exact_mw,cdc4a450a40af8e24899239080e4c40992fb5baf91c5a31ab3a165eacb3a1ab3,"{""distance"":5,""physical_error_rate"":0.0002}","{""detection_events"":662,""detectors_checked"":688128}"
     12288,         0,         0,   0.098,exact_mw,cb12ae119b9b2ba18d0216e7235b403229e92fd0743ede48fe7f1a2c6f45d594,"{""distance"":5,""physical_error_rate"":0.0005}","{""detection_events"":6236,""detectors_checked"":2752512}"
      3072,         0,         0,   0.030,exact_mw,cdc4a450a40af8e24899239080e4c40992fb5baf91c5a31ab3a165eacb3a1ab3,"{""distance"":5,""physical_error_rate"":0.0002}","{""detection_events"":696,""detectors_checked"":688128}"
      7168,         0,         0,   0.063,exact_mw,70a969f5042aec17ac076c6379f4170fb7c69b8e925756ef3b7334e28a33338b,"{""distance"":5,""physical_error_rate"":0.0001}","{""detection_events"":631,""detectors_checked"":1605632}"
        17,         0,         0,   0.001,exact_mw,70a969f5042aec17ac076c6379f4170fb7c69b8e925756ef3b7334e28a33338b,"{""distance"":5,""physical_error_rate"":0.0001}","{""detection_events"":2,""detectors_checked"":3808}"
      4096,         0,         0,   0.054,exact_mw,cdc4a450a40af8e24899239080e4c40992fb5baf91c5a31ab3a165eacb3a1ab3,"{""distance"":5,""physical_error_rate"":0.0002}","{""detection_events"":812,""detectors_checked"":917504}"
         1,         0,         0,   0.000,exact_mw,cdc4a450a40af8e24899239080e4c40992fb5baf91c5a31ab3a165eacb3a1ab3,"{""distance"":5,""physical_error_rate"":0.0002}","{""detectors_checked"":224}"
      3328,         0,         0,   0.027,exact_mw,70a969f5042aec17ac076c6379f4170fb7c69b8e925756ef3b7334e28a33338b,"{""distance"":5,""physical_error_rate"":0.0001}","{""detection_events"":383,""detectors_checked"":745472}"
      2320,         0,         0,   0.029,exact_mw,cdc4a450a40af8e24899239080e4c40992fb5baf91c5a31ab3a165eacb3a1ab3,"{""distance"":5,""physical_error_rate"":0.0002}","{""detection_events"":430,""detectors_checked"":519680}"
     26624,         0,         0,   0.147,exact_mw,cdc4a450a40af8e24899239080e4c40992fb5baf91c5a31ab3a165eacb3a1ab3,"{""distance"":5,""physical_error_rate"":0.0002}","{""detection_events"":5228,""detectors_checked"":5963776}"
      4096,         0,         0,   0.054,exact_mw,cdc4a450a40af8e24899239080e4c40992fb5baf91c5a31ab3a165eacb3a1ab3,"{""distance"":5,""physical_error_rate"":0.0002}","{""detection_events"":722,""detectors_checked"":917504}"
      3072,         0,         0,   0.030,exact_mw,70a969f5042aec17ac076c6379f4170fb7c69b8e925756ef3b7334e28a33338b,"{""distance"":5,""physical_error_rate"":0.0001}","{""detection_events"":332,""detectors_checked"":688128}"
      2048,         0,         0,   0.022,exact_mw,cdc4a450a40af8e24899239080e4c40992fb5baf91c5a31ab3a165eacb3a1ab3,"{""distance"":5,""physical_error_rate"":0.0002}","{""detection_events"":465,""detectors_checked"":458752}"
      3072,         0,         0,   0.032,exact_mw,70a969f5042aec17ac076c6379f4170fb7c69b8e925756ef3b7334e28a33338b,"{""distance"":5,""physical_error_rate"":0.0001}","{""detection_events"":316,""detectors_checked"":688128}"
      8192,         0,         0,   0.107,exact_mw,70a969f5042aec17ac076c6379f4170fb7c69b8e925756ef3b7334e28a33338b,"{""distance"":5,""physical_error_rate"":0.0001}","{""detection_events"":829,""detectors_checked"":1835008}"
     19456,         0,         0,   0.149,exact_mw,cb12ae119b9b2ba18d0216e7235b403229e92fd0743ede48fe7f1a2c6f45d594,"{""distance"":5,""physical_error_rate"":0.0005}","{""detection_events"":9496,""detectors_checked"":4358144}"
      3072,         0,         0,   0.038,exact_mw,cdc4a450a40af8e24899239080e4c40992fb5baf91c5a31ab3a165eacb3a1ab3,"{""distance"":5,""physical_error_rate"":0.0002}","{""detection_events"":596,""detectors_checked"":688128}"
      2048,         0,         0,   0.019,exact_mw,70a969f5042aec17ac076c6379f4170fb7c69b8e925756ef3b7334e28a33338b,"{""distance"":5,""physical_error_rate"":0.0001}","{""detection_events"":208,""detectors_checked"":458752}"
      8192,         0,         0,   0.076,exact_mw,cdc4a450a40af8e24899239080e4c40992fb5baf91c5a31ab3a165eacb3a1ab3,"{""distance"":5,""physical_error_rate"":0.0002}","{""detection_events"":1649,""detectors_checked"":1835008}"
      3072,         0,         0,   0.050,exact_mw,cdc4a450a40af8e24899239080e4c40992fb5baf91c5a31ab3a165eacb3a1ab3,"{""distance"":5,""physical_error_rate"":0.0002}","{""detection_events"":654,""detectors_checked"":688128}"
      5120,         0,         0,   0.074,exact_mw,70a969f5042aec17ac076c6379f4170fb7c69b8e925756ef3b7334e28a33338b,"{""distance"":5,""physical_error_rate"":0.0001}","{""detection_events"":580,""detectors_checked"":1146880}"
     13312,         0,         0,   0.091,exact_mw,cdc4a450a40af8e24899239080e4c40992fb5baf91c5a31ab3a165eacb3a1ab3,"{""distance"":5,""physical_error_rate"":0.0002}","{""detection_events"":2518,""detectors_checked"":2981888}"
     12288,         0,         0,   0.142,exact_mw,70a969f5042aec17ac076c6379f4170fb7c69b8e925756ef3b7334e28a33338b,"{""distance"":5,""physical_error_rate"":0.0001}","{""detection_events"":1321,""detectors_checked"":2752512}"
      5120,         0,         0,   0.075,exact_mw,cdc4a450a40af8e24899239080e4c40992fb5baf91c5a31ab3a165eacb3a1ab3,"{""distance"":5,""physical_error_rate"":0.0002}","{""detection_events"":1082,""detectors_checked"":1146880}"
     37888,         0,         0,   0.207,exact_mw,cdc4a450a40af8e24899239080e4c40992fb5baf91c5a31ab3a165eacb3a1ab3,"{""distance"":5,""physical_error_rate"":0.0002}","{""detection_events"":7393,""detectors_checked"":8486912}"
      6144,         0,         0,   0.078,exact_mw,70a969f5042aec17ac076c6379f4170fb7c69b8e925756ef3b7334e28a33338b,"{""distance"":5,""physical_error_rate"":0.0001}","{""detection_events"":628,""detectors_checked"":1376256}"
     27648,         0,         0,   0.180,exact_mw,cb12ae119b9b2ba18d0216e7235b403229e92fd0743ede48fe7f1a2c6f45d594,"{""distance"":5,""physical_error_rate"":0.0005}","{""detection_events"":13443,""detectors_checked"":6193152}"
      5120,         0,         0,   0.077,exact_mw,cdc4a450a40af8e24899239080e4c40992fb5baf91c5a31ab3a165eacb3a1ab3,"{""distance"":5,""physical_error_rate"":0.0002}","{""detection_events"":1020,""detectors_checked"":1146880}"
     18432,         0,         0,   0.160,exact_mw,cdc4a450a40af8e24899239080e4c40992fb5baf91c5a31ab3a165eacb3a1ab3,"{""distance"":5,""physical_error_rate"":0.0002}","{""detection_events"":3706,""detectors_checked"":4128768}"
      8192,         0,         0,   0.123,exact_mw,70a969f5042aec17ac076c6379f4170fb7c69b8e925756ef3b7334e28a33338b,"{""distance"":5,""physical_error_rate"":0.0001}","{""detection_events"":832,""detectors_checked"":1835008}"
      8192,         0,         0,   0.123,exact_mw,cdc4a450a40af8e24899239080e4c40992fb5baf91c5a31ab3a165eacb3a1ab3,"{""distance"":5,""physical_error_rate"":0.0002}","{""detection_events"":1758,""detectors_checked"":1835008}"
     16384,         0,         0,   0.225,exact_mw,70a969f5042aec17ac076c6379f4170fb7c69b8e925756ef3b7334e28a33338b,"{""distance"":5,""physical_error_rate"":0.0001}","{""detection_events"":1592,""detectors_checked"":3670016}"
      1297,         0,         0,   0.022,exact_mw,70a969f5042aec17ac076c6379f4170fb7c69b8e925756ef3b7334e28a33338b,"{""distance"":5,""physical_error_rate"":0.0001}","{""detection_events"":108,""detectors_checked"":290528}"
      1297,         0,         0,   0.031,exact_mw,cb12ae119b9b2ba18d0216e7235b403229e92fd0743ede48fe7f1a2c6f45d594,"{""distance"":5,""physical_error_rate"":0.0005}","{""detection_events"":589,""detectors_checked"":290528}"
      3072,         0,         0,   0.027,exact_mw,70a969f5042aec17ac076c6379f4170fb7c69b8e925756ef3b7334e28a33338b,"{""distance"":5,""physical_error_rate"":0.0001}","{""detection_events"":321,""detectors_checked"":688128}"
      2048,         0,         0,   0.028,exact_mw,cb12ae119b9b2ba18d0216e7235b403229e92fd0743ede48fe7f1a2c6f45d594,"{""distance"":5,""physical_error_rate"":0.0005}","{""detection_events"":1004,""detectors_checked"":458752}"
      3072,         0,         0,   0.026,exact_mw,70a969f5042aec17ac076c6379f4170fb7c69b8e925756ef3b7334e28a33338b,"{""distance"":5,""physical_error_rate"":0.0001}","{""detection_events"":335,""detectors_checked"":688128}"
     51200,         0,         0,   0.287,exact_mw,cdc4a450a40af8e24899239080e4c40992fb5baf91c5a31ab3a165eacb3a1ab3,"{""distance"":5,""physical_error_rate"":0.0002}","{""detection_events"":10147,""detectors_checked"":11468800}"
      1024,         0,         0,   0.023,exact_mw,cb12ae119b9b2ba18d0216e7235b403229e92fd0743ede48fe7f1a2c6f45d594,"{""distance"":5,""physical_error_rate"":0.0005}","{""detection_events"":503,""detectors_checked"":229376}"
     12288,         0,         0,   0.156,exact_mw,70a969f5042aec17ac076c6379f4170fb7c69b8e925756ef3b7334e28a33338b,"{""distance"":5,""physical_error_rate"":0.0001}","{""detection_events"":1250,""detectors_checked"":2752512}"
      4096,         0,         0,   0.029,exact_mw,70a969f5042aec17ac076c6379f4170fb7c69b8e925756ef3b7334e28a33338b,"{""distance"":5,""physical_error_rate"":0.0001}","{""detection_events"":379,""detectors_checked"":917504}"
     34816,         0,         0,   0.299,exact_mw,cb12ae119b9b2ba18d0216e7235b403229e92fd0743ede48fe7f1a2c6f45d594,"{""distance"":5,""physical_error_rate"":0.0005}","{""detection_events"":17262,""detectors_checked"":7798784}"
      2048,         0,         0,   0.027,exact_mw,cb12ae119b9b2ba18d0216e7235b403229e92fd0743ede48fe7f1a2c6f45d594,"{""distance"":5,""physical_error_rate"":0.0005}","{""detection_events"":1001,""detectors_checked"":458752}"
     13312,         0,         0,   0.161,exact_mw,cdc4a450a40af8e24899239080e4c40992fb5baf91c5a31ab3a165eacb3a1ab3,"{""distance"":5,""physical_error_rate"":0.0002}","{""detection_events"":2519,""detectors_checked"":2981888}"
     24576,         0,         0,   0.197,exact_mw,cdc4a450a40af8e24899239080e4c40992fb5baf91c5a31ab3a165eacb3a1ab3,"{""distance"":5,""physical_error_rate"":0.0002}","{""detection_events"":4723,""detectors_checked"":5505024}"
      5120,         0,         0,   0.050,exact_mw,70a969f5042aec17ac076c6379f4170fb7c69b8e925756ef3b7334e28a33338b,"{""distance"":5,""physical_error_rate"":0.0001}","{""detection_events"":481,""detectors_checked"":1146880}"
      2048,         0,         0,   0.048,exact_mw,cb12ae119b9b2ba18d0216e7235b403229e92fd0743ede48fe7f1a2c6f45d594,"{""distance"":5,""physical_error_rate"":0.0005}","{""detection_events"":961,""detectors_checked"":458752}"
      7168,         0,         0,   0.056,exact_mw,70a969f5042aec17ac076c6379f4170fb7c69b8e925756ef3b7334e28a33338b,"{""distance"":5,""physical_error_rate"":0.0001}","{""detection_events"":695,""detectors_checked"":1605632}"
      1297,         0,         0,   0.024,exact_mw,cdc4a450a40af8e24899239080e4c40992fb5baf91c5a31ab3a165eacb3a1ab3,"{""distance"":5,""physical_error_rate"":0.0002}","{""detection_events"":283,""detectors_checked"":290528}"
      3072,         0,         0,   0.074,exact_mw,cb12ae119b9b2ba18d0216e7235b403229e92fd0743ede48fe7f1a2c6f45d594,"{""distance"":5,""physical_error_rate"":0.0005}","{""detection_events"":1449,""detectors_checked"":688128}"
      1024,         0,         0,   0.024,exact_mw,cdc4a450a40af8e24899239080e4c40992fb5baf91c5a31ab3a165eacb3a1ab3,"{""distance"":5,""physical_error_rate"":0.0002}","{""detection_events"":197,""detectors_checked"":229376}"
      2048,         0,         0,   0.026,exact_mw,cdc4a450a40af8e24899239080e4c40992fb5baf91c5a31ab3a165eacb3a1ab3,"{""distance"":5,""physical_error_rate"":0.0002}","{""detection_events"":376,""detectors_checked"":458752}"
      8192,         0,         0,   0.077,exact_mw,70a969f5042aec17ac076c6379f4170fb7c69b8e925756ef3b7334e28a33338b,"{""distance"":5,""physical_error_rate"":0.0001}","{""detection_events"":841,""detectors_checked"":1835008}"
     21504,         0,         0,   0.302,exact_mw,70a969f5042aec17ac076c6379f4170fb7c69b8e925756ef3b7334e28a33338b,"{""distance"":5,""physical_error_rate"":0.0001}","{""detection_events"":2062,""detectors_checked"":4816896}"
     20480,         0,         0,   0.224,exact_mw,70a969f5042aec17ac076c6379f4170fb7c69b8e925756ef3b7334e28a33338b,"{""distance"":5,""physical_error_rate"":0.0001}","{""detection_events"":2036,""detectors_checked"":4587520}"
      4096,         0,         0,   0.076,exact_mw,cb12ae119b9b2ba18d0216e7235b403229e92fd0743ede48fe7f1a2c6f45d594,"{""distance"":5,""physical_error_rate"":0.0005}","{""detection_events"":1974,""detectors_checked"":917504}"
      3072,         0,         0,   0.050,exact_mw,cdc4a450a40af8e24899239080e4c40992fb5baf91c5a31ab3a165eacb3a1ab3,"{""distance"":5,""physical_error_rate"":0.0002}","{""detection_events"":537,""detectors_checked"":688128}"
     18432,         0,         0,   0.222,exact_mw,cdc4a450a40af8e24899239080e4c40992fb5baf91c5a31ab3a165eacb3a1ab3,"{""distance"":5,""physical_error_rate"":0.0002}","{""detection_events"":3656,""detectors_checked"":4128768}"
      3072,         0,         0,   0.049,exact_mw,cdc4a450a40af8e24899239080e4c40992fb5baf91c5a31ab3a165eacb3a1ab3,"{""distance"":5,""physical_error_rate"":0.0002}","{""detection_events"":547,""detectors_checked"":688128}"
     12288,         0,         0,   0.108,exact_mw,70a969f5042aec17ac076c6379f4170fb7c69b8e925756ef3b7334e28a33338b,"{""distance"":5,""physical_error_rate"":0.0001}","{""detection_events"":1229,""detectors_checked"":2752512}"
      2321,         0,         0,   0.029,exact_mw,70a969f5042aec17ac076c6379f4170fb7c69b8e925756ef3b7334e28a33338b,"{""distance"":5,""physical_error_rate"":0.0001}","{""detection_events"":226,""detectors_checked"":519904}"
      1297,         0,         0,   0.024,exact_mw,cdc4a450a40af8e24899239080e4c40992fb5baf91c5a31ab3a165eacb3a1ab3,"{""distance"":5,""physical_error_rate"":0.0002}","{""detection_events"":245,""detectors_checked"":290528}"
      4096,         0,         0,   0.122,exact_mw,cb12ae119b9b2ba18d0216e7235b403229e92fd0743ede48fe7f1a2c6f45d594,"{""distance"":5,""physical_error_rate"":0.0005}","{""detection_events"":2015,""detectors_checked"":917504}"
     33792,         0,         0,   0.293,exact_mw,cdc4a450a40af8e24899239080e4c40992fb5baf91c5a31ab3a165eacb3a1ab3,"{""distance"":5,""physical_error_rate"":0.0002}","{""detection_events"":6345,""detectors_checked"":7569408}"
      1024,         0,         0,   0.023,exact_mw,cdc4a450a40af8e24899239080e4c40992fb5baf91c5a31ab3a165eacb3a1ab3,"{""distance"":5,""physical_error_rate"":0.0002}","{""detection_events"":215,""detectors_checked"":229376}"
      2048,         0,         0,   0.027,exact_mw,70a969f5042aec17ac076c6379f4170fb7c69b8e925756ef3b7334e28a33338b,"{""distance"":5,""physical_error_rate"":0.0001}","{""detection_events"":195,""detectors_checked"":458752}"
      5120,         0,         0,   0.075,exact_mw,cdc4a450a40af8e24899239080e4c40992fb5baf91c5a31ab3a165eacb3a1ab3,"{""distance"":5,""physical_error_rate"":0.0002}","{""detection_events"":996,""detectors_checked"":1146880}"
      2048,         0,         0,   0.024,exact_mw,cdc4a450a40af8e24899239080e4c40992fb5baf91c5a31ab3a165eacb3a1ab3,"{""distance"":5,""physical_error_rate"":0.0002}","{""detection_events"":376,""detectors_checked"":458752}"
      2048,         0,         0,   0.027,exact_mw,70a969f5042aec17ac076c6379f4170fb7c69b8e925756ef3b7334e28a33338b,"{""distance"":5,""physical_error_rate"":0.0001}","{""detection_events"":208,""detectors_checked"":458752}"
     71680,         0,         0,   0.403,exact_mw,cdc4a450a40af8e24899239080e4c40992fb5baf91c5a31ab3a165eacb3a1ab3,"{""distance"":5,""physical_error_rate"":0.0002}","{""detection_events"":14067,""detectors_checked"":16056320}"
      3072,         0,         0,   0.029,exact_mw,70a969f5042aec17ac076c6379f4170fb7c69b8e925756ef3b7334e28a33338b,"{""distance"":5,""physical_error_rate"":0.0001}","{""detection_events"":299,""detectors_checked"":688128}"
      3072,         0,         0,   0.049,exact_mw,cdc4a450a40af8e24899239080e4c40992fb5baf91c5a31ab3a165eacb3a1ab3,"{""distance"":5,""physical_error_rate"":0.0002}","{""detection_events"":603,""detectors_checked"":688128}"
     54272,         0,         0,   0.413,exact_mw,cb12ae119b9b2ba18d0216e7235b403229e92fd0743ede48fe7f1a2c6f45d594,"{""distance"":5,""physical_error_rate"":0.0005}","{""detection_events"":26680,""detectors_checked"":12156928}"
      6144,         0,         0,   0.097,exact_mw,cdc4a450a40af8e24899239080e4c40992fb5baf91c5a31ab3a165eacb3a1ab3,"{""distance"":5,""physical_error_rate"":0.0002}","{""detection_events"":1145,""detectors_checked"":1376256}"
     17408,         0,         0,   0.136,exact_mw,70a969f5042aec17ac076c6379f4170fb7c69b8e925756ef3b7334e28a33338b,"{""distance"":5,""physical_error_rate"":0.0001}","{""detection_events"":1684,""detectors_checked"":3899392}"
      5120,         0,         0,   0.056,exact_mw,70a969f5042aec17ac076c6379f4170fb7c69b8e925756ef3b7334e28a33338b,"{""distance"":5,""physical_error_rate"":0.0001}","{""detection_events"":471,""detectors_checked"":1146880}"
      4096,         0,         0,   0.052,exact_mw,cdc4a450a40af8e24899239080e4c40992fb5baf91c5a31ab3a165eacb3a1ab3,"{""distance"":5,""physical_error_rate"":0.0002}","{""detection_events"":785,""detectors_checked"":917504}"
      8192,         0,         0,   0.165,exact_mw,cb12ae119b9b2ba18d0216e7235b403229e92fd0743ede48fe7f1a2c6f45d594,"{""distance"":5,""physical_error_rate"":0.0005}","{""detection_events"":4074,""detectors_checked"":1835008}"
      5120,         0,         0,   0.056,exact_mw,70a969f5042aec17ac076c6379f4170fb7c69b8e925756ef3b7334e28a33338b,"{""distance"":5,""physical_error_rate"":0.0001}","{""detection_events"":465,""detectors_checked"":1146880}"
     26624,         0,         0,   0.304,exact_mw,70a969f5042aec17ac076c6379f4170fb7c69b8e925756ef3b7334e28a33338b,"{""distance"":5,""physical_error_rate"":0.0001}","{""detection_events"":2713,""detectors_checked"":5963776}"
      5120,         0,         0,   0.075,exact_mw,cdc4a450a40af8e24899239080e4c40992fb5baf91c5a31ab3a165eacb3a1ab3,"{""distance"":5,""physical_error_rate"":0.0002}","{""detection_events"":1063,""detectors_checked"":1146880}"
        17,         0,         0,   0.022,exact_mw,70a969f5042aec17ac076c6379f4170fb7c69b8e925756ef3b7334e28a33338b,"{""distance"":5,""physical_error_rate"":0.0001}","{""detectors_checked"":3808}"
     26624,         0,         0,   0.306,exact_mw,cdc4a450a40af8e24899239080e4c40992fb5baf91c5a31ab3a165eacb3a1ab3,"{""distance"":5,""physical_error_rate"":0.0002}","{""detection_events"":5077,""detectors_checked"":5963776}"
      9216,         0,         0,   0.126,exact_mw,cdc4a450a40af8e24899239080e4c40992fb5baf91c5a31ab3a165eacb3a1ab3,"{""distance"":5,""physical_error_rate"":0.0002}","{""detection_events"":1784,""detectors_checked"":2064384}"
      3328,         0,         0,   0.030,exact_mw,70a969f5042aec17ac076c6379f4170fb7c69b8e925756ef3b7334e28a33338b,"{""distance"":5,""physical_error_rate"":0.0001}","{""detection_events"":297,""detectors_checked"":745472}"
      7168,         0,         0,   0.082,exact_mw,70a969f5042aec17ac076c6379f4170fb7c69b8e925756ef3b7334e28a33338b,"{""distance"":5,""physical_error_rate"":0.0001}","{""detection_events"":727,""detectors_checked"":1605632}"
      2048,         0,         0,   0.027,exact_mw,70a969f5042aec17ac076c6379f4170fb7c69b8e925756ef3b7334e28a33338b,"{""distance"":5,""physical_error_rate"":0.0001}","{""detection_events"":173,""detectors_checked"":458752}"
     28672,         0,         0,   0.404,exact_mw,70a969f5042aec17ac076c6379f4170fb7c69b8e925756ef3b7334e28a33338b,"{""distance"":5,""physical_error_rate"":0.0001}","{""detection_events"":2634,""detectors_checked"":6422528}"
      2321,         0,         0,   0.028,exact_mw,cdc4a450a40af8e24899239080e4c40992fb5baf91c5a31ab3a165eacb3a1ab3,"{""distance"":5,""physical_error_rate"":0.0002}","{""detection_events"":528,""detectors_checked"":519904}"
      5120,         0,         0,   0.055,exact_mw,cdc4a450a40af8e24899239080e4c40992fb5baf91c5a31ab3a165eacb3a1ab3,"{""distance"":5,""physical_error_rate"":0.0002}","{""detection_events"":1154,""detectors_checked"":1146880}"
      3072,         0,         0,   0.029,exact_mw,70a969f5042aec17ac076c6379f4170fb7c69b8e925756ef3b7334e28a33338b,"{""distance"":5,""physical_error_rate"":0.0001}","{""detection_events"":279,""detectors_checked"":688128}"
      3072,         0,         0,   0.030,exact_mw,cdc4a450a40af8e24899239080e4c40992fb5baf91c5a31ab3a165eacb3a1ab3,"{""distance"":5,""physical_error_rate"":0.0002}","{""detection_events"":583,""detectors_checked"":688128}"
     22528,         0,         0,   0.213,exact_mw,70a969f5042aec17ac076c6379f4170fb7c69b8e925756ef3b7334e28a33338b,"{""distance"":5,""physical_error_rate"":0.0001}","{""detection_events"":2208,""detectors_checked"":5046272}"
      2048,         0,         0,   0.027,exact_mw,cdc4a450a40af8e24899239080e4c40992fb5baf91c5a31ab3a165eacb3a1ab3,"{""distance"":5,""physical_error_rate"":0.0002}","{""detection_events"":422,""detectors_checked"":458752}"
      4096,         0,         0,   0.053,exact_mw,70a969f5042aec17ac076c6379f4170fb7c69b8e925756ef3b7334e28a33338b,"{""distance"":5,""physical_error_rate"":0.0001}","{""detection_events"":451,""detectors_checked"":917504}"
      3072,         0,         0,   0.029,exact_mw,cdc4a450a40af8e24899239080e4c40992fb5baf91c5a31ab3a165eacb3a1ab3,"{""distance"":5,""physical_error_rate"":0.0002}","{""detection_events"":557,""detectors_checked"":688128}"
     10240,         0,         0,   0.112,exact_mw,70a969f5042aec17ac076c6379f4170fb7c69b8e925756ef3b7334e28a33338b,"{""distance"":5,""physical_error_rate"":0.0001}","{""detection_events"":1087,""detectors_checked"":2293760}"
     10240,         0,         0,   0.150,exact_mw,cdc4a450a40af8e24899239080e4c40992fb5baf91c5a31ab3a165eacb3a1ab3,"{""distance"":5,""physical_error_rate"":0.0002}","{""detection_events"":1929,""detectors_checked"":2293760}"
     10240,         0,         0,   0.225,exact_mw,cb12ae119b9b2ba18d0216e7235b403229e92fd0743ede48fe7f1a2c6f45d594,"{""distance"":5,""physical_error_rate"":0.0005}","{""detection_events"":4849,""detectors_checked"":2293760}"
         1,         0,         0,   0.001,exact_mw,cdc4a450a40af8e24899239080e4c40992fb5baf91c5a31ab3a165eacb3a1ab3,"{""distance"":5,""physical_error_rate"":0.0002}","{""detectors_checked"":224}"
      7168,         0,         0,   0.122,exact_mw,cdc4a450a40af8e24899239080e4c40992fb5baf91c5a31ab3a165eacb3a1ab3,"{""distance"":5,""physical_error_rate"":0.0002}","{""detection_events"":1464,""detectors_checked"":1605632}"
      5120,         0,         0,   0.056,exact_mw,70a969f5042aec17ac076c6379f4170fb7c69b8e925756ef3b7334e28a33338b,"{""distance"":5,""physical_error_rate"":0.0001}","{""detection_events"":482,""detectors_checked"":1146880}"
     47104,         0,         0,   0.410,exact_mw,cdc4a450a40af8e24899239080e4c40992fb5baf91c5a31ab3a165eacb3a1ab3,"{""distance"":5,""physical_error_rate"":0.0002}","{""detection_events"":9226,""detectors_checked"":10551296}"
      4096,         0,         0,   0.053,exact_mw,cdc4a450a40af8e24899239080e4c40992fb5baf91c5a31ab3a165eacb3a1ab3,"{""distance"":5,""physical_error_rate"":0.0002}","{""detection_events"":831,""detectors_checked"":917504}"
      3344,         0,         0,   0.029,exact_mw,cdc4a450a40af8e24899239080e4c40992fb5baf91c5a31ab3a165eacb3a1ab3,"{""distance"":5,""physical_error_rate"":0.0002}","{""detection_events"":667,""detectors_checked"":749056}"
      2048,         0,         0,   0.024,exact_mw,cdc4a450a40af8e24899239080e4c40992fb5baf91c5a31ab3a165eacb3a1ab3,"{""distance"":5,""physical_error_rate"":0.0002}","{""detection_events"":418,""detectors_checked"":458752}"
      5120,         0,         0,   0.056,exact_mw,cdc4a450a40af8e24899239080e4c40992fb5baf91c5a31ab3a165eacb3a1ab3,"{""distance"":5,""physical_error_rate"":0.0002}","{""detection_events"":972,""detectors_checked"":1146880}"
      4096,         0,         0,   0.030,exact_mw,cdc4a450a40af8e24899239080e4c40992fb5baf91c5a31ab3a165eacb3a1ab3,"{""distance"":5,""physical_error_rate"":0.0002}","{""detection_events"":853,""detectors_checked"":917504}"
      1297,         0,         0,   0.025,exact_mw,70a969f5042aec17ac076c6379f4170fb7c69b8e925756ef3b7334e28a33338b,"{""distance"":5,""physical_error_rate"":0.0001}","{""detection_events"":132,""detectors_checked"":290528}"
      7168,         0,         0,   0.084,exact_mw,70a969f5042aec17ac076c6379f4170fb7c69b8e925756ef3b7334e28a33338b,"{""distance"":5,""physical_error_rate"":0.0001}","{""detection_events"":751,""detectors_checked"":1605632}"
      2048,         0,         0,   0.029,exact_mw,70a969f5042aec17ac076c6379f4170fb7c69b8e925756ef3b7334e28a33338b,"{""distance"":5,""physical_error_rate"":0.0001}","{""detection_events"":213,""detectors_checked"":458752}"
      1297,         0,         0,   0.073,exact_mw,cb12ae119b9b2ba18d0216e7235b403229e92fd0743ede48fe7f1a2c6f45d594,"{""distance"":5,""physical_error_rate"":0.0005}","{""detection_events"":618,""detectors_checked"":290528}"
      5120,         0,         0,   0.051,exact_mw,cdc4a450a40af8e24899239080e4c40992fb5baf91c5a31ab3a165eacb3a1ab3,"{""distance"":5,""physical_error_rate"":0.0002}","{""detection_events"":1050,""detectors_checked"":1146880}"
     15360,         0,         0,   0.167,exact_mw,70a969f5042aec17ac076c6379f4170fb7c69b8e925756ef3b7334e28a33338b,"{""distance"":5,""physical_error_rate"":0.0001}","{""detection_events"":1495,""detectors_checked"":3440640}"
      3072,         0,         0,   0.030,exact_mw,70a969f5042aec17ac076c6379f4170fb7c69b8e925756ef3b7334e28a33338b,"{""distance"":5,""physical_error_rate"":0.0001}","{""detection_events"":343,""detectors_checked"":688128}"
     11264,         0,         0,   0.152,exact_mw,cdc4a450a40af8e24899239080e4c40992fb5baf91c5a31ab3a165eacb3a1ab3,"{""distance"":5,""physical_error_rate"":0.0002}","{""detection_events"":2347,""detectors_checked"":2523136}"
      7168,         0,         0,   0.090,exact_mw,cdc4a450a40af8e24899239080e4c40992fb5baf91c5a31ab3a165eacb3a1ab3,"{""distance"":5,""physical_error_rate"":0.0002}","{""detection_events"":1499,""detectors_checked"":1605632}"
      3072,         0,         0,   0.030,exact_mw,70a969f5042aec17ac076c6379f4170fb7c69b8e925756ef3b7334e28a33338b,"{""distance"":5,""physical_error_rate"":0.0001}","{""detection_events"":305,""detectors_checked"":688128}"
      6144,         0,         0,   0.054,exact_mw,cdc4a450a40af8e24899239080e4c40992fb5baf91c5a31ab3a165eacb3a1ab3,"{""distance"":5,""physical_error_rate"":0.0002}","{""detection_events"":1241,""detectors_checked"":1376256}"
     37888,         0,         0,   0.419,exact_mw,70a969f5042aec17ac076c6379f4170fb7c69b8e925756ef3b7334e28a33338b,"{""distance"":5,""physical_error_rate"":0.0001}","{""detection_events"":3764,""detectors_checked"":8486912}"
     10240,         0,         0,   0.113,exact_mw,70a969f5042aec17ac076c6379f4170fb7c69b8e925756ef3b7334e28a33338b,"{""distance"":5,""physical_error_rate"":0.0001}","{""detection_events"":981,""detectors_checked"":2293760}"
     95232,         0,         0,   0.550,exact_mw,cdc4a450a40af8e24899239080e4c40992fb5baf91c5a31ab3a165eacb3a1ab3,"{""distance"":5,""physical_error_rate"":0.0002}","{""detection_events"":18764,""detectors_checked"":21331968}"
         1,         0,         0,   0.000,exact_mw,cb12ae119b9b2ba18d0216e7235b403229e92fd0743ede48fe7f1a2c6f45d594,"{""distance"":5,""physical_error_rate"":0.0005}","{""detectors_checked"":224}"
     14336,         0,         0,   0.222,exact_mw,cdc4a450a40af8e24899239080e4c40992fb5baf91c5a31ab3a165eacb3a1ab3,"{""distance"":5,""physical_error_rate"":0.0002}","{""detection_events"":2838,""detectors_checked"":3211264}"
     34816,         0,         0,   0.276,exact_mw,70a969f5042aec17ac076c6379f4170fb7c69b8e925756ef3b7334e28a33338b,"{""distance"":5,""physical_error_rate"":0.0001}","{""detection_events"":3523,""detectors_checked"":7798784}"
      4096,         0,         0,   0.053,exact_mw,70a969f5042aec17ac076c6379f4170fb7c69b8e925756ef3b7334e28a33338b,"{""distance"":5,""physical_error_rate"":0.0001}","{""detection_events"":404,""detectors_checked"":917504}"
      2320,         0,         0,   0.029,exact_mw,cb12ae119b9b2ba18d0216e7235b403229e92fd0743ede48fe7f1a2c6f45d594,"{""distance"":5,""physical_error_rate"":0.0005}","{""detection_events"":1147,""detectors_checked"":519680}"
     35840,         0,         0,   0.420,exact_mw,cdc4a450a40af8e24899239080e4c40992fb5baf91c5a31ab3a165eacb3a1ab3,"{""distance"":5,""physical_error_rate"":0.0002}","{""detection_events"":7239,""detectors_checked"":8028160}"
         1,         0,         0,   0.000,exact_mw,cb12ae119b9b2ba18d0216e7235b403229e92fd0743ede48fe7f1a2c6f45d594,"{""distance"":5,""physical_error_rate"":0.0005}","{""detection_events"":2,""detectors_checked"":224}"
      2048,         0,         0,   0.028,exact_mw,cb12ae119b9b2ba18d0216e7235b403229e92fd0743ede48fe7f1a2c6f45d594,"{""distance"":5,""physical_error_rate"":0.0005}","{""detection_events"":917,""detectors_checked"":458752}"
     75776,         0,         0,   0.564,exact_mw,cb12ae119b9b2ba18d0216e7235b403229e92fd0743ede48fe7f1a2c6f45d594,"{""distance"":5,""physical_error_rate"":0.0005}","{""detection_events"":37356,""detectors_checked"":16973824}"
      9216,         0,         0,   0.076,exact_mw,cdc4a450a40af8e24899239080e4c40992fb5baf91c5a31ab3a165eacb3a1ab3,"{""distance"":5,""physical_error_rate"":0.0002}","{""detection_events"":1678,""detectors_checked"":2064384}"
     10240,         0,         0,   0.114,exact_mw,cdc4a450a40af8e24899239080e4c40992fb5baf91c5a31ab3a165eacb3a1ab3,"{""distance"":5,""physical_error_rate"":0.0002}","{""detection_events"":1933,""detectors_checked"":2293760}"
     17408,         0,         0,   0.268,exact_mw,cb12ae119b9b2ba18d0216e7235b403229e92fd0743ede48fe7f1a2c6f45d594,"{""distance"":5,""physical_error_rate"":0.0005}","{""detection_events"":8713,""detectors_checked"":3899392}"
      5120,         0,         0,   0.056,exact_mw,70a969f5042aec17ac076c6379f4170fb7c69b8e925756ef3b7334e28a33338b,"{""distance"":5,""physical_error_rate"":0.0001}","{""detection_events"":497,""detectors_checked"":1146880}"
      1024,         0,         0,   0.144,exact_mw,cb12ae119b9b2ba18d0216e7235b403229e92fd0743ede48fe7f1a2c6f45d594,"{""distance"":5,""physical_error_rate"":0.0005}","{""detection_events"":496,""detectors_checked"":229376}"
      1296,         0,         0,   0.027,exact_mw,cb12ae119b9b2ba18d0216e7235b403229e92fd0743ede48fe7f1a2c6f45d594,"{""distance"":5,""physical_error_rate"":0.0005}","{""detection_events"":651,""detectors_checked"":290304}"
      1024,         0,         0,   0.005,exact_mw,cb12ae119b9b2ba18d0216e7235b403229e92fd0743ede48fe7f1a2c6f45d594,"{""distance"":5,""physical_error_rate"":0.0005}","{""detection_events"":493,""detectors_checked"":229376}"
      2048,         0,         0,   0.032,exact_mw,cb12ae119b9b2ba18d0216e7235b403229e92fd0743ede48fe7f1a2c6f45d594,"{""distance"":5,""physical_error_rate"":0.0005}","{""detection_events"":923,""detectors_checked"":458752}"
      1024,         0,         0,   0.030,exact_mw,cb12ae119b9b2ba18d0216e7235b403229e92fd0743ede48fe7f1a2c6f45d594,"{""distance"":5,""physical_error_rate"":0.0005}","{""detection_events"":512,""detectors_checked"":229376}"
      2048,         0,         0,   0.042,exact_mw,cb12ae119b9b2ba18d0216e7235b403229e92fd0743ede48fe7f1a2c6f45d594,"{""distance"":5,""physical_error_rate"":0.0005}","{""detection_events"":1035,""detectors_checked"":458752}"
     19456,         0,         0,   0.208,exact_mw,70a969f5042aec17ac076c6379f4170fb7c69b8e925756ef3b7334e28a33338b,"{""distance"":5,""physical_error_rate"":0.0001}","{""detection_events"":1968,""detectors_checked"":4358144}"
      3072,         0,         0,   0.047,exact_mw,cb12ae119b9b2ba18d0216e7235b403229e92fd0743ede48fe7f1a2c6f45d594,"{""distance"":5,""physical_error_rate"":0.0005}","{""detection_events"":1492,""detectors_checked"":688128}"
      1024,         0,         0,   0.030,exact_mw,cb12ae119b9b2ba18d0216e7235b403229e92fd0743ede48fe7f1a2c6f45d594,"{""distance"":5,""physical_error_rate"":0.0005}","{""detection_events"":553,""detectors_checked"":229376}"
      5120,         0,         0,   0.070,exact_mw,70a969f5042aec17ac076c6379f4170fb7c69b8e925756ef3b7334e28a33338b,"{""distance"":5,""physical_error_rate"":0.0001}","{""detection_events"":499,""detectors_checked"":1146880}"
     16384,         0,         0,   0.208,exact_mw,cdc4a450a40af8e24899239080e4c40992fb5baf91c5a31ab3a165eacb3a1ab3,"{""distance"":5,""physical_error_rate"":0.0002}","{""detection_events"":3413,""detectors_checked"":3670016}"
     12288,         0,         0,   0.161,exact_mw,70a969f5042aec17ac076c6379f4170fb7c69b8e925756ef3b7334e28a33338b,"{""distance"":5,""physical_error_rate"":0.0001}","{""detection_events"":1179,""detectors_checked"":2752512}"
      6144,         0,         0,   0.097,exact_mw,cdc4a450a40af8e24899239080e4c40992fb5baf91c5a31ab3a165eacb3a1ab3,"{""distance"":5,""physical_error_rate"":0.0002}","{""detection_events"":1151,""detectors_checked"":1376256}"
      3072,         0,         0,   0.051,exact_mw,cb12ae119b9b2ba18d0216e7235b403229e92fd0743ede48fe7f1a2c6f45d594,"{""distance"":5,""physical_error_rate"":0.0005}","{""detection_events"":1470,""detectors_checked"":688128}"
      2048,         0,         0,   0.058,exact_mw,cb12ae119b9b2ba18d0216e7235b403229e92fd0743ede48fe7f1a2c6f45d594,"{""distance"":5,""physical_error_rate"":0.0005}","{""detection_events"":985,""detectors_checked"":458752}"
      4096,         0,         0,   0.074,exact_mw,cb12ae119b9b2ba18d0216e7235b403229e92fd0743ede48fe7f1a2c6f45d594,"{""distance"":5,""physical_error_rate"":0.0005}","{""detection_events"":1917,""detectors_checked"":917504}"
     14336,         0,         0,   0.149,exact_mw,cdc4a450a40af8e24899239080e4c40992fb5baf91c5a31ab3a165eacb3a1ab3,"{""distance"":5,""physical_error_rate"":0.0002}","{""detection_events"":2703,""detectors_checked"":3211264}"
         1,         0,         0,   0.000,exact_mw,cdc4a450a40af8e24899239080e4c40992fb5baf91c5a31ab3a165eacb3a1ab3,"{""distance"":5,""physical_error_rate"":0.0002}","{""detection_events"":2,""detectors_checked"":224}"
     50176,         0,         0,   0.562,exact_mw,70a969f5042aec17ac076c6379f4170fb7c69b8e925756ef3b7334e28a33338b,"{""distance"":5,""physical_error_rate"":0.0001}","{""detection_events"":4898,""detectors_checked"":11239424}"
      3072,         0,         0,   0.073,exact_mw,cb12ae119b9b2ba18d0216e7235b403229e92fd0743ede48fe7f1a2c6f45d594,"{""distance"":5,""physical_error_rate"":0.0005}","{""detection_events"":1576,""detectors_checked"":688128}"
      2320,         0,         0,   0.028,exact_mw,cdc4a450a40af8e24899239080e4c40992fb5baf91c5a31ab3a165eacb3a1ab3,"{""distance"":5,""physical_error_rate"":0.0002}","{""detection_events"":440,""detectors_checked"":519680}"
      3072,         0,         0,   0.064,exact_mw,cb12ae119b9b2ba18d0216e7235b403229e92fd0743ede48fe7f1a2c6f45d594,"{""distance"":5,""physical_error_rate"":0.0005}","{""detection_events"":1496,""detectors_checked"":688128}"
      9216,         0,         0,   0.126,exact_mw,70a969f5042aec17ac076c6379f4170fb7c69b8e925756ef3b7334e28a33338b,"{""distance"":5,""physical_error_rate"":0.0001}","{""detection_events"":844,""detectors_checked"":2064384}"
     31744,         0,         0,   0.278,exact_mw,cdc4a450a40af8e24899239080e4c40992fb5baf91c5a31ab3a165eacb3a1ab3,"{""distance"":5,""physical_error_rate"":0.0002}","{""detection_events"":6048,""detectors_checked"":7110656}"
      1024,         0,         0,   0.024,exact_mw,cdc4a450a40af8e24899239080e4c40992fb5baf91c5a31ab3a165eacb3a1ab3,"{""distance"":5,""physical_error_rate"":0.0002}","{""detection_events"":223,""detectors_checked"":229376}"
      9216,         0,         0,   0.127,exact_mw,cdc4a450a40af8e24899239080e4c40992fb5baf91c5a31ab3a165eacb3a1ab3,"{""distance"":5,""physical_error_rate"":0.0002}","{""detection_events"":1822,""detectors_checked"":2064384}"
      4096,         0,         0,   0.077,exact_mw,cb12ae119b9b2ba18d0216e7235b403229e92fd0743ede48fe7f1a2c6f45d594,"{""distance"":5,""physical_error_rate"":0.0005}","{""detection_events"":2065,""detectors_checked"":917504}"
      3072,         0,         0,   0.024,exact_mw,cdc4a450a40af8e24899239080e4c40992fb5baf91c5a31ab3a165eacb3a1ab3,"{""distance"":5,""physical_error_rate"":0.0002}","{""detection_events"":635,""detectors_checked"":688128}"
   4059136,         0,         0,    22.6,exact_mw,70a969f5042aec17ac076c6379f4170fb7c69b8e925756ef3b7334e28a33338b,"{""distance"":5,""physical_error_rate"":0.0001}","{""detection_events"":401962,""detectors_checked"":909246464}"
      4096,         0,         0,   0.100,exact_mw,cb12ae119b9b2ba18d0216e7235b403229e92fd0743ede48fe7f1a2c6f45d594,"{""distance"":5,""physical_error_rate"":0.0005}","{""detection_events"":2070,""detectors_checked"":917504}"
      3072,         0,         0,   0.086,exact_mw,cb12ae119b9b2ba18d0216e7235b403229e92fd0743ede48fe7f1a2c6f45d594,"{""distance"":5,""physical_error_rate"":0.0005}","{""detection_events"":1508,""detectors_checked"":688128}"
     67584,         0,         0,   0.548,exact_mw,cdc4a450a40af8e24899239080e4c40992fb5baf91c5a31ab3a165eacb3a1ab3,"{""distance"":5,""physical_error_rate"":0.0002}","{""detection_events"":13235,""detectors_checked"":15138816}"
      4096,         0,         0,   0.053,exact_mw,cdc4a450a40af8e24899239080e4c40992fb5baf91c5a31ab3a165eacb3a1ab3,"{""distance"":5,""physical_error_rate"":0.0002}","{""detection_events"":856,""detectors_checked"":917504}"
     15360,         0,         0,   0.200,exact_mw,70a969f5042aec17ac076c6379f4170fb7c69b8e925756ef3b7334e28a33338b,"{""distance"":5,""physical_error_rate"":0.0001}","{""detection_events"":1415,""detectors_checked"":3440640}"
      1297,         0,         0,   0.027,exact_mw,cb12ae119b9b2ba18d0216e7235b403229e92fd0743ede48fe7f1a2c6f45d594,"{""distance"":5,""physical_error_rate"":0.0005}","{""detection_events"":682,""detectors_checked"":290528}"
     35840,         0,         0,   0.382,exact_mw,70a969f5042aec17ac076c6379f4170fb7c69b8e925756ef3b7334e28a33338b,"{""distance"":5,""physical_error_rate"":0.0001}","{""detection_events"":3594,""detectors_checked"":8028160}"
     10240,         0,         0,   0.148,exact_mw,70a969f5042aec17ac076c6379f4170fb7c69b8e925756ef3b7334e28a33338b,"{""distance"":5,""physical_error_rate"":0.0001}","{""detection_events"":970,""detectors_checked"":2293760}"
      2048,         0,         0,   0.028,exact_mw,cb12ae119b9b2ba18d0216e7235b403229e92fd0743ede48fe7f1a2c6f45d594,"{""distance"":5,""physical_error_rate"":0.0005}","{""detection_events"":1009,""detectors_checked"":458752}"
     19456,         0,         0,   0.215,exact_mw,cdc4a450a40af8e24899239080e4c40992fb5baf91c5a31ab3a165eacb3a1ab3,"{""distance"":5,""physical_error_rate"":0.0002}","{""detection_events"":3879,""detectors_checked"":4358144}"
      7168,         0,         0,   0.048,exact_mw,cdc4a450a40af8e24899239080e4c40992fb5baf91c5a31ab3a165eacb3a1ab3,"{""distance"":5,""physical_error_rate"":0.0002}","{""detection_events"":1398,""detectors_checked"":1605632}"
      6144,         0,         0,   0.124,exact_mw,cb12ae119b9b2ba18d0216e7235b403229e92fd0743ede48fe7f1a2c6f45d594,"{""distance"":5,""physical_error_rate"":0.0005}","{""detection_events"":3003,""detectors_checked"":1376256}"
     27648,         0,         0,   0.275,exact_mw,70a969f5042aec17ac076c6379f4170fb7c69b8e925756ef3b7334e28a33338b,"{""distance"":5,""physical_error_rate"":0.0001}","{""detection_events"":2631,""detectors_checked"":6193152}"
      1024,         0,         0,   0.024,exact_mw,cb12ae119b9b2ba18d0216e7235b403229e92fd0743ede48fe7f1a2c6f45d594,"{""distance"":5,""physical_error_rate"":0.0005}","{""detection_events"":506,""detectors_checked"":229376}"
     24576,         0,         0,   0.286,exact_mw,cdc4a450a40af8e24899239080e4c40992fb5baf91c5a31ab3a165eacb3a1ab3,"{""distance"":5,""physical_error_rate"":0.0002}","{""detection_events"":4929,""detectors_checked"":5505024}"
      5120,         0,         0,   0.121,exact_mw,cb12ae119b9b2ba18d0216e7235b403229e92fd0743ede48fe7f1a2c6f45d594,"{""distance"":5,""physical_error_rate"":0.0005}","{""detection_events"":2532,""detectors_checked"":1146880}"
      2048,         0,         0,   0.028,exact_mw,cb12ae119b9b2ba18d0216e7235b403229e92fd0743ede48fe7f1a2c6f45d594,"{""distance"":5,""physical_error_rate"":0.0005}","{""detection_events"":1087,""detectors_checked"":458752}"
     35840,         0,         0,   0.384,exact_mw,cb12ae119b9b2ba18d0216e7235b403229e92fd0743ede48fe7f1a2c6f45d594,"{""distance"":5,""physical_error_rate"":0.0005}","{""detection_events"":17841,""detectors_checked"":8028160}"
      1297,         0,         0,   0.004,exact_mw,70a969f5042aec17ac076c6379f4170fb7c69b8e925756ef3b7334e28a33338b,"{""distance"":5,""physical_error_rate"":0.0001}","{""detection_events"":103,""detectors_checked"":290528}"
      8192,         0,         0,   0.128,exact_mw,cb12ae119b9b2ba18d0216e7235b403229e92fd0743ede48fe7f1a2c6f45d594,"{""distance"":5,""physical_error_rate"":0.0005}","{""detection_events"":3925,""detectors_checked"":1835008}"
      5120,         0,         0,   0.078,exact_mw,cdc4a450a40af8e24899239080e4c40992fb5baf91c5a31ab3a165eacb3a1ab3,"{""distance"":5,""physical_error_rate"":0.0002}","{""detection_events"":1041,""detectors_checked"":1146880}"
     11264,         0,         0,   0.208,exact_mw,cdc4a450a40af8e24899239080e4c40992fb5baf91c5a31ab3a165eacb3a1ab3,"{""distance"":5,""physical_error_rate"":0.0002}","{""detection_events"":2157,""detectors_checked"":2523136}"
      1024,         0,         0,   0.024,exact_mw,70a969f5042aec17ac076c6379f4170fb7c69b8e925756ef3b7334e28a33338b,"{""distance"":5,""physical_error_rate"":0.0001}","{""detection_events"":90,""detectors_checked"":229376}"
      5120,         0,         0,   0.056,exact_mw,cb12ae119b9b2ba18d0216e7235b403229e92fd0743ede48fe7f1a2c6f45d594,"{""distance"":5,""physical_error_rate"":0.0005}","{""detection_events"":2571,""detectors_checked"":1146880}"
      3072,         0,         0,   0.030,exact_mw,70a969f5042aec17ac076c6379f4170fb7c69b8e925756ef3b7334e28a33338b,"{""distance"":5,""physical_error_rate"":0.0001}","{""detection_events"":296,""detectors_checked"":688128}"
     51200,         0,         0,   0.567,exact_mw,70a969f5042aec17ac076c6379f4170fb7c69b8e925756ef3b7334e28a33338b,"{""distance"":5,""physical_error_rate"":0.0001}","{""detection_events"":4999,""detectors_checked"":11468800}"
       273,         0,         0,   0.002,exact_mw,cb12ae119b9b2ba18d0216e7235b403229e92fd0743ede48fe7f1a2c6f45d594,"{""distance"":5,""physical_error_rate"":0.0005}","{""detection_events"":150,""detectors_checked"":61152}"
      3072,         0,         0,   0.030,exact_mw,70a969f5042aec17ac076c6379f4170fb7c69b8e925756ef3b7334e28a33338b,"{""distance"":5,""physical_error_rate"":0.0001}","{""detection_events"":342,""detectors_checked"":688128}"
      7168,         0,         0,   0.054,exact_mw,cb12ae119b9b2ba18d0216e7235b403229e92fd0743ede48fe7f1a2c6f45d594,"{""distance"":5,""physical_error_rate"":0.0005}","{""detection_events"":3594,""detectors_checked"":1605632}"
      9216,         0,         0,   0.159,exact_mw,cb12ae119b9b2ba18d0216e7235b403229e92fd0743ede48fe7f1a2c6f45d594,"{""distance"":5,""physical_error_rate"":0.0005}","{""detection_events"":4442,""detectors_checked"":2064384}"
      1297,         0,         0,   0.030,exact_mw,cb12ae119b9b2ba18d0216e7235b403229e92fd0743ede48fe7f1a2c6f45d594,"{""distance"":5,""physical_error_rate"":0.0005}","{""detection_events"":733,""detectors_checked"":290528}"
      3072,         0,         0,   0.036,exact_mw,cb12ae119b9b2ba18d0216e7235b403229e92fd0743ede48fe7f1a2c6f45d594,"{""distance"":5,""physical_error_rate"":0.0005}","{""detection_events"":1529,""detectors_checked"":688128}"
      7168,         0,         0,   0.148,exact_mw,cb12ae119b9b2ba18d0216e7235b403229e92fd0743ede48fe7f1a2c6f45d594,"{""distance"":5,""physical_error_rate"":0.0005}","{""detection_events"":3461,""detectors_checked"":1605632}"
     10240,         0,         0,   0.112,exact_mw,cdc4a450a40af8e24899239080e4c40992fb5baf91c5a31ab3a165eacb3a1ab3,"{""distance"":5,""physical_error_rate"":0.0002}","{""detection_events"":2010,""detectors_checked"":2293760}"
     51200,         0,         0,   0.585,exact_mw,cdc4a450a40af8e24899239080e4c40992fb5baf91c5a31ab3a165eacb3a1ab3,"{""distance"":5,""physical_error_rate"":0.0002}","{""detection_events"":10024,""detectors_checked"":11468800}"
      1024,         0,         0,   0.029,exact_mw,cb12ae119b9b2ba18d0216e7235b403229e92fd0743ede48fe7f1a2c6f45d594,"{""distance"":5,""physical_error_rate"":0.0005}","{""detection_events"":551,""detectors_checked"":229376}"
      2048,         0,         0,   0.025,exact_mw,cb12ae119b9b2ba18d0216e7235b403229e92fd0743ede48fe7f1a2c6f45d594,"{""distance"":5,""physical_error_rate"":0.0005}","{""detection_events"":1086,""detectors_checked"":458752}"
      4096,         0,         0,   0.053,exact_mw,70a969f5042aec17ac076c6379f4170fb7c69b8e925756ef3b7334e28a33338b,"{""distance"":5,""physical_error_rate"":0.0001}","{""detection_events"":388,""detectors_checked"":917504}"
     15360,         0,         0,   0.227,exact_mw,70a969f5042aec17ac076c6379f4170fb7c69b8e925756ef3b7334e28a33338b,"{""distance"":5,""physical_error_rate"":0.0001}","{""detection_events"":1434,""detectors_checked"":3440640}"
      4096,         0,         0,   0.028,exact_mw,cb12ae119b9b2ba18d0216e7235b403229e92fd0743ede48fe7f1a2c6f45d594,"{""distance"":5,""physical_error_rate"":0.0005}","{""detection_events"":2076,""detectors_checked"":917504}"
      9216,         0,         0,   0.156,exact_mw,cb12ae119b9b2ba18d0216e7235b403229e92fd0743ede48fe7f1a2c6f45d594,"{""distance"":5,""physical_error_rate"":0.0005}","{""detection_events"":4448,""detectors_checked"":2064384}"
      2048,         0,         0,   0.032,exact_mw,cb12ae119b9b2ba18d0216e7235b403229e92fd0743ede48fe7f1a2c6f45d594,"{""distance"":5,""physical_error_rate"":0.0005}","{""detection_events"":928,""detectors_checked"":458752}"
     20480,         0,         0,   0.295,exact_mw,70a969f5042aec17ac076c6379f4170fb7c69b8e925756ef3b7334e28a33338b,"{""distance"":5,""physical_error_rate"":0.0001}","{""detection_events"":1976,""detectors_checked"":4587520}"
      5120,         0,         0,   0.057,exact_mw,70a969f5042aec17ac076c6379f4170fb7c69b8e925756ef3b7334e28a33338b,"{""distance"":5,""physical_error_rate"":0.0001}","{""detection_events"":449,""detectors_checked"":1146880}"
   9339195,         2,         0,   104.8,exact_mw,cb12ae119b9b2ba18d0216e7235b403229e92fd0743ede48fe7f1a2c6f45d594,"{""distance"":5,""physical_error_rate"":0.0005}","{""detection_events"":4595273,""detectors_checked"":2091979680,""obs_mistake_mask=E"":2}"
      2048,         0,         0,   0.020,exact_mw,cb12ae119b9b2ba18d0216e7235b403229e92fd0743ede48fe7f1a2c6f45d594,"{""distance"":5,""physical_error_rate"":0.0005}","{""detection_events"":1126,""detectors_checked"":458752}"
      3072,         0,         0,   0.031,exact_mw,cb12ae119b9b2ba18d0216e7235b403229e92fd0743ede48fe7f1a2c6f45d594,"{""distance"":5,""physical_error_rate"":0.0005}","{""detection_events"":1458,""detectors_checked"":688128}"
     39936,         0,         0,   0.409,exact_mw,cdc4a450a40af8e24899239080e4c40992fb5baf91c5a31ab3a165eacb3a1ab3,"{""distance"":5,""physical_error_rate"":0.0002}","{""detection_events"":8137,""detectors_checked"":8945664}"
      6144,         0,         0,   0.079,exact_mw,cb12ae119b9b2ba18d0216e7235b403229e92fd0743ede48fe7f1a2c6f45d594,"{""distance"":5,""physical_error_rate"":0.0005}","{""detection_events"":2866,""detectors_checked"":1376256}"
      1024,         0,         0,   0.056,exact_mw,cb12ae119b9b2ba18d0216e7235b403229e92fd0743ede48fe7f1a2c6f45d594,"{""distance"":5,""physical_error_rate"":0.0005}","{""detection_events"":561,""detectors_checked"":229376}"
      6144,         0,         0,   0.057,exact_mw,cb12ae119b9b2ba18d0216e7235b403229e92fd0743ede48fe7f1a2c6f45d594,"{""distance"":5,""physical_error_rate"":0.0005}","{""detection_events"":2995,""detectors_checked"":1376256}"
     27648,         0,         0,   0.309,exact_mw,cdc4a450a40af8e24899239080e4c40992fb5baf91c5a31ab3a165eacb3a1ab3,"{""distance"":5,""physical_error_rate"":0.0002}","{""detection_events"":5402,""detectors_checked"":6193152}"
      7168,         0,         0,   0.083,exact_mw,70a969f5042aec17ac076c6379f4170fb7c69b8e925756ef3b7334e28a33338b,"{""distance"":5,""physical_error_rate"":0.0001}","{""detection_events"":682,""detectors_checked"":1605632}"
     14336,         0,         0,   0.166,exact_mw,cdc4a450a40af8e24899239080e4c40992fb5baf91c5a31ab3a165eacb3a1ab3,"{""distance"":5,""physical_error_rate"":0.0002}","{""detection_events"":2668,""detectors_checked"":3211264}"
      4096,         0,         0,   0.086,exact_mw,cb12ae119b9b2ba18d0216e7235b403229e92fd0743ede48fe7f1a2c6f45d594,"{""distance"":5,""physical_error_rate"":0.0005}","{""detection_events"":1870,""detectors_checked"":917504}"
       273,         0,         0,   0.022,exact_mw,70a969f5042aec17ac076c6379f4170fb7c69b8e925756ef3b7334e28a33338b,"{""distance"":5,""physical_error_rate"":0.0001}","{""detection_events"":56,""detectors_checked"":61152}"
      2048,         0,         0,   0.059,exact_mw,cb12ae119b9b2ba18d0216e7235b403229e92fd0743ede48fe7f1a2c6f45d594,"{""distance"":5,""physical_error_rate"":0.0005}","{""detection_events"":999,""detectors_checked"":458752}"
    137216,         0,         0,   0.808,exact_mw,cdc4a450a40af8e24899239080e4c40992fb5baf91c5a31ab3a165eacb3a1ab3,"{""distance"":5,""physical_error_rate"":0.0002}","{""detection_events"":26281,""detectors_checked"":30736384}"
     15360,         0,         0,   0.205,exact_mw,cb12ae119b9b2ba18d0216e7235b403229e92fd0743ede48fe7f1a2c6f45d594,"{""distance"":5,""physical_error_rate"":0.0005}","{""detection_events"":7283,""detectors_checked"":3440640}"
      2048,         0,         0,   0.026,exact_mw,70a969f5042aec17ac076c6379f4170fb7c69b8e925756ef3b7334e28a33338b,"{""distance"":5,""physical_error_rate"":0.0001}","{""detection_events"":190,""detectors_checked"":458752}"
     18432,         0,         0,   0.288,exact_mw,cdc4a450a40af8e24899239080e4c40992fb5baf91c5a31ab3a165eacb3a1ab3,"{""distance"":5,""physical_error_rate"":0.0002}","{""detection_events"":3743,""detectors_checked"":4128768}"
      9216,         0,         0,   0.172,exact_mw,cb12ae119b9b2ba18d0216e7235b403229e92fd0743ede48fe7f1a2c6f45d594,"{""distance"":5,""physical_error_rate"":0.0005}","{""detection_events"":4411,""detectors_checked"":2064384}"
     10240,         0,         0,   0.077,exact_mw,cb12ae119b9b2ba18d0216e7235b403229e92fd0743ede48fe7f1a2c6f45d594,"{""distance"":5,""physical_error_rate"":0.0005}","{""detection_events"":4969,""detectors_checked"":2293760}"
      2048,         0,         0,   0.026,exact_mw,70a969f5042aec17ac076c6379f4170fb7c69b8e925756ef3b7334e28a33338b,"{""distance"":5,""physical_error_rate"":0.0001}","{""detection_events"":183,""detectors_checked"":458752}"
     41984,         0,         0,   0.408,exact_mw,70a969f5042aec17ac076c6379f4170fb7c69b8e925756ef3b7334e28a33338b,"{""distance"":5,""physical_error_rate"":0.0001}","{""detection_events"":4264,""detectors_checked"":9404416}"
     35840,         0,         0,   0.397,exact_mw,cdc4a450a40af8e24899239080e4c40992fb5baf91c5a31ab3a165eacb3a1ab3,"{""distance"":5,""physical_error_rate"":0.0002}","{""detection_events"":7029,""detectors_checked"":8028160}"
    101376,         0,         0,   0.792,exact_mw,cb12ae119b9b2ba18d0216e7235b403229e92fd0743ede48fe7f1a2c6f45d594,"{""distance"":5,""physical_error_rate"":0.0005}","{""detection_events"":50481,""detectors_checked"":22708224}"
     15360,         0,         0,   0.186,exact_mw,cb12ae119b9b2ba18d0216e7235b403229e92fd0743ede48fe7f1a2c6f45d594,"{""distance"":5,""physical_error_rate"":0.0005}","{""detection_events"":7653,""detectors_checked"":3440640}"
      9216,         0,         0,   0.109,exact_mw,70a969f5042aec17ac076c6379f4170fb7c69b8e925756ef3b7334e28a33338b,"{""distance"":5,""physical_error_rate"":0.0001}","{""detection_events"":899,""detectors_checked"":2064384}"
      3072,         0,         0,   0.049,exact_mw,70a969f5042aec17ac076c6379f4170fb7c69b8e925756ef3b7334e28a33338b,"{""distance"":5,""physical_error_rate"":0.0001}","{""detection_events"":221,""detectors_checked"":688128}"
      1297,         0,         0,   0.024,exact_mw,70a969f5042aec17ac076c6379f4170fb7c69b8e925756ef3b7334e28a33338b,"{""distance"":5,""physical_error_rate"":0.0001}","{""detection_events"":139,""detectors_checked"":290528}"
     16384,         0,         0,   0.111,exact_mw,cb12ae119b9b2ba18d0216e7235b403229e92fd0743ede48fe7f1a2c6f45d594,"{""distance"":5,""physical_error_rate"":0.0005}","{""detection_events"":7964,""detectors_checked"":3670016}"
      3072,         0,         0,   0.049,exact_mw,70a969f5042aec17ac076c6379f4170fb7c69b8e925756ef3b7334e28a33338b,"{""distance"":5,""physical_error_rate"":0.0001}","{""detection_events"":304,""detectors_checked"":688128}"
     26624,         0,         0,   0.299,exact_mw,70a969f5042aec17ac076c6379f4170fb7c69b8e925756ef3b7334e28a33338b,"{""distance"":5,""physical_error_rate"":0.0001}","{""detection_events"":2622,""detectors_checked"":5963776}"
      1024,         0,         0,   0.023,exact_mw,70a969f5042aec17ac076c6379f4170fb7c69b8e925756ef3b7334e28a33338b,"{""distance"":5,""physical_error_rate"":0.0001}","{""detection_events"":81,""detectors_checked"":229376}"
      4096,         0,         0,   0.178,exact_mw,cb12ae119b9b2ba18d0216e7235b403229e92fd0743ede48fe7f1a2c6f45d594,"{""distance"":5,""physical_error_rate"":0.0005}","{""detection_events"":2002,""detectors_checked"":917504}"
     49152,         0,         0,   0.544,exact_mw,70a969f5042aec17ac076c6379f4170fb7c69b8e925756ef3b7334e28a33338b,"{""distance"":5,""physical_error_rate"":0.0001}","{""detection_events"":4868,""detectors_checked"":11010048}"
       273,         0,         0,   0.021,exact_mw,cb12ae119b9b2ba18d0216e7235b403229e92fd0743ede48fe7f1a2c6f45d594,"{""distance"":5,""physical_error_rate"":0.0005}","{""detection_events"":110,""detectors_checked"":61152}"
      2048,         0,         0,   0.026,exact_mw,70a969f5042aec17ac076c6379f4170fb7c69b8e925756ef3b7334e28a33338b,"{""distance"":5,""physical_error_rate"":0.0001}","{""detection_events"":180,""detectors_checked"":458752}"
      2048,         0,         0,   0.029,exact_mw,cb12ae119b9b2ba18d0216e7235b403229e92fd0743ede48fe7f1a2c6f45d594,"{""distance"":5,""physical_error_rate"":0.0005}","{""detection_events"":1012,""detectors_checked"":458752}"
      4096,         0,         0,   0.201,exact_mw,cb12ae119b9b2ba18d0216e7235b403229e92fd0743ede48fe7f1a2c6f45d594,"{""distance"":5,""physical_error_rate"":0.0005}","{""detection_events"":2200,""detectors_checked"":917504}"
     19456,         0,         0,   0.222,exact_mw,cdc4a450a40af8e24899239080e4c40992fb5baf91c5a31ab3a165eacb3a1ab3,"{""distance"":5,""physical_error_rate"":0.0002}","{""detection_events"":3750,""detectors_checked"":4358144}"
      1297,         0,         0,   0.024,exact_mw,cdc4a450a40af8e24899239080e4c40992fb5baf91c5a31ab3a165eacb3a1ab3,"{""distance"":5,""physical_error_rate"":0.0002}","{""detection_events"":278,""detectors_checked"":290528}"
      5120,         0,         0,   0.054,exact_mw,70a969f5042aec17ac076c6379f4170fb7c69b8e925756ef3b7334e28a33338b,"{""distance"":5,""physical_error_rate"":0.0001}","{""detection_events"":478,""detectors_checked"":1146880}"
      1024,         0,         0,   0.023,exact_mw,cb12ae119b9b2ba18d0216e7235b403229e92fd0743ede48fe7f1a2c6f45d594,"{""distance"":5,""physical_error_rate"":0.0005}","{""detection_events"":451,""detectors_checked"":229376}"
      1024,         0,         0,   0.023,exact_mw,cdc4a450a40af8e24899239080e4c40992fb5baf91c5a31ab3a165eacb3a1ab3,"{""distance"":5,""physical_error_rate"":0.0002}","{""detection_events"":207,""detectors_checked"":229376}"
      3072,         0,         0,   0.029,exact_mw,70a969f5042aec17ac076c6379f4170fb7c69b8e925756ef3b7334e28a33338b,"{""distance"":5,""physical_error_rate"":0.0001}","{""detection_events"":348,""detectors_checked"":688128}"
     32768,         0,         0,   0.558,exact_mw,cb12ae119b9b2ba18d0216e7235b403229e92fd0743ede48fe7f1a2c6f45d594,"{""distance"":5,""physical_error_rate"":0.0005}","{""detection_events"":15803,""detectors_checked"":7340032}"
     15360,         0,         0,   0.168,exact_mw,70a969f5042aec17ac076c6379f4170fb7c69b8e925756ef3b7334e28a33338b,"{""distance"":5,""physical_error_rate"":0.0001}","{""detection_events"":1433,""detectors_checked"":3440640}"
     78848,         0,         0,   0.811,exact_mw,70a969f5042aec17ac076c6379f4170fb7c69b8e925756ef3b7334e28a33338b,"{""distance"":5,""physical_error_rate"":0.0001}","{""detection_events"":8077,""detectors_checked"":17661952}"
      2048,         0,         0,   0.026,exact_mw,cdc4a450a40af8e24899239080e4c40992fb5baf91c5a31ab3a165eacb3a1ab3,"{""distance"":5,""physical_error_rate"":0.0002}","{""detection_events"":353,""detectors_checked"":458752}"
      2048,         0,         0,   0.049,exact_mw,cb12ae119b9b2ba18d0216e7235b403229e92fd0743ede48fe7f1a2c6f45d594,"{""distance"":5,""physical_error_rate"":0.0005}","{""detection_events"":1007,""detectors_checked"":458752}"
     18432,         0,         0,   0.147,exact_mw,cb12ae119b9b2ba18d0216e7235b403229e92fd0743ede48fe7f1a2c6f45d594,"{""distance"":5,""physical_error_rate"":0.0005}","{""detection_events"":8995,""detectors_checked"":4128768}"
      4096,         0,         0,   0.052,exact_mw,70a969f5042aec17ac076c6379f4170fb7c69b8e925756ef3b7334e28a33338b,"{""distance"":5,""physical_error_rate"":0.0001}","{""detection_events"":416,""detectors_checked"":917504}"
      6144,         0,         0,   0.077,exact_mw,70a969f5042aec17ac076c6379f4170fb7c69b8e925756ef3b7334e28a33338b,"{""distance"":5,""physical_error_rate"":0.0001}","{""detection_events"":619,""detectors_checked"":1376256}"
     38912,         0,         0,   0.423,exact_mw,70a969f5042aec17ac076c6379f4170fb7c69b8e925756ef3b7334e28a33338b,"{""distance"":5,""physical_error_rate"":0.0001}","{""detection_events"":3633,""detectors_checked"":8716288}"
      3072,         0,         0,   0.049,exact_mw,cdc4a450a40af8e24899239080e4c40992fb5baf91c5a31ab3a165eacb3a1ab3,"{""distance"":5,""physical_error_rate"":0.0002}","{""detection_events"":655,""detectors_checked"":688128}"
     20480,         0,         0,   0.308,exact_mw,cb12ae119b9b2ba18d0216e7235b403229e92fd0743ede48fe7f1a2c6f45d594,"{""distance"":5,""physical_error_rate"":0.0005}","{""detection_events"":10307,""detectors_checked"":4587520}"
      3072,         0,         0,   0.050,exact_mw,cb12ae119b9b2ba18d0216e7235b403229e92fd0743ede48fe7f1a2c6f45d594,"{""distance"":5,""physical_error_rate"":0.0005}","{""detection_events"":1488,""detectors_checked"":688128}"
     19456,         0,         0,   0.305,exact_mw,cb12ae119b9b2ba18d0216e7235b403229e92fd0743ede48fe7f1a2c6f45d594,"{""distance"":5,""physical_error_rate"":0.0005}","{""detection_events"":9379,""detectors_checked"":4358144}"
     34816,         0,         0,   0.391,exact_mw,cdc4a450a40af8e24899239080e4c40992fb5baf91c5a31ab3a165eacb3a1ab3,"{""distance"":5,""physical_error_rate"":0.0002}","{""detection_events"":6862,""detectors_checked"":7798784}"
      3072,         0,         0,   0.049,exact_mw,cdc4a450a40af8e24899239080e4c40992fb5baf91c5a31ab3a165eacb3a1ab3,"{""distance"":5,""physical_error_rate"":0.0002}","{""detection_events"":572,""detectors_checked"":688128}"
     68608,         0,         0,   0.785,exact_mw,cdc4a450a40af8e24899239080e4c40992fb5baf91c5a31ab3a165eacb3a1ab3,"{""distance"":5,""physical_error_rate"":0.0002}","{""detection_events"":13731,""detectors_checked"":15368192}"
      5120,         0,         0,   0.074,exact_mw,70a969f5042aec17ac076c6379f4170fb7c69b8e925756ef3b7334e28a33338b,"{""distance"":5,""physical_error_rate"":0.0001}","{""detection_events"":511,""detectors_checked"":1146880}"
      2048,         0,         0,   0.168,exact_mw,cb12ae119b9b2ba18d0216e7235b403229e92fd0743ede48fe7f1a2c6f45d594,"{""distance"":5,""physical_error_rate"":0.0005}","{""detection_events"":1008,""detectors_checked"":458752}"
     20480,         0,         0,   0.306,exact_mw,cb12ae119b9b2ba18d0216e7235b403229e92fd0743ede48fe7f1a2c6f45d594,"{""distance"":5,""physical_error_rate"":0.0005}","{""detection_events"":10230,""detectors_checked"":4587520}"
      3072,         0,         0,   0.073,exact_mw,cb12ae119b9b2ba18d0216e7235b403229e92fd0743ede48fe7f1a2c6f45d594,"{""distance"":5,""physical_error_rate"":0.0005}","{""detection_events"":1622,""detectors_checked"":688128}"
      8192,         0,         0,   0.123,exact_mw,70a969f5042aec17ac076c6379f4170fb7c69b8e925756ef3b7334e28a33338b,"{""distance"":5,""physical_error_rate"":0.0001}","{""detection_events"":815,""detectors_checked"":1835008}"
      2048,         0,         0,   0.249,exact_mw,cb12ae119b9b2ba18d0216e7235b403229e92fd0743ede48fe7f1a2c6f45d594,"{""distance"":5,""physical_error_rate"":0.0005}","{""detection_events"":1162,""detectors_checked"":458752}"
   5361035,         0,         0,   107.6,exact_mw,70a969f5042aec17ac076c6379f4170fb7c69b8e925756ef3b7334e28a33338b,"{""distance"":5,""physical_error_rate"":0.0001}","{""detection_events"":530389,""detectors_checked"":1200871840}"
      5120,         0,         0,   0.074,exact_mw,cdc4a450a40af8e24899239080e4c40992fb5baf91c5a31ab3a165eacb3a1ab3,"{""distance"":5,""physical_error_rate"":0.0002}","{""detection_events"":1097,""detectors_checked"":1146880}"
      9216,         0,         0,   0.429,exact_mw,cdc4a450a40af8e24899239080e4c40992fb5baf91c5a31ab3a165eacb3a1ab3,"{""distance"":5,""physical_error_rate"":0.0002}","{""detection_events"":1909,""detectors_checked"":2064384}"
      7168,         0,         0,   0.096,exact_mw,70a969f5042aec17ac076c6379f4170fb7c69b8e925756ef3b7334e28a33338b,"{""distance"":5,""physical_error_rate"":0.0001}","{""detection_events"":726,""detectors_checked"":1605632}"
     19456,         0,         0,   0.222,exact_mw,70a969f5042aec17ac076c6379f4170fb7c69b8e925756ef3b7334e28a33338b,"{""distance"":5,""physical_error_rate"":0.0001}","{""detection_events"":1939,""detectors_checked"":4358144}"
     27648,         0,         0,   0.212,exact_mw,cb12ae119b9b2ba18d0216e7235b403229e92fd0743ede48fe7f1a2c6f45d594,"{""distance"":5,""physical_error_rate"":0.0005}","{""detection_events"":13249,""detectors_checked"":6193152}"
     51200,         0,         0,   0.580,exact_mw,cdc4a450a40af8e24899239080e4c40992fb5baf91c5a31ab3a165eacb3a1ab3,"{""distance"":5,""physical_error_rate"":0.0002}","{""detection_events"":10027,""detectors_checked"":11468800}"
      4096,         0,         0,   0.082,exact_mw,cb12ae119b9b2ba18d0216e7235b403229e92fd0743ede48fe7f1a2c6f45d594,"{""distance"":5,""physical_error_rate"":0.0005}","{""detection_events"":2045,""detectors_checked"":917504}"
   4455424,         0,         0,    60.6,exact_mw,70a969f5042aec17ac076c6379f4170fb7c69b8e925756ef3b7334e28a33338b,"{""distance"":5,""physical_error_rate"":0.0001}","{""detection_events"":439326,""detectors_checked"":998014976}"
     26624,         0,         0,   0.307,exact_mw,cdc4a450a40af8e24899239080e4c40992fb5baf91c5a31ab3a165eacb3a1ab3,"{""distance"":5,""physical_error_rate"":0.0002}","{""detection_events"":5037,""detectors_checked"":5963776}"
      7168,         0,         0,   0.071,exact_mw,cdc4a450a40af8e24899239080e4c40992fb5baf91c5a31ab3a165eacb3a1ab3,"{""distance"":5,""physical_error_rate"":0.0002}","{""detection_events"":1375,""detectors_checked"":1605632}"
      2048,         0,         0,   0.159,exact_mw,cb12ae119b9b2ba18d0216e7235b403229e92fd0743ede48fe7f1a2c6f45d594,"{""distance"":5,""physical_error_rate"":0.0005}","{""detection_events"":998,""detectors_checked"":458752}"
     37888,         0,         0,   0.419,exact_mw,70a969f5042aec17ac076c6379f4170fb7c69b8e925756ef3b7334e28a33338b,"{""distance"":5,""physical_error_rate"":0.0001}","{""detection_events"":3836,""detectors_checked"":8486912}"
     73728,         0,         0,   0.787,exact_mw,70a969f5042aec17ac076c6379f4170fb7c69b8e925756ef3b7334e28a33338b,"{""distance"":5,""physical_error_rate"":0.0001}","{""detection_events"":7266,""detectors_checked"":16515072}"
     14336,         0,         0,   0.154,exact_mw,70a969f5042aec17ac076c6379f4170fb7c69b8e925756ef3b7334e28a33338b,"{""distance"":5,""physical_error_rate"":0.0001}","{""detection_events"":1478,""detectors_checked"":3211264}"
     10240,         0,         0,   0.091,exact_mw,70a969f5042aec17ac076c6379f4170fb7c69b8e925756ef3b7334e28a33338b,"{""distance"":5,""physical_error_rate"":0.0001}","{""detection_events"":941,""detectors_checked"":2293760}"
      7168,         0,         0,   0.099,exact_mw,cb12ae119b9b2ba18d0216e7235b403229e92fd0743ede48fe7f1a2c6f45d594,"{""distance"":5,""physical_error_rate"":0.0005}","{""detection_events"":3402,""detectors_checked"":1605632}"
     66560,         0,         0,   0.554,exact_mw,70a969f5042aec17ac076c6379f4170fb7c69b8e925756ef3b7334e28a33338b,"{""distance"":5,""physical_error_rate"":0.0001}","{""detection_events"":6572,""detectors_checked"":14909440}"
     71680,         0,         0,   0.812,exact_mw,cdc4a450a40af8e24899239080e4c40992fb5baf91c5a31ab3a165eacb3a1ab3,"{""distance"":5,""physical_error_rate"":0.0002}","{""detection_events"":14144,""detectors_checked"":16056320}"
     47104,         0,         0,   0.579,exact_mw,cdc4a450a40af8e24899239080e4c40992fb5baf91c5a31ab3a165eacb3a1ab3,"{""distance"":5,""physical_error_rate"":0.0002}","{""detection_events"":9272,""detectors_checked"":10551296}"
     10240,         0,         0,   0.118,exact_mw,cdc4a450a40af8e24899239080e4c40992fb5baf91c5a31ab3a165eacb3a1ab3,"{""distance"":5,""physical_error_rate"":0.0002}","{""detection_events"":1991,""detectors_checked"":2293760}"
     14336,         0,         0,   0.151,exact_mw,70a969f5042aec17ac076c6379f4170fb7c69b8e925756ef3b7334e28a33338b,"{""distance"":5,""physical_error_rate"":0.0001}","{""detection_events"":1392,""detectors_checked"":3211264}"
     24576,         0,         0,   0.422,exact_mw,cb12ae119b9b2ba18d0216e7235b403229e92fd0743ede48fe7f1a2c6f45d594,"{""distance"":5,""physical_error_rate"":0.0005}","{""detection_events"":12033,""detectors_checked"":5505024}"
     29696,         0,         0,   0.422,exact_mw,cb12ae119b9b2ba18d0216e7235b403229e92fd0743ede48fe7f1a2c6f45d594,"{""distance"":5,""physical_error_rate"":0.0005}","{""detection_events"":14995,""detectors_checked"":6651904}"
      7168,         0,         0,   0.350,exact_mw,cb12ae119b9b2ba18d0216e7235b403229e92fd0743ede48fe7f1a2c6f45d594,"{""distance"":5,""physical_error_rate"":0.0005}","{""detection_events"":3370,""detectors_checked"":1605632}"
     10240,         0,         0,   0.167,exact_mw,cb12ae119b9b2ba18d0216e7235b403229e92fd0743ede48fe7f1a2c6f45d594,"{""distance"":5,""physical_error_rate"":0.0005}","{""detection_events"":5037,""detectors_checked"":2293760}"
     17408,         0,         0,   0.177,exact_mw,70a969f5042aec17ac076c6379f4170fb7c69b8e925756ef3b7334e28a33338b,"{""distance"":5,""physical_error_rate"":0.0001}","{""detection_events"":1781,""detectors_checked"":3899392}"
     23552,         0,         0,   0.309,exact_mw,70a969f5042aec17ac076c6379f4170fb7c69b8e925756ef3b7334e28a33338b,"{""distance"":5,""physical_error_rate"":0.0001}","{""detection_events"":2306,""detectors_checked"":5275648}"
     26624,         0,         0,   0.278,exact_mw,cb12ae119b9b2ba18d0216e7235b403229e92fd0743ede48fe7f1a2c6f45d594,"{""distance"":5,""physical_error_rate"":0.0005}","{""detection_events"":13208,""detectors_checked"":5963776}"
     28672,         0,         0,   0.418,exact_mw,cb12ae119b9b2ba18d0216e7235b403229e92fd0743ede48fe7f1a2c6f45d594,"{""distance"":5,""physical_error_rate"":0.0005}","{""detection_events"":14175,""detectors_checked"":6422528}"
      4096,         0,         0,   0.207,exact_mw,cb12ae119b9b2ba18d0216e7235b403229e92fd0743ede48fe7f1a2c6f45d594,"{""distance"":5,""physical_error_rate"":0.0005}","{""detection_events"":1961,""detectors_checked"":917504}"
     15360,         0,         0,   0.169,exact_mw,cdc4a450a40af8e24899239080e4c40992fb5baf91c5a31ab3a165eacb3a1ab3,"{""distance"":5,""physical_error_rate"":0.0002}","{""detection_events"":2927,""detectors_checked"":3440640}"
     46080,         0,         0,   0.549,exact_mw,70a969f5042aec17ac076c6379f4170fb7c69b8e925756ef3b7334e28a33338b,"{""distance"":5,""physical_error_rate"":0.0001}","{""detection_events"":4500,""detectors_checked"":10321920}"
     51200,         0,         0,   0.548,exact_mw,cdc4a450a40af8e24899239080e4c40992fb5baf91c5a31ab3a165eacb3a1ab3,"{""distance"":5,""physical_error_rate"":0.0002}","{""detection_events"":9919,""detectors_checked"":11468800}"
     37888,         0,         0,   0.421,exact_mw,cdc4a450a40af8e24899239080e4c40992fb5baf91c5a31ab3a165eacb3a1ab3,"{""distance"":5,""physical_error_rate"":0.0002}","{""detection_events"":7323,""detectors_checked"":8486912}"
     19456,         0,         0,   0.222,exact_mw,70a969f5042aec17ac076c6379f4170fb7c69b8e925756ef3b7334e28a33338b,"{""distance"":5,""physical_error_rate"":0.0001}","{""detection_events"":1927,""detectors_checked"":4358144}"
     74752,         0,         0,   0.768,exact_mw,70a969f5042aec17ac076c6379f4170fb7c69b8e925756ef3b7334e28a33338b,"{""distance"":5,""physical_error_rate"":0.0001}","{""detection_events"":7476,""detectors_checked"":16744448}"
     15360,         0,         0,   0.225,exact_mw,cb12ae119b9b2ba18d0216e7235b403229e92fd0743ede48fe7f1a2c6f45d594,"{""distance"":5,""physical_error_rate"":0.0005}","{""detection_events"":7831,""detectors_checked"":3440640}"
     10240,         0,         0,   0.566,exact_mw,cdc4a450a40af8e24899239080e4c40992fb5baf91c5a31ab3a165eacb3a1ab3,"{""distance"":5,""physical_error_rate"":0.0002}","{""detection_events"":2200,""detectors_checked"":2293760}"
     19456,         0,         0,   0.223,exact_mw,cdc4a450a40af8e24899239080e4c40992fb5baf91c5a31ab3a165eacb3a1ab3,"{""distance"":5,""physical_error_rate"":0.0002}","{""detection_events"":3970,""detectors_checked"":4358144}"
     46080,         0,         0,   0.801,exact_mw,cb12ae119b9b2ba18d0216e7235b403229e92fd0743ede48fe7f1a2c6f45d594,"{""distance"":5,""physical_error_rate"":0.0005}","{""detection_events"":22753,""detectors_checked"":10321920}"
     27648,         0,         0,   0.307,exact_mw,70a969f5042aec17ac076c6379f4170fb7c69b8e925756ef3b7334e28a33338b,"{""distance"":5,""physical_error_rate"":0.0001}","{""detection_events"":2570,""detectors_checked"":6193152}"
      5120,         0,         0,   0.300,exact_mw,cb12ae119b9b2ba18d0216e7235b403229e92fd0743ede48fe7f1a2c6f45d594,"{""distance"":5,""physical_error_rate"":0.0005}","{""detection_events"":2608,""detectors_checked"":1146880}"
     98304,         0,         0,    1.13,exact_mw,cdc4a450a40af8e24899239080e4c40992fb5baf91c5a31ab3a165eacb3a1ab3,"{""distance"":5,""physical_error_rate"":0.0002}","{""detection_events"":19330,""detectors_checked"":22020096}"
     41984,         0,         0,   0.574,exact_mw,70a969f5042aec17ac076c6379f4170fb7c69b8e925756ef3b7334e28a33338b,"{""distance"":5,""physical_error_rate"":0.0001}","{""detection_events"":4304,""detectors_checked"":9404416}"
     75776,         0,         0,    1.12,exact_mw,cb12ae119b9b2ba18d0216e7235b403229e92fd0743ede48fe7f1a2c6f45d594,"{""distance"":5,""physical_error_rate"":0.0005}","{""detection_events"":37448,""detectors_checked"":16973824}"
   3244564,         0,         0,    53.1,exact_mw,cdc4a450a40af8e24899239080e4c40992fb5baf91c5a31ab3a165eacb3a1ab3,"{""distance"":5,""physical_error_rate"":0.0002}","{""detection_events"":640267,""detectors_checked"":726782336}"
     34816,         0,         0,   0.406,exact_mw,cb12ae119b9b2ba18d0216e7235b403229e92fd0743ede48fe7f1a2c6f45d594,"{""distance"":5,""physical_error_rate"":0.0005}","{""detection_events"":17335,""detectors_checked"":7798784}"
     29696,         0,         0,   0.423,exact_mw,70a969f5042aec17ac076c6379f4170fb7c69b8e925756ef3b7334e28a33338b,"{""distance"":5,""physical_error_rate"":0.0001}","{""detection_events"":3019,""detectors_checked"":6651904}"
      4096,         0,         0,   0.458,exact_mw,cb12ae119b9b2ba18d0216e7235b403229e92fd0743ede48fe7f1a2c6f45d594,"{""distance"":5,""physical_error_rate"":0.0005}","{""detection_events"":1958,""detectors_checked"":917504}"
   3047124,         0,         0,    36.3,exact_mw,cdc4a450a40af8e24899239080e4c40992fb5baf91c5a31ab3a165eacb3a1ab3,"{""distance"":5,""physical_error_rate"":0.0002}","{""detection_events"":601195,""detectors_checked"":682555776}"
     27648,         0,         0,   0.308,exact_mw,70a969f5042aec17ac076c6379f4170fb7c69b8e925756ef3b7334e28a33338b,"{""distance"":5,""physical_error_rate"":0.0001}","{""detection_events"":2650,""detectors_checked"":6193152}"
     56320,         0,         0,   0.774,exact_mw,cdc4a450a40af8e24899239080e4c40992fb5baf91c5a31ab3a165eacb3a1ab3,"{""distance"":5,""physical_error_rate"":0.0002}","{""detection_events"":10863,""detectors_checked"":12615680}"
     19456,         0,         0,   0.309,exact_mw,cb12ae119b9b2ba18d0216e7235b403229e92fd0743ede48fe7f1a2c6f45d594,"{""distance"":5,""physical_error_rate"":0.0005}","{""detection_events"":9342,""detectors_checked"":4358144}"
     29696,         0,         0,   0.573,exact_mw,cb12ae119b9b2ba18d0216e7235b403229e92fd0743ede48fe7f1a2c6f45d594,"{""distance"":5,""physical_error_rate"":0.0005}","{""detection_events"":14272,""detectors_checked"":6651904}"
     27648,         0,         0,   0.301,exact_mw,cdc4a450a40af8e24899239080e4c40992fb5baf91c5a31ab3a165eacb3a1ab3,"{""distance"":5,""physical_error_rate"":0.0002}","{""detection_events"":5415,""detectors_checked"":6193152}"
     37888,         0,         0,   0.583,exact_mw,cb12ae119b9b2ba18d0216e7235b403229e92fd0743ede48fe7f1a2c6f45d594,"{""distance"":5,""physical_error_rate"":0.0005}","{""detection_events"":18529,""detectors_checked"":8486912}"
     84992,         0,         0,    1.09,exact_mw,70a969f5042aec17ac076c6379f4170fb7c69b8e925756ef3b7334e28a33338b,"{""distance"":5,""physical_error_rate"":0.0001}","{""detection_events"":8257,""detectors_checked"":19038208}"
     41984,         0,         0,   0.588,exact_mw,cb12ae119b9b2ba18d0216e7235b403229e92fd0743ede48fe7f1a2c6f45d594,"{""distance"":5,""physical_error_rate"":0.0005}","{""detection_events"":20691,""detectors_checked"":9404416}"
     74752,         0,         0,   0.810,exact_mw,70a969f5042aec17ac076c6379f4170fb7c69b8e925756ef3b7334e28a33338b,"{""distance"":5,""physical_error_rate"":0.0001}","{""detection_events"":7607,""detectors_checked"":16744448}"
     97280,         0,         0,    1.11,exact_mw,cdc4a450a40af8e24899239080e4c40992fb5baf91c5a31ab3a165eacb3a1ab3,"{""distance"":5,""physical_error_rate"":0.0002}","{""detection_events"":19569,""detectors_checked"":21790720}"
     35840,         0,         0,   0.414,exact_mw,70a969f5042aec17ac076c6379f4170fb7c69b8e925756ef3b7334e28a33338b,"{""distance"":5,""physical_error_rate"":0.0001}","{""detection_events"":3755,""detectors_checked"":8028160}"
     27648,         0,         0,   0.849,exact_mw,cdc4a450a40af8e24899239080e4c40992fb5baf91c5a31ab3a165eacb3a1ab3,"{""distance"":5,""physical_error_rate"":0.0002}","{""detection_events"":5535,""detectors_checked"":6193152}"
     51200,         0,         0,   0.582,exact_mw,cdc4a450a40af8e24899239080e4c40992fb5baf91c5a31ab3a165eacb3a1ab3,"{""distance"":5,""physical_error_rate"":0.0002}","{""detection_events"":10171,""detectors_checked"":11468800}"
      6144,         0,         0,   0.482,exact_mw,cb12ae119b9b2ba18d0216e7235b403229e92fd0743ede48fe7f1a2c6f45d594,"{""distance"":5,""physical_error_rate"":0.0005}","{""detection_events"":2960,""detectors_checked"":1376256}"
     34816,         0,         0,   0.406,exact_mw,70a969f5042aec17ac076c6379f4170fb7c69b8e925756ef3b7334e28a33338b,"{""distance"":5,""physical_error_rate"":0.0001}","{""detection_events"":3488,""detectors_checked"":7798784}"
    103424,         0,         0,    1.11,exact_mw,70a969f5042aec17ac076c6379f4170fb7c69b8e925756ef3b7334e28a33338b,"{""distance"":5,""physical_error_rate"":0.0001}","{""detection_events"":10137,""detectors_checked"":23166976}"
     59392,         0,         0,   0.780,exact_mw,70a969f5042aec17ac076c6379f4170fb7c69b8e925756ef3b7334e28a33338b,"{""distance"":5,""physical_error_rate"":0.0001}","{""detection_events"":6196,""detectors_checked"":13303808}"
     22528,         0,         0,   0.389,exact_mw,cb12ae119b9b2ba18d0216e7235b403229e92fd0743ede48fe7f1a2c6f45d594,"{""distance"":5,""physical_error_rate"":0.0005}","{""detection_events"":11114,""detectors_checked"":5046272}"
     70656,         0,         0,   0.803,exact_mw,cdc4a450a40af8e24899239080e4c40992fb5baf91c5a31ab3a165eacb3a1ab3,"{""distance"":5,""physical_error_rate"":0.0002}","{""detection_events"":13580,""detectors_checked"":15826944}"
     37888,         0,         0,   0.414,exact_mw,cdc4a450a40af8e24899239080e4c40992fb5baf91c5a31ab3a165eacb3a1ab3,"{""distance"":5,""physical_error_rate"":0.0002}","{""detection_events"":7065,""detectors_checked"":8486912}"
     98304,         0,         0,    1.09,exact_mw,cdc4a450a40af8e24899239080e4c40992fb5baf91c5a31ab3a165eacb3a1ab3,"{""distance"":5,""physical_error_rate"":0.0002}","{""detection_events"":19222,""detectors_checked"":22020096}"
     50176,         0,         0,   0.568,exact_mw,cb12ae119b9b2ba18d0216e7235b403229e92fd0743ede48fe7f1a2c6f45d594,"{""distance"":5,""physical_error_rate"":0.0005}","{""detection_events"":24768,""detectors_checked"":11239424}"
     39936,         0,         0,   0.551,exact_mw,70a969f5042aec17ac076c6379f4170fb7c69b8e925756ef3b7334e28a33338b,"{""distance"":5,""physical_error_rate"":0.0001}","{""detection_events"":3764,""detectors_checked"":8945664}"
     13312,         0,         0,   0.800,exact_mw,cdc4a450a40af8e24899239080e4c40992fb5baf91c5a31ab3a165eacb3a1ab3,"{""distance"":5,""physical_error_rate"":0.0002}","{""detection_events"":2611,""detectors_checked"":2981888}"
      8192,         0,         0,   0.643,exact_mw,cb12ae119b9b2ba18d0216e7235b403229e92fd0743ede48fe7f1a2c6f45d594,"{""distance"":5,""physical_error_rate"":0.0005}","{""detection_events"":4039,""detectors_checked"":1835008}"
     58368,         0,         0,   0.793,exact_mw,70a969f5042aec17ac076c6379f4170fb7c69b8e925756ef3b7334e28a33338b,"{""distance"":5,""physical_error_rate"":0.0001}","{""detection_events"":5796,""detectors_checked"":13074432}"
   1018880,         2,         0,    22.7,exact_mw,cb12ae119b9b2ba18d0216e7235b403229e92fd0743ede48fe7f1a2c6f45d594,"{""distance"":5,""physical_error_rate"":0.0005}","{""detection_events"":504086,""detectors_checked"":228229120,""obs_mistake_mask=E"":2}"
     49152,         0,         0,   0.565,exact_mw,70a969f5042aec17ac076c6379f4170fb7c69b8e925756ef3b7334e28a33338b,"{""distance"":5,""physical_error_rate"":0.0001}","{""detection_events"":4889,""detectors_checked"":11010048}"
    184320,         0,         0,    1.09,exact_mw,70a969f5042aec17ac076c6379f4170fb7c69b8e925756ef3b7334e28a33338b,"{""distance"":5,""physical_error_rate"":0.0001}","{""detection_events"":17964,""detectors_checked"":41287680}"
     40960,         0,         0,   0.814,exact_mw,cb12ae119b9b2ba18d0216e7235b403229e92fd0743ede48fe7f1a2c6f45d594,"{""distance"":5,""physical_error_rate"":0.0005}","{""detection_events"":20370,""detectors_checked"":9175040}"
     52224,         0,         0,   0.797,exact_mw,cb12ae119b9b2ba18d0216e7235b403229e92fd0743ede48fe7f1a2c6f45d594,"{""distance"":5,""physical_error_rate"":0.0005}","{""detection_events"":25236,""detectors_checked"":11698176}"
     58368,         0,         0,    1.12,exact_mw,cb12ae119b9b2ba18d0216e7235b403229e92fd0743ede48fe7f1a2c6f45d594,"{""distance"":5,""physical_error_rate"":0.0005}","{""detection_events"":28947,""detectors_checked"":13074432}"
     52224,         0,         0,   0.806,exact_mw,cb12ae119b9b2ba18d0216e7235b403229e92fd0743ede48fe7f1a2c6f45d594,"{""distance"":5,""physical_error_rate"":0.0005}","{""detection_events"":25481,""detectors_checked"":11698176}"
     51200,         0,         0,   0.578,exact_mw,70a969f5042aec17ac076c6379f4170fb7c69b8e925756ef3b7334e28a33338b,"{""distance"":5,""physical_error_rate"":0.0001}","{""detection_events"":5067,""detectors_checked"":11468800}"
      9216,         0,         0,   0.718,exact_mw,cb12ae119b9b2ba18d0216e7235b403229e92fd0743ede48fe7f1a2c6f45d594,"{""distance"":5,""physical_error_rate"":0.0005}","{""detection_events"":4459,""detectors_checked"":2064384}"
     36864,         0,         0,   0.589,exact_mw,cb12ae119b9b2ba18d0216e7235b403229e92fd0743ede48fe7f1a2c6f45d594,"{""distance"":5,""physical_error_rate"":0.0005}","{""detection_events"":18253,""detectors_checked"":8257536}"
     71680,         0,         0,   0.810,exact_mw,cdc4a450a40af8e24899239080e4c40992fb5baf91c5a31ab3a165eacb3a1ab3,"{""distance"":5,""physical_error_rate"":0.0002}","{""detection_events"":14029,""detectors_checked"":16056320}"
     51200,         0,         0,   0.585,exact_mw,cdc4a450a40af8e24899239080e4c40992fb5baf91c5a31ab3a165eacb3a1ab3,"{""distance"":5,""physical_error_rate"":0.0002}","{""detection_events"":10155,""detectors_checked"":11468800}"
     77824,         0,         0,    1.06,exact_mw,cdc4a450a40af8e24899239080e4c40992fb5baf91c5a31ab3a165eacb3a1ab3,"{""distance"":5,""physical_error_rate"":0.0002}","{""detection_events"":15324,""detectors_checked"":17432576}"
   2976261,         0,         0,    38.9,exact_mw,cdc4a450a40af8e24899239080e4c40992fb5baf91c5a31ab3a165eacb3a1ab3,"{""distance"":5,""physical_error_rate"":0.0002}","{""detection_events"":587208,""detectors_checked"":666682464}"
   2931712,         0,         0,    38.9,exact_mw,cdc4a450a40af8e24899239080e4c40992fb5baf91c5a31ab3a165eacb3a1ab3,"{""distance"":5,""physical_error_rate"":0.0002}","{""detection_events"":579890,""detectors_checked"":656703488}"
   2907136,         0,         0,    37.6,exact_mw,cdc4a450a40af8e24899239080e4c40992fb5baf91c5a31ab3a165eacb3a1ab3,"{""distance"":5,""physical_error_rate"":0.0002}","{""detection_events"":572853,""detectors_checked"":651198464}"
    103424,         0,         0,    1.10,exact_mw,70a969f5042aec17ac076c6379f4170fb7c69b8e925756ef3b7334e28a33338b,"{""distance"":5,""physical_error_rate"":0.0001}","{""detection_events"":10176,""detectors_checked"":23166976}"
     57344,         0,         0,   0.799,exact_mw,70a969f5042aec17ac076c6379f4170fb7c69b8e925756ef3b7334e28a33338b,"{""distance"":5,""physical_error_rate"":0.0001}","{""detection_events"":5586,""detectors_checked"":12845056}"
     71680,         0,         0,   0.789,exact_mw,cb12ae119b9b2ba18d0216e7235b403229e92fd0743ede48fe7f1a2c6f45d594,"{""distance"":5,""physical_error_rate"":0.0005}","{""detection_events"":35016,""detectors_checked"":16056320}"
     19456,         0,         0,    1.12,exact_mw,cdc4a450a40af8e24899239080e4c40992fb5baf91c5a31ab3a165eacb3a1ab3,"{""distance"":5,""physical_error_rate"":0.0002}","{""detection_events"":3811,""detectors_checked"":4358144}"
    136192,         0,         0,    1.53,exact_mw,cdc4a450a40af8e24899239080e4c40992fb5baf91c5a31ab3a165eacb3a1ab3,"{""distance"":5,""physical_error_rate"":0.0002}","{""detection_events"":27068,""detectors_checked"":30507008}"
     10240,         0,         0,   0.795,exact_mw,cb12ae119b9b2ba18d0216e7235b403229e92fd0743ede48fe7f1a2c6f45d594,"{""distance"":5,""physical_error_rate"":0.0005}","{""detection_events"":5097,""detectors_checked"":2293760}"
     99328,         0,         0,    1.56,exact_mw,cb12ae119b9b2ba18d0216e7235b403229e92fd0743ede48fe7f1a2c6f45d594,"{""distance"":5,""physical_error_rate"":0.0005}","{""detection_events"":48507,""detectors_checked"":22249472}"
     81920,         0,         0,    1.13,exact_mw,70a969f5042aec17ac076c6379f4170fb7c69b8e925756ef3b7334e28a33338b,"{""distance"":5,""physical_error_rate"":0.0001}","{""detection_events"":8028,""detectors_checked"":18350080}"
     98304,         0,         0,    1.12,exact_mw,cdc4a450a40af8e24899239080e4c40992fb5baf91c5a31ab3a165eacb3a1ab3,"{""distance"":5,""physical_error_rate"":0.0002}","{""detection_events"":19553,""detectors_checked"":22020096}"
     71680,         0,         0,   0.763,exact_mw,70a969f5042aec17ac076c6379f4170fb7c69b8e925756ef3b7334e28a33338b,"{""distance"":5,""physical_error_rate"":0.0001}","{""detection_events"":6954,""detectors_checked"":16056320}"
     19456,         0,         0,    1.12,exact_mw,cdc4a450a40af8e24899239080e4c40992fb5baf91c5a31ab3a165eacb3a1ab3,"{""distance"":5,""physical_error_rate"":0.0002}","{""detection_events"":3891,""detectors_checked"":4358144}"
    111616,         0,         0,    1.53,exact_mw,70a969f5042aec17ac076c6379f4170fb7c69b8e925756ef3b7334e28a33338b,"{""distance"":5,""physical_error_rate"":0.0001}","{""detection_events"":10985,""detectors_checked"":25001984}"
    137216,         0,         0,    1.54,exact_mw,cdc4a450a40af8e24899239080e4c40992fb5baf91c5a31ab3a165eacb3a1ab3,"{""distance"":5,""physical_error_rate"":0.0002}","{""detection_events"":27055,""detectors_checked"":30736384}"
     81920,         0,         0,    1.12,exact_mw,70a969f5042aec17ac076c6379f4170fb7c69b8e925756ef3b7334e28a33338b,"{""distance"":5,""physical_error_rate"":0.0001}","{""detection_events"":7852,""detectors_checked"":18350080}"
     70656,         0,         0,   0.805,exact_mw,70a969f5042aec17ac076c6379f4170fb7c69b8e925756ef3b7334e28a33338b,"{""distance"":5,""physical_error_rate"":0.0001}","{""detection_events"":6798,""detectors_checked"":15826944}"
      1297,         0,         0,   0.032,exact_mw,70a969f5042aec17ac076c6379f4170fb7c69b8e925756ef3b7334e28a33338b,"{""distance"":5,""physical_error_rate"":0.0001}","{""detection_events"":95,""detectors_checked"":290528}"
     49152,         0,         0,   0.803,exact_mw,cb12ae119b9b2ba18d0216e7235b403229e92fd0743ede48fe7f1a2c6f45d594,"{""distance"":5,""physical_error_rate"":0.0005}","{""detection_events"":24149,""detectors_checked"":11010048}"
      1024,         0,         0,   0.031,exact_mw,70a969f5042aec17ac076c6379f4170fb7c69b8e925756ef3b7334e28a33338b,"{""distance"":5,""physical_error_rate"":0.0001}","{""detection_events"":97,""detectors_checked"":229376}"
     72704,         0,         0,   0.788,exact_mw,cdc4a450a40af8e24899239080e4c40992fb5baf91c5a31ab3a165eacb3a1ab3,"{""distance"":5,""physical_error_rate"":0.0002}","{""detection_events"":14421,""detectors_checked"":16285696}"
      2048,         0,         0,   0.034,exact_mw,70a969f5042aec17ac076c6379f4170fb7c69b8e925756ef3b7334e28a33338b,"{""distance"":5,""physical_error_rate"":0.0001}","{""detection_events"":240,""detectors_checked"":458752}"
     11264,         0,         0,   0.858,exact_mw,cb12ae119b9b2ba18d0216e7235b403229e92fd0743ede48fe7f1a2c6f45d594,"{""distance"":5,""physical_error_rate"":0.0005}","{""detection_events"":5530,""detectors_checked"":2523136}"
      1024,         0,         0,   0.031,exact_mw,70a969f5042aec17ac076c6379f4170fb7c69b8e925756ef3b7334e28a33338b,"{""distance"":5,""physical_error_rate"":0.0001}","{""detection_events"":97,""detectors_checked"":229376}"
      1297,         0,         0,   0.032,exact_mw,cdc4a450a40af8e24899239080e4c40992fb5baf91c5a31ab3a165eacb3a1ab3,"{""distance"":5,""physical_error_rate"":0.0002}","{""detection_events"":247,""detectors_checked"":290528}"
    144384,         0,         0,    1.57,exact_mw,70a969f5042aec17ac076c6379f4170fb7c69b8e925756ef3b7334e28a33338b,"{""distance"":5,""physical_error_rate"":0.0001}","{""detection_events"":14138,""detectors_checked"":32342016}"
      3072,         0,         0,   0.065,exact_mw,70a969f5042aec17ac076c6379f4170fb7c69b8e925756ef3b7334e28a33338b,"{""distance"":5,""physical_error_rate"":0.0001}","{""detection_events"":319,""detectors_checked"":688128}"
     62464,         0,         0,    1.12,exact_mw,cb12ae119b9b2ba18d0216e7235b403229e92fd0743ede48fe7f1a2c6f45d594,"{""distance"":5,""physical_error_rate"":0.0005}","{""detection_events"":30561,""detectors_checked"":13991936}"
     75776,         0,         0,    1.11,exact_mw,cb12ae119b9b2ba18d0216e7235b403229e92fd0743ede48fe7f1a2c6f45d594,"{""distance"":5,""physical_error_rate"":0.0005}","{""detection_events"":36747,""detectors_checked"":16973824}"
      1024,         0,         0,   0.031,exact_mw,cdc4a450a40af8e24899239080e4c40992fb5baf91c5a31ab3a165eacb3a1ab3,"{""distance"":5,""physical_error_rate"":0.0002}","{""detection_events"":214,""detectors_checked"":229376}"
      2048,         0,         0,   0.034,exact_mw,cdc4a450a40af8e24899239080e4c40992fb5baf91c5a31ab3a165eacb3a1ab3,"{""distance"":5,""physical_error_rate"":0.0002}","{""detection_events"":412,""detectors_checked"":458752}"
    139264,         0,         0,    1.55,exact_mw,cdc4a450a40af8e24899239080e4c40992fb5baf91c5a31ab3a165eacb3a1ab3,"{""distance"":5,""physical_error_rate"":0.0002}","{""detection_events"":27526,""detectors_checked"":31195136}"
     72704,         0,         0,    1.12,exact_mw,cb12ae119b9b2ba18d0216e7235b403229e92fd0743ede48fe7f1a2c6f45d594,"{""distance"":5,""physical_error_rate"":0.0005}","{""detection_events"":35817,""detectors_checked"":16285696}"
      2048,         0,         0,   0.062,exact_mw,70a969f5042aec17ac076c6379f4170fb7c69b8e925756ef3b7334e28a33338b,"{""distance"":5,""physical_error_rate"":0.0001}","{""detection_events"":172,""detectors_checked"":458752}"
      1024,         0,         0,   0.031,exact_mw,cdc4a450a40af8e24899239080e4c40992fb5baf91c5a31ab3a165eacb3a1ab3,"{""distance"":5,""physical_error_rate"":0.0002}","{""detection_events"":238,""detectors_checked"":229376}"
      3072,         0,         0,   0.064,exact_mw,cdc4a450a40af8e24899239080e4c40992fb5baf91c5a31ab3a165eacb3a1ab3,"{""distance"":5,""physical_error_rate"":0.0002}","{""detection_events"":607,""detectors_checked"":688128}"
      5120,         0,         0,   0.098,exact_mw,70a969f5042aec17ac076c6379f4170fb7c69b8e925756ef3b7334e28a33338b,"{""distance"":5,""physical_error_rate"":0.0001}","{""detection_events"":469,""detectors_checked"":1146880}"
     98304,         0,         0,    1.07,exact_mw,cdc4a450a40af8e24899239080e4c40992fb5baf91c5a31ab3a165eacb3a1ab3,"{""distance"":5,""physical_error_rate"":0.0002}","{""detection_events"":19459,""detectors_checked"":22020096}"
      2048,         0,         0,   0.062,exact_mw,cdc4a450a40af8e24899239080e4c40992fb5baf91c5a31ab3a165eacb3a1ab3,"{""distance"":5,""physical_error_rate"":0.0002}","{""detection_events"":398,""detectors_checked"":458752}"
      4096,         0,         0,   0.075,exact_mw,cdc4a450a40af8e24899239080e4c40992fb5baf91c5a31ab3a165eacb3a1ab3,"{""distance"":5,""physical_error_rate"":0.0002}","{""detection_events"":763,""detectors_checked"":917504}"
      5120,         0,         0,   0.127,exact_mw,70a969f5042aec17ac076c6379f4170fb7c69b8e925756ef3b7334e28a33338b,"{""distance"":5,""physical_error_rate"":0.0001}","{""detection_events"":481,""detectors_checked"":1146880}"
    271360,         0,         0,    1.55,exact_mw,70a969f5042aec17ac076c6379f4170fb7c69b8e925756ef3b7334e28a33338b,"{""distance"":5,""physical_error_rate"":0.0001}","{""detection_events"":26528,""detectors_checked"":60784640}"
      5120,         0,         0,   0.128,exact_mw,cdc4a450a40af8e24899239080e4c40992fb5baf91c5a31ab3a165eacb3a1ab3,"{""distance"":5,""physical_error_rate"":0.0002}","{""detection_events"":1135,""detectors_checked"":1146880}"
    103424,         0,         0,    1.11,exact_mw,cb12ae119b9b2ba18d0216e7235b403229e92fd0743ede48fe7f1a2c6f45d594,"{""distance"":5,""physical_error_rate"":0.0005}","{""detection_events"":50865,""detectors_checked"":23166976}"
     78848,         0,         0,    1.08,exact_mw,70a969f5042aec17ac076c6379f4170fb7c69b8e925756ef3b7334e28a33338b,"{""distance"":5,""physical_error_rate"":0.0001}","{""detection_events"":7735,""detectors_checked"":17661952}"
      7168,         0,         0,   0.160,exact_mw,70a969f5042aec17ac076c6379f4170fb7c69b8e925756ef3b7334e28a33338b,"{""distance"":5,""physical_error_rate"":0.0001}","{""detection_events"":708,""detectors_checked"":1605632}"
     76800,         0,         0,    1.53,exact_mw,cb12ae119b9b2ba18d0216e7235b403229e92fd0743ede48fe7f1a2c6f45d594,"{""distance"":5,""physical_error_rate"":0.0005}","{""detection_events"":37554,""detectors_checked"":17203200}"
      6144,         0,         0,   0.158,exact_mw,cdc4a450a40af8e24899239080e4c40992fb5baf91c5a31ab3a165eacb3a1ab3,"{""distance"":5,""physical_error_rate"":0.0002}","{""detection_events"":1284,""detectors_checked"":1376256}"
     16384,         0,         0,    1.11,exact_mw,cb12ae119b9b2ba18d0216e7235b403229e92fd0743ede48fe7f1a2c6f45d594,"{""distance"":5,""physical_error_rate"":0.0005}","{""detection_events"":7837,""detectors_checked"":3670016}"
     10240,         0,         0,   0.223,exact_mw,70a969f5042aec17ac076c6379f4170fb7c69b8e925756ef3b7334e28a33338b,"{""distance"":5,""physical_error_rate"":0.0001}","{""detection_events"":1025,""detectors_checked"":2293760}"
      1297,         0,         0,   0.042,exact_mw,cb12ae119b9b2ba18d0216e7235b403229e92fd0743ede48fe7f1a2c6f45d594,"{""distance"":5,""physical_error_rate"":0.0005}","{""detection_events"":650,""detectors_checked"":290528}"
    107520,         0,         0,    1.53,exact_mw,cdc4a450a40af8e24899239080e4c40992fb5baf91c5a31ab3a165eacb3a1ab3,"{""distance"":5,""physical_error_rate"":0.0002}","{""detection_events"":21135,""detectors_checked"":24084480}"
      1024,         0,         0,   0.040,exact_mw,cb12ae119b9b2ba18d0216e7235b403229e92fd0743ede48fe7f1a2c6f45d594,"{""distance"":5,""physical_error_rate"":0.0005}","{""detection_events"":545,""detectors_checked"":229376}"
     95232,         0,         0,    1.12,exact_mw,70a969f5042aec17ac076c6379f4170fb7c69b8e925756ef3b7334e28a33338b,"{""distance"":5,""physical_error_rate"":0.0001}","{""detection_events"":9405,""detectors_checked"":21331968}"
      1024,         0,         0,   0.038,exact_mw,cb12ae119b9b2ba18d0216e7235b403229e92fd0743ede48fe7f1a2c6f45d594,"{""distance"":5,""physical_error_rate"":0.0005}","{""detection_events"":465,""detectors_checked"":229376}"
     10240,         0,         0,   0.216,exact_mw,cdc4a450a40af8e24899239080e4c40992fb5baf91c5a31ab3a165eacb3a1ab3,"{""distance"":5,""physical_error_rate"":0.0002}","{""detection_events"":1937,""detectors_checked"":2293760}"
      1024,         0,         0,   0.039,exact_mw,cb12ae119b9b2ba18d0216e7235b403229e92fd0743ede48fe7f1a2c6f45d594,"{""distance"":5,""physical_error_rate"":0.0005}","{""detection_events"":486,""detectors_checked"":229376}"
      1024,         0,         0,   0.040,exact_mw,cb12ae119b9b2ba18d0216e7235b403229e92fd0743ede48fe7f1a2c6f45d594,"{""distance"":5,""physical_error_rate"":0.0005}","{""detection_events"":534,""detectors_checked"":229376}"
    144384,         0,         0,    1.54,exact_mw,70a969f5042aec17ac076c6379f4170fb7c69b8e925756ef3b7334e28a33338b,"{""distance"":5,""physical_error_rate"":0.0001}","{""detection_events"":14350,""detectors_checked"":32342016}"
      2048,         0,         0,   0.081,exact_mw,cb12ae119b9b2ba18d0216e7235b403229e92fd0743ede48fe7f1a2c6f45d594,"{""distance"":5,""physical_error_rate"":0.0005}","{""detection_events"":1001,""detectors_checked"":458752}"
     93184,         0,         0,    1.07,exact_mw,70a969f5042aec17ac076c6379f4170fb7c69b8e925756ef3b7334e28a33338b,"{""distance"":5,""physical_error_rate"":0.0001}","{""detection_events"":9165,""detectors_checked"":20873216}"
     14336,         0,         0,   0.319,exact_mw,70a969f5042aec17ac076c6379f4170fb7c69b8e925756ef3b7334e28a33338b,"{""distance"":5,""physical_error_rate"":0.0001}","{""detection_events"":1378,""detectors_checked"":3211264}"
     66560,         1,         0,    1.13,exact_mw,cb12ae119b9b2ba18d0216e7235b403229e92fd0743ede48fe7f1a2c6f45d594,"{""distance"":5,""physical_error_rate"":0.0005}","{""detection_events"":32882,""detectors_checked"":14909440,""obs_mistake_mask=E"":1}"
     28672,         0,         0,    1.55,exact_mw,cdc4a450a40af8e24899239080e4c40992fb5baf91c5a31ab3a165eacb3a1ab3,"{""distance"":5,""physical_error_rate"":0.0002}","{""detection_events"":5646,""detectors_checked"":6422528}"
      2048,         0,         0,   0.079,exact_mw,cb12ae119b9b2ba18d0216e7235b403229e92fd0743ede48fe7f1a2c6f45d594,"{""distance"":5,""physical_error_rate"":0.0005}","{""detection_events"":992,""detectors_checked"":458752}"
     97280,         0,         0,    1.12,exact_mw,cdc4a450a40af8e24899239080e4c40992fb5baf91c5a31ab3a165eacb3a1ab3,"{""distance"":5,""physical_error_rate"":0.0002}","{""detection_events"":18906,""detectors_checked"":21790720}"
     14336,         0,         0,    1.12,exact_mw,cb12ae119b9b2ba18d0216e7235b403229e92fd0743ede48fe7f1a2c6f45d594,"{""distance"":5,""physical_error_rate"":0.0005}","{""detection_events"":7165,""detectors_checked"":3211264}"
     14336,         0,         0,   0.319,exact_mw,cdc4a450a40af8e24899239080e4c40992fb5baf91c5a31ab3a165eacb3a1ab3,"{""distance"":5,""physical_error_rate"":0.0002}","{""detection_events"":2883,""detectors_checked"":3211264}"
      4096,         0,         0,   0.121,exact_mw,cb12ae119b9b2ba18d0216e7235b403229e92fd0743ede48fe7f1a2c6f45d594,"{""distance"":5,""physical_error_rate"":0.0005}","{""detection_events"":1956,""detectors_checked"":917504}"
    113664,         0,         0,    1.57,exact_mw,70a969f5042aec17ac076c6379f4170fb7c69b8e925756ef3b7334e28a33338b,"{""distance"":5,""physical_error_rate"":0.0001}","{""detection_events"":11313,""detectors_checked"":25460736}"
    137216,         0,         0,    1.57,exact_mw,cdc4a450a40af8e24899239080e4c40992fb5baf91c5a31ab3a165eacb3a1ab3,"{""distance"":5,""physical_error_rate"":0.0002}","{""detection_events"":26356,""detectors_checked"":30736384}"
      4096,         0,         0,   0.157,exact_mw,cb12ae119b9b2ba18d0216e7235b403229e92fd0743ede48fe7f1a2c6f45d594,"{""distance"":5,""physical_error_rate"":0.0005}","{""detection_events"":1961,""detectors_checked"":917504}"
     26624,         0,         0,    1.61,exact_mw,cdc4a450a40af8e24899239080e4c40992fb5baf91c5a31ab3a165eacb3a1ab3,"{""distance"":5,""physical_error_rate"":0.0002}","{""detection_events"":5135,""detectors_checked"":5963776}"
    112640,         0,         0,    1.55,exact_mw,70a969f5042aec17ac076c6379f4170fb7c69b8e925756ef3b7334e28a33338b,"{""distance"":5,""physical_error_rate"":0.0001}","{""detection_events"":11205,""detectors_checked"":25231360}"
     19456,         0,         0,   0.418,exact_mw,70a969f5042aec17ac076c6379f4170fb7c69b8e925756ef3b7334e28a33338b,"{""distance"":5,""physical_error_rate"":0.0001}","{""detection_events"":1851,""detectors_checked"":4358144}"
      6144,         0,         0,   0.239,exact_mw,cb12ae119b9b2ba18d0216e7235b403229e92fd0743ede48fe7f1a2c6f45d594,"{""distance"":5,""physical_error_rate"":0.0005}","{""detection_events"":3076,""detectors_checked"":1376256}"
     18432,         0,         0,   0.425,exact_mw,cdc4a450a40af8e24899239080e4c40992fb5baf91c5a31ab3a165eacb3a1ab3,"{""distance"":5,""physical_error_rate"":0.0002}","{""detection_events"":3694,""detectors_checked"":4128768}"
     79872,         0,         0,    1.55,exact_mw,cb12ae119b9b2ba18d0216e7235b403229e92fd0743ede48fe7f1a2c6f45d594,"{""distance"":5,""physical_error_rate"":0.0005}","{""detection_events"":38908,""detectors_checked"":17891328}"
    103424,         0,         0,    1.54,exact_mw,cb12ae119b9b2ba18d0216e7235b403229e92fd0743ede48fe7f1a2c6f45d594,"{""distance"":5,""physical_error_rate"":0.0005}","{""detection_events"":50945,""detectors_checked"":23166976}"
    186368,         0,         0,    2.17,exact_mw,cdc4a450a40af8e24899239080e4c40992fb5baf91c5a31ab3a165eacb3a1ab3,"{""distance"":5,""physical_error_rate"":0.0002}","{""detection_events"":36853,""detectors_checked"":41746432}"
    101376,         0,         0,    1.54,exact_mw,cb12ae119b9b2ba18d0216e7235b403229e92fd0743ede48fe7f1a2c6f45d594,"{""distance"":5,""physical_error_rate"":0.0005}","{""detection_events"":50061,""detectors_checked"":22708224}"
    147456,         0,         0,    2.17,exact_mw,cb12ae119b9b2ba18d0216e7235b403229e92fd0743ede48fe7f1a2c6f45d594,"{""distance"":5,""physical_error_rate"":0.0005}","{""detection_events"":72339,""detectors_checked"":33030144}"
    138240,         0,         0,    1.57,exact_mw,cdc4a450a40af8e24899239080e4c40992fb5baf91c5a31ab3a165eacb3a1ab3,"{""distance"":5,""physical_error_rate"":0.0002}","{""detection_events"":27132,""detectors_checked"":30965760}"
      9216,         0,         0,   0.325,exact_mw,cb12ae119b9b2ba18d0216e7235b403229e92fd0743ede48fe7f1a2c6f45d594,"{""distance"":5,""physical_error_rate"":0.0005}","{""detection_events"":4642,""detectors_checked"":2064384}"
    157696,         0,         0,    2.15,exact_mw,70a969f5042aec17ac076c6379f4170fb7c69b8e925756ef3b7334e28a33338b,"{""distance"":5,""physical_error_rate"":0.0001}","{""detection_events"":15366,""detectors_checked"":35323904}"
    192512,         0,         0,    2.14,exact_mw,cdc4a450a40af8e24899239080e4c40992fb5baf91c5a31ab3a165eacb3a1ab3,"{""distance"":5,""physical_error_rate"":0.0002}","{""detection_events"":37764,""detectors_checked"":43122688}"
     25600,         0,         0,   0.576,exact_mw,70a969f5042aec17ac076c6379f4170fb7c69b8e925756ef3b7334e28a33338b,"{""distance"":5,""physical_error_rate"":0.0001}","{""detection_events"":2546,""detectors_checked"":5734400}"
    133120,         1,         0,    1.54,exact_mw,cb12ae119b9b2ba18d0216e7235b403229e92fd0743ede48fe7f1a2c6f45d594,"{""distance"":5,""physical_error_rate"":0.0005}","{""detection_events"":65146,""detectors_checked"":29818880,""obs_mistake_mask=E"":1}"
    111616,         0,         0,    1.55,exact_mw,70a969f5042aec17ac076c6379f4170fb7c69b8e925756ef3b7334e28a33338b,"{""distance"":5,""physical_error_rate"":0.0001}","{""detection_events"":10733,""detectors_checked"":25001984}"
   4371927,         0,         0,    56.7,exact_mw,70a969f5042aec17ac076c6379f4170fb7c69b8e925756ef3b7334e28a33338b,"{""distance"":5,""physical_error_rate"":0.0001}","{""detection_events"":433801,""detectors_checked"":979311648}"
     25600,         0,         0,   0.550,exact_mw,cdc4a450a40af8e24899239080e4c40992fb5baf91c5a31ab3a165eacb3a1ab3,"{""distance"":5,""physical_error_rate"":0.0002}","{""detection_events"":5043,""detectors_checked"":5734400}"
     19456,         0,         0,    1.56,exact_mw,cb12ae119b9b2ba18d0216e7235b403229e92fd0743ede48fe7f1a2c6f45d594,"{""distance"":5,""physical_error_rate"":0.0005}","{""detection_events"":9233,""detectors_checked"":4358144}"
    200704,         0,         0,    2.18,exact_mw,70a969f5042aec17ac076c6379f4170fb7c69b8e925756ef3b7334e28a33338b,"{""distance"":5,""physical_error_rate"":0.0001}","{""detection_events"":19892,""detectors_checked"":44957696}"
    189440,         0,         0,    2.18,exact_mw,cdc4a450a40af8e24899239080e4c40992fb5baf91c5a31ab3a165eacb3a1ab3,"{""distance"":5,""physical_error_rate"":0.0002}","{""detection_events"":37407,""detectors_checked"":42434560}"
     11264,         0,         0,   0.397,exact_mw,cb12ae119b9b2ba18d0216e7235b403229e92fd0743ede48fe7f1a2c6f45d594,"{""distance"":5,""physical_error_rate"":0.0005}","{""detection_events"":5354,""detectors_checked"":2523136}"
    124928,         0,         0,    1.56,exact_mw,70a969f5042aec17ac076c6379f4170fb7c69b8e925756ef3b7334e28a33338b,"{""distance"":5,""physical_error_rate"":0.0001}","{""detection_events"":12010,""detectors_checked"":27983872}"
    128000,         0,         0,    1.52,exact_mw,70a969f5042aec17ac076c6379f4170fb7c69b8e925756ef3b7334e28a33338b,"{""distance"":5,""physical_error_rate"":0.0001}","{""detection_events"":12635,""detectors_checked"":28672000}"
     89088,         0,         0,    1.54,exact_mw,cb12ae119b9b2ba18d0216e7235b403229e92fd0743ede48fe7f1a2c6f45d594,"{""distance"":5,""physical_error_rate"":0.0005}","{""detection_events"":44278,""detectors_checked"":19955712}"
    327680,         0,         0,    2.10,exact_mw,70a969f5042aec17ac076c6379f4170fb7c69b8e925756ef3b7334e28a33338b,"{""distance"":5,""physical_error_rate"":0.0001}","{""detection_events"":32459,""detectors_checked"":73400320}"
    138240,         0,         0,    1.57,exact_mw,cdc4a450a40af8e24899239080e4c40992fb5baf91c5a31ab3a165eacb3a1ab3,"{""distance"":5,""physical_error_rate"":0.0002}","{""detection_events"":26988,""detectors_checked"":30965760}"
     17408,         1,         0,    1.54,exact_mw,cb12ae119b9b2ba18d0216e7235b403229e92fd0743ede48fe7f1a2c6f45d594,"{""distance"":5,""physical_error_rate"":0.0005}","{""detection_events"":8576,""detectors_checked"":3899392,""obs_mistake_mask=E"":1}"
    106496,         1,         0,    2.15,exact_mw,cb12ae119b9b2ba18d0216e7235b403229e92fd0743ede48fe7f1a2c6f45d594,"{""distance"":5,""physical_error_rate"":0.0005}","{""detection_events"":52914,""detectors_checked"":23855104,""obs_mistake_mask=E"":1}"
     35840,         0,         0,   0.799,exact_mw,70a969f5042aec17ac076c6379f4170fb7c69b8e925756ef3b7334e28a33338b,"{""distance"":5,""physical_error_rate"":0.0001}","{""detection_events"":3484,""detectors_checked"":8028160}"
    908071,         0,         0,    3.45,exact_mw,cdc4a450a40af8e24899239080e4c40992fb5baf91c5a31ab3a165eacb3a1ab3,"{""distance"":5,""physical_error_rate"":0.0002}","{""detection_events"":178655,""detectors_checked"":203407904}"
   2814976,         0,         0,    41.0,exact_mw,cdc4a450a40af8e24899239080e4c40992fb5baf91c5a31ab3a165eacb3a1ab3,"{""distance"":5,""physical_error_rate"":0.0002}","{""detection_events"":556222,""detectors_checked"":630554624}"
   2686456,         0,         0,    19.6,exact_mw,cdc4a450a40af8e24899239080e4c40992fb5baf91c5a31ab3a165eacb3a1ab3,"{""distance"":5,""physical_error_rate"":0.0002}","{""detection_events"":531335,""detectors_checked"":601766144}"
     15360,         0,         0,   0.602,exact_mw,cb12ae119b9b2ba18d0216e7235b403229e92fd0743ede48fe7f1a2c6f45d594,"{""distance"":5,""physical_error_rate"":0.0005}","{""detection_events"":7606,""detectors_checked"":3440640}"
   2637824,         0,         0,    41.2,exact_mw,cdc4a450a40af8e24899239080e4c40992fb5baf91c5a31ab3a165eacb3a1ab3,"{""distance"":5,""physical_error_rate"":0.0002}","{""detection_events"":518394,""detectors_checked"":590872576}"
    152576,         0,         0,    2.10,exact_mw,cdc4a450a40af8e24899239080e4c40992fb5baf91c5a31ab3a165eacb3a1ab3,"{""distance"":5,""physical_error_rate"":0.0002}","{""detection_events"":30210,""detectors_checked"":34177024}"
     34816,         0,         0,   0.730,exact_mw,cdc4a450a40af8e24899239080e4c40992fb5baf91c5a31ab3a165eacb3a1ab3,"{""distance"":5,""physical_error_rate"":0.0002}","{""detection_events"":6922,""detectors_checked"":7798784}"
    205824,         0,         0,    2.19,exact_mw,70a969f5042aec17ac076c6379f4170fb7c69b8e925756ef3b7334e28a33338b,"{""distance"":5,""physical_error_rate"":0.0001}","{""detection_events"":20387,""detectors_checked"":46104576}"
     51200,         0,         0,    2.12,exact_mw,cdc4a450a40af8e24899239080e4c40992fb5baf91c5a31ab3a165eacb3a1ab3,"{""distance"":5,""physical_error_rate"":0.0002}","{""detection_events"":10183,""detectors_checked"":11468800}"
    160768,         0,         0,    2.17,exact_mw,70a969f5042aec17ac076c6379f4170fb7c69b8e925756ef3b7334e28a33338b,"{""distance"":5,""physical_error_rate"":0.0001}","{""detection_events"":16020,""detectors_checked"":36012032}"
    193536,         0,         0,    2.13,exact_mw,cdc4a450a40af8e24899239080e4c40992fb5baf91c5a31ab3a165eacb3a1ab3,"{""distance"":5,""physical_error_rate"":0.0002}","{""detection_events"":38242,""detectors_checked"":43352064}"
     36864,         0,         0,    2.22,exact_mw,cdc4a450a40af8e24899239080e4c40992fb5baf91c5a31ab3a165eacb3a1ab3,"{""distance"":5,""physical_error_rate"":0.0002}","{""detection_events"":7273,""detectors_checked"":8257536}"
    159744,         0,         0,    2.17,exact_mw,70a969f5042aec17ac076c6379f4170fb7c69b8e925756ef3b7334e28a33338b,"{""distance"":5,""physical_error_rate"":0.0001}","{""detection_events"":15507,""detectors_checked"":35782656}"
     23552,         0,         0,   0.791,exact_mw,cb12ae119b9b2ba18d0216e7235b403229e92fd0743ede48fe7f1a2c6f45d594,"{""distance"":5,""physical_error_rate"":0.0005}","{""detection_events"":11434,""detectors_checked"":5275648}"
    121856,         0,         0,    2.15,exact_mw,cb12ae119b9b2ba18d0216e7235b403229e92fd0743ede48fe7f1a2c6f45d594,"{""distance"":5,""physical_error_rate"":0.0005}","{""detection_events"":59495,""detectors_checked"":27295744}"
    151552,         0,         0,    2.17,exact_mw,cb12ae119b9b2ba18d0216e7235b403229e92fd0743ede48fe7f1a2c6f45d594,"{""distance"":5,""physical_error_rate"":0.0005}","{""detection_events"":74747,""detectors_checked"":33947648}"
    138240,         1,         0,    2.18,exact_mw,cb12ae119b9b2ba18d0216e7235b403229e92fd0743ede48fe7f1a2c6f45d594,"{""distance"":5,""physical_error_rate"":0.0005}","{""detection_events"":68592,""detectors_checked"":30965760,""obs_mistake_mask=E"":1}"
     59392,         0,         0,    1.13,exact_mw,70a969f5042aec17ac076c6379f4170fb7c69b8e925756ef3b7334e28a33338b,"{""distance"":5,""physical_error_rate"":0.0001}","{""detection_events"":5979,""detectors_checked"":13303808}"
    200704,         0,         0,    2.14,exact_mw,cdc4a450a40af8e24899239080e4c40992fb5baf91c5a31ab3a165eacb3a1ab3,"{""distance"":5,""physical_error_rate"":0.0002}","{""detection_events"":39478,""detectors_checked"":44957696}"
     67584,         0,         0,    1.09,exact_mw,cdc4a450a40af8e24899239080e4c40992fb5baf91c5a31ab3a165eacb3a1ab3,"{""distance"":5,""physical_error_rate"":0.0002}","{""detection_events"":13576,""detectors_checked"":15138816}"
    142336,         0,         0,    2.17,exact_mw,cb12ae119b9b2ba18d0216e7235b403229e92fd0743ede48fe7f1a2c6f45d594,"{""distance"":5,""physical_error_rate"":0.0005}","{""detection_events"":69302,""detectors_checked"":31883264}"
    141312,         0,         0,    2.16,exact_mw,70a969f5042aec17ac076c6379f4170fb7c69b8e925756ef3b7334e28a33338b,"{""distance"":5,""physical_error_rate"":0.0001}","{""detection_events"":14172,""detectors_checked"":31653888}"
     30720,         0,         0,    2.20,exact_mw,cb12ae119b9b2ba18d0216e7235b403229e92fd0743ede48fe7f1a2c6f45d594,"{""distance"":5,""physical_error_rate"":0.0005}","{""detection_events"":15291,""detectors_checked"":6881280}"
    187392,         0,         0,    2.11,exact_mw,70a969f5042aec17ac076c6379f4170fb7c69b8e925756ef3b7334e28a33338b,"{""distance"":5,""physical_error_rate"":0.0001}","{""detection_events"":18302,""detectors_checked"":41975808}"
    270336,         0,         0,    3.04,exact_mw,cdc4a450a40af8e24899239080e4c40992fb5baf91c5a31ab3a165eacb3a1ab3,"{""distance"":5,""physical_error_rate"":0.0002}","{""detection_events"":53692,""detectors_checked"":60555264}"
    188416,         0,         0,    2.12,exact_mw,70a969f5042aec17ac076c6379f4170fb7c69b8e925756ef3b7334e28a33338b,"{""distance"":5,""physical_error_rate"":0.0001}","{""detection_events"":18565,""detectors_checked"":42205184}"
    126976,         0,         0,    2.12,exact_mw,cb12ae119b9b2ba18d0216e7235b403229e92fd0743ede48fe7f1a2c6f45d594,"{""distance"":5,""physical_error_rate"":0.0005}","{""detection_events"":62951,""detectors_checked"":28442624}"
    206848,         0,         0,    3.06,exact_mw,cb12ae119b9b2ba18d0216e7235b403229e92fd0743ede48fe7f1a2c6f45d594,"{""distance"":5,""physical_error_rate"":0.0005}","{""detection_events"":101682,""detectors_checked"":46333952}"
    196608,         0,         0,    2.17,exact_mw,cdc4a450a40af8e24899239080e4c40992fb5baf91c5a31ab3a165eacb3a1ab3,"{""distance"":5,""physical_error_rate"":0.0002}","{""detection_events"":38649,""detectors_checked"":44040192}"
     33792,         0,         0,    1.11,exact_mw,cb12ae119b9b2ba18d0216e7235b403229e92fd0743ede48fe7f1a2c6f45d594,"{""distance"":5,""physical_error_rate"":0.0005}","{""detection_events"":16563,""detectors_checked"":7569408}"
     34816,         0,         0,    2.14,exact_mw,cb12ae119b9b2ba18d0216e7235b403229e92fd0743ede48fe7f1a2c6f45d594,"{""distance"":5,""physical_error_rate"":0.0005}","{""detection_events"":17335,""detectors_checked"":7798784}"
    196608,         0,         0,    3.04,exact_mw,70a969f5042aec17ac076c6379f4170fb7c69b8e925756ef3b7334e28a33338b,"{""distance"":5,""physical_error_rate"":0.0001}","{""detection_events"":19372,""detectors_checked"":44040192}"
    273408,         0,         0,    3.06,exact_mw,cdc4a450a40af8e24899239080e4c40992fb5baf91c5a31ab3a165eacb3a1ab3,"{""distance"":5,""physical_error_rate"":0.0002}","{""detection_events"":53517,""detectors_checked"":61243392}"
    236544,         0,         0,    3.04,exact_mw,70a969f5042aec17ac076c6379f4170fb7c69b8e925756ef3b7334e28a33338b,"{""distance"":5,""physical_error_rate"":0.0001}","{""detection_events"":23264,""detectors_checked"":52985856}"
   4089262,         0,         0,    47.2,exact_mw,70a969f5042aec17ac076c6379f4170fb7c69b8e925756ef3b7334e28a33338b,"{""distance"":5,""physical_error_rate"":0.0001}","{""detection_events"":404176,""detectors_checked"":915994688}"
   4011008,         0,         0,    66.0,exact_mw,70a969f5042aec17ac076c6379f4170fb7c69b8e925756ef3b7334e28a33338b,"{""distance"":5,""physical_error_rate"":0.0001}","{""detection_events"":395568,""detectors_checked"":898465792}"
   3986432,         0,         0,    46.5,exact_mw,70a969f5042aec17ac076c6379f4170fb7c69b8e925756ef3b7334e28a33338b,"{""distance"":5,""physical_error_rate"":0.0001}","{""detection_events"":391692,""detectors_checked"":892960768}"
   3984384,         0,         0,    42.3,exact_mw,70a969f5042aec17ac076c6379f4170fb7c69b8e925756ef3b7334e28a33338b,"{""distance"":5,""physical_error_rate"":0.0001}","{""detection_events"":392705,""detectors_checked"":892502016}"
    226304,         0,         0,    3.04,exact_mw,cdc4a450a40af8e24899239080e4c40992fb5baf91c5a31ab3a165eacb3a1ab3,"{""distance"":5,""physical_error_rate"":0.0002}","{""detection_events"":44783,""detectors_checked"":50692096}"
     81920,         0,         0,    1.54,exact_mw,70a969f5042aec17ac076c6379f4170fb7c69b8e925756ef3b7334e28a33338b,"{""distance"":5,""physical_error_rate"":0.0001}","{""detection_events"":7963,""detectors_checked"":18350080}"
    106496,         0,         0,    1.57,exact_mw,cdc4a450a40af8e24899239080e4c40992fb5baf91c5a31ab3a165eacb3a1ab3,"{""distance"":5,""physical_error_rate"":0.0002}","{""detection_events"":20969,""detectors_checked"":23855104}"
    221184,         0,         0,    3.03,exact_mw,70a969f5042aec17ac076c6379f4170fb7c69b8e925756ef3b7334e28a33338b,"{""distance"":5,""physical_error_rate"":0.0001}","{""detection_events"":21430,""detectors_checked"":49545216}"
    137216,         0,         0,    3.02,exact_mw,cb12ae119b9b2ba18d0216e7235b403229e92fd0743ede48fe7f1a2c6f45d594,"{""distance"":5,""physical_error_rate"":0.0005}","{""detection_events"":67401,""detectors_checked"":30736384}"
    177152,         0,         0,    2.97,exact_mw,cdc4a450a40af8e24899239080e4c40992fb5baf91c5a31ab3a165eacb3a1ab3,"{""distance"":5,""physical_error_rate"":0.0002}","{""detection_events"":34314,""detectors_checked"":39682048}"
    283648,         0,         0,    3.02,exact_mw,70a969f5042aec17ac076c6379f4170fb7c69b8e925756ef3b7334e28a33338b,"{""distance"":5,""physical_error_rate"":0.0001}","{""detection_events"":27952,""detectors_checked"":63537152}"
    219136,         0,         0,    3.01,exact_mw,cdc4a450a40af8e24899239080e4c40992fb5baf91c5a31ab3a165eacb3a1ab3,"{""distance"":5,""physical_error_rate"":0.0002}","{""detection_events"":43746,""detectors_checked"":49086464}"
     47104,         0,         0,    1.58,exact_mw,cb12ae119b9b2ba18d0216e7235b403229e92fd0743ede48fe7f1a2c6f45d594,"{""distance"":5,""physical_error_rate"":0.0005}","{""detection_events"":23550,""detectors_checked"":10551296}"
    222208,         0,         0,    3.01,exact_mw,70a969f5042aec17ac076c6379f4170fb7c69b8e925756ef3b7334e28a33338b,"{""distance"":5,""physical_error_rate"":0.0001}","{""detection_events"":22175,""detectors_checked"":49774592}"
    266240,         0,         0,    3.05,exact_mw,cdc4a450a40af8e24899239080e4c40992fb5baf91c5a31ab3a165eacb3a1ab3,"{""distance"":5,""physical_error_rate"":0.0002}","{""detection_events"":52611,""detectors_checked"":59637760}"
     62464,         0,         0,    3.05,exact_mw,cdc4a450a40af8e24899239080e4c40992fb5baf91c5a31ab3a165eacb3a1ab3,"{""distance"":5,""physical_error_rate"":0.0002}","{""detection_events"":12223,""detectors_checked"":13991936}"
   3939438,         0,         0,    22.2,exact_mw,70a969f5042aec17ac076c6379f4170fb7c69b8e925756ef3b7334e28a33338b,"{""distance"":5,""physical_error_rate"":0.0001}","{""detection_events"":390400,""detectors_checked"":882434112}"
   3800064,         0,         0,    83.7,exact_mw,70a969f5042aec17ac076c6379f4170fb7c69b8e925756ef3b7334e28a33338b,"{""distance"":5,""physical_error_rate"":0.0001}","{""detection_events"":374119,""detectors_checked"":851214336}"
   3932160,         0,         0,    44.6,exact_mw,70a969f5042aec17ac076c6379f4170fb7c69b8e925756ef3b7334e28a33338b,"{""distance"":5,""physical_error_rate"":0.0001}","{""detection_events"":388818,""detectors_checked"":880803840}"
   3742720,         0,         0,    57.8,exact_mw,70a969f5042aec17ac076c6379f4170fb7c69b8e925756ef3b7334e28a33338b,"{""distance"":5,""physical_error_rate"":0.0001}","{""detection_events"":369635,""detectors_checked"":838369280}"
    223232,         0,         0,    3.05,exact_mw,70a969f5042aec17ac076c6379f4170fb7c69b8e925756ef3b7334e28a33338b,"{""distance"":5,""physical_error_rate"":0.0001}","{""detection_events"":22036,""detectors_checked"":50003968}"
    158720,         0,         0,    3.05,exact_mw,cb12ae119b9b2ba18d0216e7235b403229e92fd0743ede48fe7f1a2c6f45d594,"{""distance"":5,""physical_error_rate"":0.0005}","{""detection_events"":77731,""detectors_checked"":35553280}"
    206848,         0,         0,    3.02,exact_mw,cb12ae119b9b2ba18d0216e7235b403229e92fd0743ede48fe7f1a2c6f45d594,"{""distance"":5,""physical_error_rate"":0.0005}","{""detection_events"":101179,""detectors_checked"":46333952}"
    201728,         0,         0,    3.00,exact_mw,cb12ae119b9b2ba18d0216e7235b403229e92fd0743ede48fe7f1a2c6f45d594,"{""distance"":5,""physical_error_rate"":0.0005}","{""detection_events"":99090,""detectors_checked"":45187072}"
    266240,         0,         0,    3.02,exact_mw,cdc4a450a40af8e24899239080e4c40992fb5baf91c5a31ab3a165eacb3a1ab3,"{""distance"":5,""physical_error_rate"":0.0002}","{""detection_events"":52105,""detectors_checked"":59637760}"
    155648,         0,         0,    3.04,exact_mw,cb12ae119b9b2ba18d0216e7235b403229e92fd0743ede48fe7f1a2c6f45d594,"{""distance"":5,""physical_error_rate"":0.0005}","{""detection_events"":77096,""detectors_checked"":34865152}"
    150528,         0,         0,    3.05,exact_mw,70a969f5042aec17ac076c6379f4170fb7c69b8e925756ef3b7334e28a33338b,"{""distance"":5,""physical_error_rate"":0.0001}","{""detection_events"":15117,""detectors_checked"":33718272}"
     51200,         0,         0,    3.08,exact_mw,cb12ae119b9b2ba18d0216e7235b403229e92fd0743ede48fe7f1a2c6f45d594,"{""distance"":5,""physical_error_rate"":0.0005}","{""detection_events"":24785,""detectors_checked"":11468800}"
    266240,         0,         0,    2.98,exact_mw,70a969f5042aec17ac076c6379f4170fb7c69b8e925756ef3b7334e28a33338b,"{""distance"":5,""physical_error_rate"":0.0001}","{""detection_events"":26294,""detectors_checked"":59637760}"
     91136,         0,         0,    2.21,exact_mw,70a969f5042aec17ac076c6379f4170fb7c69b8e925756ef3b7334e28a33338b,"{""distance"":5,""physical_error_rate"":0.0001}","{""detection_events"":8850,""detectors_checked"":20414464}"
    260096,         0,         0,    2.91,exact_mw,70a969f5042aec17ac076c6379f4170fb7c69b8e925756ef3b7334e28a33338b,"{""distance"":5,""physical_error_rate"":0.0001}","{""detection_events"":25793,""detectors_checked"":58261504}"
    140288,         0,         0,    2.12,exact_mw,cdc4a450a40af8e24899239080e4c40992fb5baf91c5a31ab3a165eacb3a1ab3,"{""distance"":5,""physical_error_rate"":0.0002}","{""detection_events"":27081,""detectors_checked"":31424512}"
    180224,         0,         0,    2.95,exact_mw,cb12ae119b9b2ba18d0216e7235b403229e92fd0743ede48fe7f1a2c6f45d594,"{""distance"":5,""physical_error_rate"":0.0005}","{""detection_events"":88063,""detectors_checked"":40370176}"
    269312,         0,         0,    3.00,exact_mw,cdc4a450a40af8e24899239080e4c40992fb5baf91c5a31ab3a165eacb3a1ab3,"{""distance"":5,""physical_error_rate"":0.0002}","{""detection_events"":53266,""detectors_checked"":60325888}"
      1297,         0,         0,   0.064,exact_mw,70a969f5042aec17ac076c6379f4170fb7c69b8e925756ef3b7334e28a33338b,"{""distance"":5,""physical_error_rate"":0.0001}","{""detection_events"":135,""detectors_checked"":290528}"
     48128,         0,         0,    3.06,exact_mw,cb12ae119b9b2ba18d0216e7235b403229e92fd0743ede48fe7f1a2c6f45d594,"{""distance"":5,""physical_error_rate"":0.0005}","{""detection_events"":23948,""detectors_checked"":10780672}"
      2048,         0,         0,   0.069,exact_mw,70a969f5042aec17ac076c6379f4170fb7c69b8e925756ef3b7334e28a33338b,"{""distance"":5,""physical_error_rate"":0.0001}","{""detection_events"":218,""detectors_checked"":458752}"
      1024,         0,         0,   0.063,exact_mw,70a969f5042aec17ac076c6379f4170fb7c69b8e925756ef3b7334e28a33338b,"{""distance"":5,""physical_error_rate"":0.0001}","{""detection_events"":93,""detectors_checked"":229376}"
      1024,         0,         0,   0.063,exact_mw,70a969f5042aec17ac076c6379f4170fb7c69b8e925756ef3b7334e28a33338b,"{""distance"":5,""physical_error_rate"":0.0001}","{""detection_events"":86,""detectors_checked"":229376}"
      2048,         0,         0,   0.066,exact_mw,70a969f5042aec17ac076c6379f4170fb7c69b8e925756ef3b7334e28a33338b,"{""distance"":5,""physical_error_rate"":0.0001}","{""detection_events"":206,""detectors_checked"":458752}"
      1024,         0,         0,   0.063,exact_mw,70a969f5042aec17ac076c6379f4170fb7c69b8e925756ef3b7334e28a33338b,"{""distance"":5,""physical_error_rate"":0.0001}","{""detection_events"":115,""detectors_checked"":229376}"
      3072,         0,         0,   0.121,exact_mw,70a969f5042aec17ac076c6379f4170fb7c69b8e925756ef3b7334e28a33338b,"{""distance"":5,""physical_error_rate"":0.0001}","{""detection_events"":298,""detectors_checked"":688128}"
      3072,         0,         0,   0.120,exact_mw,70a969f5042aec17ac076c6379f4170fb7c69b8e925756ef3b7334e28a33338b,"{""distance"":5,""physical_error_rate"":0.0001}","{""detection_events"":348,""detectors_checked"":688128}"
     62464,         0,         0,    2.13,exact_mw,cb12ae119b9b2ba18d0216e7235b403229e92fd0743ede48fe7f1a2c6f45d594,"{""distance"":5,""physical_error_rate"":0.0005}","{""detection_events"":30615,""detectors_checked"":13991936}"
      4096,         0,         0,   0.179,exact_mw,70a969f5042aec17ac076c6379f4170fb7c69b8e925756ef3b7334e28a33338b,"{""distance"":5,""physical_error_rate"":0.0001}","{""detection_events"":433,""detectors_checked"":917504}"
      5120,         0,         0,   0.238,exact_mw,70a969f5042aec17ac076c6379f4170fb7c69b8e925756ef3b7334e28a33338b,"{""distance"":5,""physical_error_rate"":0.0001}","{""detection_events"":473,""detectors_checked"":1146880}"
    369664,         0,         0,    4.25,exact_mw,cdc4a450a40af8e24899239080e4c40992fb5baf91c5a31ab3a165eacb3a1ab3,"{""distance"":5,""physical_error_rate"":0.0002}","{""detection_events"":72397,""detectors_checked"":82804736}"
    273408,         0,         0,    4.26,exact_mw,cb12ae119b9b2ba18d0216e7235b403229e92fd0743ede48fe7f1a2c6f45d594,"{""distance"":5,""physical_error_rate"":0.0005}","{""detection_events"":134466,""detectors_checked"":61243392}"
    153600,         0,         0,    4.20,exact_mw,70a969f5042aec17ac076c6379f4170fb7c69b8e925756ef3b7334e28a33338b,"{""distance"":5,""physical_error_rate"":0.0001}","{""detection_events"":15014,""detectors_checked"":34406400}"
      7168,         0,         0,   0.303,exact_mw,70a969f5042aec17ac076c6379f4170fb7c69b8e925756ef3b7334e28a33338b,"{""distance"":5,""physical_error_rate"":0.0001}","{""detection_events"":741,""detectors_checked"":1605632}"
    373760,         0,         0,    4.22,exact_mw,cdc4a450a40af8e24899239080e4c40992fb5baf91c5a31ab3a165eacb3a1ab3,"{""distance"":5,""physical_error_rate"":0.0002}","{""detection_events"":72623,""detectors_checked"":83722240}"
       273,         0,         0,   0.059,exact_mw,cdc4a450a40af8e24899239080e4c40992fb5baf91c5a31ab3a165eacb3a1ab3,"{""distance"":5,""physical_error_rate"":0.0002}","{""detection_events"":49,""detectors_checked"":61152}"
      2048,         0,         0,   0.062,exact_mw,cdc4a450a40af8e24899239080e4c40992fb5baf91c5a31ab3a165eacb3a1ab3,"{""distance"":5,""physical_error_rate"":0.0002}","{""detection_events"":369,""detectors_checked"":458752}"
      1024,         0,         0,   0.059,exact_mw,cdc4a450a40af8e24899239080e4c40992fb5baf91c5a31ab3a165eacb3a1ab3,"{""distance"":5,""physical_error_rate"":0.0002}","{""detection_events"":206,""detectors_checked"":229376}"
    308224,         0,         0,    4.21,exact_mw,70a969f5042aec17ac076c6379f4170fb7c69b8e925756ef3b7334e28a33338b,"{""distance"":5,""physical_error_rate"":0.0001}","{""detection_events"":30549,""detectors_checked"":69042176}"
      1024,         0,         0,   0.059,exact_mw,cdc4a450a40af8e24899239080e4c40992fb5baf91c5a31ab3a165eacb3a1ab3,"{""distance"":5,""physical_error_rate"":0.0002}","{""detection_events"":195,""detectors_checked"":229376}"
    293888,         0,         0,    4.24,exact_mw,cdc4a450a40af8e24899239080e4c40992fb5baf91c5a31ab3a165eacb3a1ab3,"{""distance"":5,""physical_error_rate"":0.0002}","{""detection_events"":58920,""detectors_checked"":65830912}"
      2048,         0,         0,   0.062,exact_mw,cdc4a450a40af8e24899239080e4c40992fb5baf91c5a31ab3a165eacb3a1ab3,"{""distance"":5,""physical_error_rate"":0.0002}","{""detection_events"":380,""detectors_checked"":458752}"
     10240,         0,         0,   0.422,exact_mw,70a969f5042aec17ac076c6379f4170fb7c69b8e925756ef3b7334e28a33338b,"{""distance"":5,""physical_error_rate"":0.0001}","{""detection_events"":944,""detectors_checked"":2293760}"
      1024,         0,         0,   0.059,exact_mw,cdc4a450a40af8e24899239080e4c40992fb5baf91c5a31ab3a165eacb3a1ab3,"{""distance"":5,""physical_error_rate"":0.0002}","{""detection_events"":190,""detectors_checked"":229376}"
      3072,         0,         0,   0.121,exact_mw,cdc4a450a40af8e24899239080e4c40992fb5baf91c5a31ab3a165eacb3a1ab3,"{""distance"":5,""physical_error_rate"":0.0002}","{""detection_events"":655,""detectors_checked"":688128}"
      2048,         0,         0,   0.118,exact_mw,cdc4a450a40af8e24899239080e4c40992fb5baf91c5a31ab3a165eacb3a1ab3,"{""distance"":5,""physical_error_rate"":0.0002}","{""detection_events"":423,""detectors_checked"":458752}"
    289792,         0,         0,    4.11,exact_mw,70a969f5042aec17ac076c6379f4170fb7c69b8e925756ef3b7334e28a33338b,"{""distance"":5,""physical_error_rate"":0.0001}","{""detection_events"":28081,""detectors_checked"":64913408}"
    488448,         0,         0,    4.25,exact_mw,cb12ae119b9b2ba18d0216e7235b403229e92fd0743ede48fe7f1a2c6f45d594,"{""distance"":5,""physical_error_rate"":0.0005}","{""detection_events"":239706,""detectors_checked"":109412352}"
      4096,         0,         0,   0.180,exact_mw,cdc4a450a40af8e24899239080e4c40992fb5baf91c5a31ab3a165eacb3a1ab3,"{""distance"":5,""physical_error_rate"":0.0002}","{""detection_events"":770,""detectors_checked"":917504}"
     14336,         0,         0,   0.579,exact_mw,70a969f5042aec17ac076c6379f4170fb7c69b8e925756ef3b7334e28a33338b,"{""distance"":5,""physical_error_rate"":0.0001}","{""detection_events"":1371,""detectors_checked"":3211264}"
    688128,         0,         0,    4.24,exact_mw,cdc4a450a40af8e24899239080e4c40992fb5baf91c5a31ab3a165eacb3a1ab3,"{""distance"":5,""physical_error_rate"":0.0002}","{""detection_events"":136391,""detectors_checked"":154140672}"
      6144,         0,         0,   0.234,exact_mw,cdc4a450a40af8e24899239080e4c40992fb5baf91c5a31ab3a165eacb3a1ab3,"{""distance"":5,""physical_error_rate"":0.0002}","{""detection_events"":1130,""detectors_checked"":1376256}"
    393216,         0,         0,    4.23,exact_mw,70a969f5042aec17ac076c6379f4170fb7c69b8e925756ef3b7334e28a33338b,"{""distance"":5,""physical_error_rate"":0.0001}","{""detection_events"":38513,""detectors_checked"":88080384}"
    284672,         0,         0,    4.28,exact_mw,cdc4a450a40af8e24899239080e4c40992fb5baf91c5a31ab3a165eacb3a1ab3,"{""distance"":5,""physical_error_rate"":0.0002}","{""detection_events"":56160,""detectors_checked"":63766528}"
     19456,         0,         0,   0.315,exact_mw,cdc4a450a40af8e24899239080e4c40992fb5baf91c5a31ab3a165eacb3a1ab3,"{""distance"":5,""physical_error_rate"":0.0002}","{""detection_events"":3802,""detectors_checked"":4358144}"
    304128,         0,         0,    4.22,exact_mw,70a969f5042aec17ac076c6379f4170fb7c69b8e925756ef3b7334e28a33338b,"{""distance"":5,""physical_error_rate"":0.0001}","{""detection_events"":30453,""detectors_checked"":68124672}"
    370688,         0,         0,    4.19,exact_mw,cdc4a450a40af8e24899239080e4c40992fb5baf91c5a31ab3a165eacb3a1ab3,"{""distance"":5,""physical_error_rate"":0.0002}","{""detection_events"":72604,""detectors_checked"":83034112}"
    126976,         0,         0,    3.06,exact_mw,70a969f5042aec17ac076c6379f4170fb7c69b8e925756ef3b7334e28a33338b,"{""distance"":5,""physical_error_rate"":0.0001}","{""detection_events"":12675,""detectors_checked"":28442624}"
    207872,         0,         0,    2.99,exact_mw,cdc4a450a40af8e24899239080e4c40992fb5baf91c5a31ab3a165eacb3a1ab3,"{""distance"":5,""physical_error_rate"":0.0002}","{""detection_events"":41146,""detectors_checked"":46563328}"
    141312,         0,         0,    4.28,exact_mw,cdc4a450a40af8e24899239080e4c40992fb5baf91c5a31ab3a165eacb3a1ab3,"{""distance"":5,""physical_error_rate"":0.0002}","{""detection_events"":27344,""detectors_checked"":31653888}"
    303104,         0,         0,    4.22,exact_mw,70a969f5042aec17ac076c6379f4170fb7c69b8e925756ef3b7334e28a33338b,"{""distance"":5,""physical_error_rate"":0.0001}","{""detection_events"":30137,""detectors_checked"":67895296}"
     22528,         0,         0,   0.754,exact_mw,70a969f5042aec17ac076c6379f4170fb7c69b8e925756ef3b7334e28a33338b,"{""distance"":5,""physical_error_rate"":0.0001}","{""detection_events"":2251,""detectors_checked"":5046272}"
     11264,         0,         0,   0.411,exact_mw,cdc4a450a40af8e24899239080e4c40992fb5baf91c5a31ab3a165eacb3a1ab3,"{""distance"":5,""physical_error_rate"":0.0002}","{""detection_events"":2195,""detectors_checked"":2523136}"
    214016,         0,         0,    4.20,exact_mw,cb12ae119b9b2ba18d0216e7235b403229e92fd0743ede48fe7f1a2c6f45d594,"{""distance"":5,""physical_error_rate"":0.0005}","{""detection_events"":105682,""detectors_checked"":47939584}"
    277504,         0,         0,    4.19,exact_mw,cb12ae119b9b2ba18d0216e7235b403229e92fd0743ede48fe7f1a2c6f45d594,"{""distance"":5,""physical_error_rate"":0.0005}","{""detection_events"":136095,""detectors_checked"":62160896}"
    286720,         0,         0,    4.27,exact_mw,cb12ae119b9b2ba18d0216e7235b403229e92fd0743ede48fe7f1a2c6f45d594,"{""distance"":5,""physical_error_rate"":0.0005}","{""detection_events"":141629,""detectors_checked"":64225280}"
    371712,         0,         0,    4.24,exact_mw,cdc4a450a40af8e24899239080e4c40992fb5baf91c5a31ab3a165eacb3a1ab3,"{""distance"":5,""physical_error_rate"":0.0002}","{""detection_events"":72681,""detectors_checked"":83263488}"
    217088,         0,         0,    4.18,exact_mw,cb12ae119b9b2ba18d0216e7235b403229e92fd0743ede48fe7f1a2c6f45d594,"{""distance"":5,""physical_error_rate"":0.0005}","{""detection_events"":106402,""detectors_checked"":48627712}"
    180224,         0,         0,    4.21,exact_mw,70a969f5042aec17ac076c6379f4170fb7c69b8e925756ef3b7334e28a33338b,"{""distance"":5,""physical_error_rate"":0.0001}","{""detection_events"":17780,""detectors_checked"":40370176}"
     15360,         0,         0,   0.571,exact_mw,cdc4a450a40af8e24899239080e4c40992fb5baf91c5a31ab3a165eacb3a1ab3,"{""distance"":5,""physical_error_rate"":0.0002}","{""detection_events"":3225,""detectors_checked"":3440640}"
     74752,         0,         0,    3.09,exact_mw,cb12ae119b9b2ba18d0216e7235b403229e92fd0743ede48fe7f1a2c6f45d594,"{""distance"":5,""physical_error_rate"":0.0005}","{""detection_events"":37042,""detectors_checked"":16744448}"
     90112,         0,         0,    4.26,exact_mw,cb12ae119b9b2ba18d0216e7235b403229e92fd0743ede48fe7f1a2c6f45d594,"{""distance"":5,""physical_error_rate"":0.0005}","{""detection_events"":44151,""detectors_checked"":20185088}"
    377856,         0,         0,    4.22,exact_mw,70a969f5042aec17ac076c6379f4170fb7c69b8e925756ef3b7334e28a33338b,"{""distance"":5,""physical_error_rate"":0.0001}","{""detection_events"":36849,""detectors_checked"":84639744}"
    376832,         0,         0,    4.14,exact_mw,70a969f5042aec17ac076c6379f4170fb7c69b8e925756ef3b7334e28a33338b,"{""distance"":5,""physical_error_rate"":0.0001}","{""detection_events"":36779,""detectors_checked"":84410368}"
    280576,         0,         0,    4.27,exact_mw,cb12ae119b9b2ba18d0216e7235b403229e92fd0743ede48fe7f1a2c6f45d594,"{""distance"":5,""physical_error_rate"":0.0005}","{""detection_events"":136314,""detectors_checked"":62849024}"
    381952,         0,         0,    4.27,exact_mw,cdc4a450a40af8e24899239080e4c40992fb5baf91c5a31ab3a165eacb3a1ab3,"{""distance"":5,""physical_error_rate"":0.0002}","{""detection_events"":75963,""detectors_checked"":85557248}"
     36864,         0,         0,    1.09,exact_mw,70a969f5042aec17ac076c6379f4170fb7c69b8e925756ef3b7334e28a33338b,"{""distance"":5,""physical_error_rate"":0.0001}","{""detection_events"":3530,""detectors_checked"":8257536}"
     84992,         0,         0,    4.15,exact_mw,cb12ae119b9b2ba18d0216e7235b403229e92fd0743ede48fe7f1a2c6f45d594,"{""distance"":5,""physical_error_rate"":0.0005}","{""detection_events"":41938,""detectors_checked"":19038208}"
     20480,         0,         0,   0.831,exact_mw,cdc4a450a40af8e24899239080e4c40992fb5baf91c5a31ab3a165eacb3a1ab3,"{""distance"":5,""physical_error_rate"":0.0002}","{""detection_events"":4018,""detectors_checked"":4587520}"
   2454528,         1,         0,    31.9,exact_mw,cb12ae119b9b2ba18d0216e7235b403229e92fd0743ede48fe7f1a2c6f45d594,"{""distance"":5,""physical_error_rate"":0.0005}","{""detection_events"":1208373,""detectors_checked"":549814272,""obs_mistake_mask=E"":1}"
     20480,         0,         0,    1.14,exact_mw,cdc4a450a40af8e24899239080e4c40992fb5baf91c5a31ab3a165eacb3a1ab3,"{""distance"":5,""physical_error_rate"":0.0002}","{""detection_events"":4261,""detectors_checked"":4587520}"
    869376,         0,         0,    31.6,exact_mw,cdc4a450a40af8e24899239080e4c40992fb5baf91c5a31ab3a165eacb3a1ab3,"{""distance"":5,""physical_error_rate"":0.0002}","{""detection_events"":171258,""detectors_checked"":194740224}"
   3550364,         0,         0,    41.5,exact_mw,70a969f5042aec17ac076c6379f4170fb7c69b8e925756ef3b7334e28a33338b,"{""distance"":5,""physical_error_rate"":0.0001}","{""detection_events"":349203,""detectors_checked"":795281536}"
   3217408,         0,         0,    50.8,exact_mw,70a969f5042aec17ac076c6379f4170fb7c69b8e925756ef3b7334e28a33338b,"{""distance"":5,""physical_error_rate"":0.0001}","{""detection_events"":317489,""detectors_checked"":720699392}"
   3427328,         0,         0,    49.9,exact_mw,70a969f5042aec17ac076c6379f4170fb7c69b8e925756ef3b7334e28a33338b,"{""distance"":5,""physical_error_rate"":0.0001}","{""detection_events"":336941,""detectors_checked"":767721472}"
     89088,         0,         0,    1.56,exact_mw,70a969f5042aec17ac076c6379f4170fb7c69b8e925756ef3b7334e28a33338b,"{""distance"":5,""physical_error_rate"":0.0001}","{""detection_events"":8611,""detectors_checked"":19955712}"
   2834432,         0,         0,    31.8,exact_mw,70a969f5042aec17ac076c6379f4170fb7c69b8e925756ef3b7334e28a33338b,"{""distance"":5,""physical_error_rate"":0.0001}","{""detection_events"":280773,""detectors_checked"":634912768}"
   2686456,         0,         0,    59.1,exact_mw,cdc4a450a40af8e24899239080e4c40992fb5baf91c5a31ab3a165eacb3a1ab3,"{""distance"":5,""physical_error_rate"":0.0002}","{""detection_events"":532189,""detectors_checked"":601766144}"
   3109772,         0,         0,    17.6,exact_mw,70a969f5042aec17ac076c6379f4170fb7c69b8e925756ef3b7334e28a33338b,"{""distance"":5,""physical_error_rate"":0.0001}","{""detection_events"":306750,""detectors_checked"":696588928}"
   2821120,         0,         0,    30.4,exact_mw,70a969f5042aec17ac076c6379f4170fb7c69b8e925756ef3b7334e28a33338b,"{""distance"":5,""physical_error_rate"":0.0001}","{""detection_events"":275972,""detectors_checked"":631930880}"
   2309120,         0,         0,    23.0,exact_mw,cdc4a450a40af8e24899239080e4c40992fb5baf91c5a31ab3a165eacb3a1ab3,"{""distance"":5,""physical_error_rate"":0.0002}","{""detection_events"":456838,""detectors_checked"":517242880}"
   2256227,         0,         0,    23.4,exact_mw,cdc4a450a40af8e24899239080e4c40992fb5baf91c5a31ab3a165eacb3a1ab3,"{""distance"":5,""physical_error_rate"":0.0002}","{""detection_events"":445423,""detectors_checked"":505394848}"
   2017280,         0,         0,    31.8,exact_mw,cdc4a450a40af8e24899239080e4c40992fb5baf91c5a31ab3a165eacb3a1ab3,"{""distance"":5,""physical_error_rate"":0.0002}","{""detection_events"":397854,""detectors_checked"":451870720}"
   2097152,         1,         0,    31.8,exact_mw,cb12ae119b9b2ba18d0216e7235b403229e92fd0743ede48fe7f1a2c6f45d594,"{""distance"":5,""physical_error_rate"":0.0005}","{""detection_events"":1031754,""detectors_checked"":469762048,""obs_mistake_mask=E"":1}"
    536576,         0,         0,    5.85,exact_mw,cdc4a450a40af8e24899239080e4c40992fb5baf91c5a31ab3a165eacb3a1ab3,"{""distance"":5,""physical_error_rate"":0.0002}","{""detection_events"":105433,""detectors_checked"":120193024}"
    392192,         1,         0,    5.90,exact_mw,cb12ae119b9b2ba18d0216e7235b403229e92fd0743ede48fe7f1a2c6f45d594,"{""distance"":5,""physical_error_rate"":0.0005}","{""detection_events"":193772,""detectors_checked"":87851008,""obs_mistake_mask=E"":1}"
    314368,         0,         0,    4.28,exact_mw,70a969f5042aec17ac076c6379f4170fb7c69b8e925756ef3b7334e28a33338b,"{""distance"":5,""physical_error_rate"":0.0001}","{""detection_events"":30915,""detectors_checked"":70418432}"
    924672,         1,         0,    31.9,exact_mw,cb12ae119b9b2ba18d0216e7235b403229e92fd0743ede48fe7f1a2c6f45d594,"{""distance"":5,""physical_error_rate"":0.0005}","{""detection_events"":454072,""detectors_checked"":207126528,""obs_mistake_mask=E"":1}"
    283648,         0,         0,    4.17,exact_mw,cdc4a450a40af8e24899239080e4c40992fb5baf91c5a31ab3a165eacb3a1ab3,"{""distance"":5,""physical_error_rate"":0.0002}","{""detection_events"":55272,""detectors_checked"":63537152}"
     28672,         0,         0,    1.57,exact_mw,cdc4a450a40af8e24899239080e4c40992fb5baf91c5a31ab3a165eacb3a1ab3,"{""distance"":5,""physical_error_rate"":0.0002}","{""detection_events"":5569,""detectors_checked"":6422528}"
    137216,         0,         0,    5.97,exact_mw,70a969f5042aec17ac076c6379f4170fb7c69b8e925756ef3b7334e28a33338b,"{""distance"":5,""physical_error_rate"":0.0001}","{""detection_events"":13456,""detectors_checked"":30736384}"
    559104,         0,         0,    5.91,exact_mw,cdc4a450a40af8e24899239080e4c40992fb5baf91c5a31ab3a165eacb3a1ab3,"{""distance"":5,""physical_error_rate"":0.0002}","{""detection_events"":110769,""detectors_checked"":125239296}"
   2150056,         0,         0,    48.7,exact_mw,cdc4a450a40af8e24899239080e4c40992fb5baf91c5a31ab3a165eacb3a1ab3,"{""distance"":5,""physical_error_rate"":0.0002}","{""detection_events"":423354,""detectors_checked"":481612544}"
   2150056,         0,         0,    25.1,exact_mw,cdc4a450a40af8e24899239080e4c40992fb5baf91c5a31ab3a165eacb3a1ab3,"{""distance"":5,""physical_error_rate"":0.0002}","{""detection_events"":424246,""detectors_checked"":481612544}"
   2150056,         0,         0,    50.6,exact_mw,cdc4a450a40af8e24899239080e4c40992fb5baf91c5a31ab3a165eacb3a1ab3,"{""distance"":5,""physical_error_rate"":0.0002}","{""detection_events"":422897,""detectors_checked"":481612544}"
   2057216,         0,         0,    54.5,exact_mw,cdc4a450a40af8e24899239080e4c40992fb5baf91c5a31ab3a165eacb3a1ab3,"{""distance"":5,""physical_error_rate"":0.0002}","{""detection_events"":405580,""detectors_checked"":460816384}"
   2088960,         0,         0,    31.9,exact_mw,cdc4a450a40af8e24899239080e4c40992fb5baf91c5a31ab3a165eacb3a1ab3,"{""distance"":5,""physical_error_rate"":0.0002}","{""detection_events"":412453,""detectors_checked"":467927040}"
   1499136,         0,         0,    31.7,exact_mw,cb12ae119b9b2ba18d0216e7235b403229e92fd0743ede48fe7f1a2c6f45d594,"{""distance"":5,""physical_error_rate"":0.0005}","{""detection_events"":737270,""detectors_checked"":335806464}"
   2045952,         0,         0,    31.7,exact_mw,70a969f5042aec17ac076c6379f4170fb7c69b8e925756ef3b7334e28a33338b,"{""distance"":5,""physical_error_rate"":0.0001}","{""detection_events"":201313,""detectors_checked"":458293248}"
    168960,         0,         0,    5.98,exact_mw,70a969f5042aec17ac076c6379f4170fb7c69b8e925756ef3b7334e28a33338b,"{""distance"":5,""physical_error_rate"":0.0001}","{""detection_events"":16708,""detectors_checked"":37847040}"
    468992,         0,         0,    5.85,exact_mw,cdc4a450a40af8e24899239080e4c40992fb5baf91c5a31ab3a165eacb3a1ab3,"{""distance"":5,""physical_error_rate"":0.0002}","{""detection_events"":92467,""detectors_checked"":105054208}"
   2020397,         0,         0,    23.4,exact_mw,cdc4a450a40af8e24899239080e4c40992fb5baf91c5a31ab3a165eacb3a1ab3,"{""distance"":5,""physical_error_rate"":0.0002}","{""detection_events"":398672,""detectors_checked"":452568928}"
   1787904,         0,         0,    21.8,exact_mw,cdc4a450a40af8e24899239080e4c40992fb5baf91c5a31ab3a165eacb3a1ab3,"{""distance"":5,""physical_error_rate"":0.0002}","{""detection_events"":350892,""detectors_checked"":400490496}"
   2000896,         0,         0,    32.2,exact_mw,cdc4a450a40af8e24899239080e4c40992fb5baf91c5a31ab3a165eacb3a1ab3,"{""distance"":5,""physical_error_rate"":0.0002}","{""detection_events"":391875,""detectors_checked"":448200704}"
   1781760,         0,         0,    22.6,exact_mw,cdc4a450a40af8e24899239080e4c40992fb5baf91c5a31ab3a165eacb3a1ab3,"{""distance"":5,""physical_error_rate"":0.0002}","{""detection_events"":350384,""detectors_checked"":399114240}"
   1766079,         0,         0,    33.0,exact_mw,cdc4a450a40af8e24899239080e4c40992fb5baf91c5a31ab3a165eacb3a1ab3,"{""distance"":5,""physical_error_rate"":0.0002}","{""detection_events"":346714,""detectors_checked"":395601696}"
   1595459,         0,         0,    25.4,exact_mw,cdc4a450a40af8e24899239080e4c40992fb5baf91c5a31ab3a165eacb3a1ab3,"{""distance"":5,""physical_error_rate"":0.0002}","{""detection_events"":316437,""detectors_checked"":357382816}"
   1670144,         0,         0,    27.3,exact_mw,cdc4a450a40af8e24899239080e4c40992fb5baf91c5a31ab3a165eacb3a1ab3,"{""distance"":5,""physical_error_rate"":0.0002}","{""detection_events"":331084,""detectors_checked"":374112256}"
   1737728,         0,         0,    26.3,exact_mw,cdc4a450a40af8e24899239080e4c40992fb5baf91c5a31ab3a165eacb3a1ab3,"{""distance"":5,""physical_error_rate"":0.0002}","{""detection_events"":342323,""detectors_checked"":389251072}"
   1790976,         0,         0,    31.7,exact_mw,cb12ae119b9b2ba18d0216e7235b403229e92fd0743ede48fe7f1a2c6f45d594,"{""distance"":5,""physical_error_rate"":0.0005}","{""detection_events"":877992,""detectors_checked"":401178624}"
   1595459,         0,         0,    21.9,exact_mw,cdc4a450a40af8e24899239080e4c40992fb5baf91c5a31ab3a165eacb3a1ab3,"{""distance"":5,""physical_error_rate"":0.0002}","{""detection_events"":313898,""detectors_checked"":357382816}"
   1576960,         0,         0,    27.7,exact_mw,cdc4a450a40af8e24899239080e4c40992fb5baf91c5a31ab3a165eacb3a1ab3,"{""distance"":5,""physical_error_rate"":0.0002}","{""detection_events"":310112,""detectors_checked"":353239040}"
   1522688,         0,         0,    36.1,exact_mw,cdc4a450a40af8e24899239080e4c40992fb5baf91c5a31ab3a165eacb3a1ab3,"{""distance"":5,""physical_error_rate"":0.0002}","{""detection_events"":300461,""detectors_checked"":341082112}"
    411648,         0,         0,    5.81,exact_mw,70a969f5042aec17ac076c6379f4170fb7c69b8e925756ef3b7334e28a33338b,"{""distance"":5,""physical_error_rate"":0.0001}","{""detection_events"":40694,""detectors_checked"":92209152}"
    133120,         0,         0,    2.19,exact_mw,70a969f5042aec17ac076c6379f4170fb7c69b8e925756ef3b7334e28a33338b,"{""distance"":5,""physical_error_rate"":0.0001}","{""detection_events"":13424,""detectors_checked"":29818880}"
   5388288,         5,         0,   118.7,exact_mw,cb12ae119b9b2ba18d0216e7235b403229e92fd0743ede48fe7f1a2c6f45d594,"{""distance"":5,""physical_error_rate"":0.0005}","{""detection_events"":2647174,""detectors_checked"":1206976512,""obs_mistake_mask=E"":5}"
    722944,         1,         0,    5.93,exact_mw,cb12ae119b9b2ba18d0216e7235b403229e92fd0743ede48fe7f1a2c6f45d594,"{""distance"":5,""physical_error_rate"":0.0005}","{""detection_events"":353296,""detectors_checked"":161939456,""obs_mistake_mask=E"":1}"
     91136,         0,         0,    4.29,exact_mw,cb12ae119b9b2ba18d0216e7235b403229e92fd0743ede48fe7f1a2c6f45d594,"{""distance"":5,""physical_error_rate"":0.0005}","{""detection_events"":44584,""detectors_checked"":20414464}"
    950272,         0,         0,    5.89,exact_mw,cdc4a450a40af8e24899239080e4c40992fb5baf91c5a31ab3a165eacb3a1ab3,"{""distance"":5,""physical_error_rate"":0.0002}","{""detection_events"":187482,""detectors_checked"":212860928}"
    548864,         0,         0,    5.91,exact_mw,70a969f5042aec17ac076c6379f4170fb7c69b8e925756ef3b7334e28a33338b,"{""distance"":5,""physical_error_rate"":0.0001}","{""detection_events"":54089,""detectors_checked"":122945536}"
    123904,         0,         0,    5.86,exact_mw,cdc4a450a40af8e24899239080e4c40992fb5baf91c5a31ab3a165eacb3a1ab3,"{""distance"":5,""physical_error_rate"":0.0002}","{""detection_events"":24437,""detectors_checked"":27754496}"
    427008,         0,         0,    5.84,exact_mw,70a969f5042aec17ac076c6379f4170fb7c69b8e925756ef3b7334e28a33338b,"{""distance"":5,""physical_error_rate"":0.0001}","{""detection_events"":42484,""detectors_checked"":95649792}"
    523264,         0,         0,    5.87,exact_mw,cdc4a450a40af8e24899239080e4c40992fb5baf91c5a31ab3a165eacb3a1ab3,"{""distance"":5,""physical_error_rate"":0.0002}","{""detection_events"":103517,""detectors_checked"":117211136}"
    389120,         0,         0,    5.91,exact_mw,cdc4a450a40af8e24899239080e4c40992fb5baf91c5a31ab3a165eacb3a1ab3,"{""distance"":5,""physical_error_rate"":0.0002}","{""detection_events"":76856,""detectors_checked"":87162880}"
   1441999,         0,         0,    27.8,exact_mw,cdc4a450a40af8e24899239080e4c40992fb5baf91c5a31ab3a165eacb3a1ab3,"{""distance"":5,""physical_error_rate"":0.0002}","{""detection_events"":285112,""detectors_checked"":323007776}"
    428032,         0,         0,    5.90,exact_mw,70a969f5042aec17ac076c6379f4170fb7c69b8e925756ef3b7334e28a33338b,"{""distance"":5,""physical_error_rate"":0.0001}","{""detection_events"":41559,""detectors_checked"":95879168}"
   1410048,         0,         0,    18.6,exact_mw,cdc4a450a40af8e24899239080e4c40992fb5baf91c5a31ab3a165eacb3a1ab3,"{""distance"":5,""physical_error_rate"":0.0002}","{""detection_events"":277788,""detectors_checked"":315850752}"
   1422336,         0,         0,    17.3,exact_mw,cdc4a450a40af8e24899239080e4c40992fb5baf91c5a31ab3a165eacb3a1ab3,"{""distance"":5,""physical_error_rate"":0.0002}","{""detection_events"":280592,""detectors_checked"":318603264}"
    311296,         1,         0,    5.96,exact_mw,cb12ae119b9b2ba18d0216e7235b403229e92fd0743ede48fe7f1a2c6f45d594,"{""distance"":5,""physical_error_rate"":0.0005}","{""detection_events"":153222,""detectors_checked"":69730304,""obs_mistake_mask=E"":1}"
    400384,         0,         0,    5.92,exact_mw,cb12ae119b9b2ba18d0216e7235b403229e92fd0743ede48fe7f1a2c6f45d594,"{""distance"":5,""physical_error_rate"":0.0005}","{""detection_events"":196365,""detectors_checked"":89686016}"
    384000,         0,         0,    5.89,exact_mw,cb12ae119b9b2ba18d0216e7235b403229e92fd0743ede48fe7f1a2c6f45d594,"{""distance"":5,""physical_error_rate"":0.0005}","{""detection_events"":188892,""detectors_checked"":86016000}"
   1290180,         0,         0,    25.8,exact_mw,cdc4a450a40af8e24899239080e4c40992fb5baf91c5a31ab3a165eacb3a1ab3,"{""distance"":5,""physical_error_rate"":0.0002}","{""detection_events"":254055,""detectors_checked"":289000320}"
    520192,         0,         0,    5.75,exact_mw,cdc4a450a40af8e24899239080e4c40992fb5baf91c5a31ab3a165eacb3a1ab3,"{""distance"":5,""physical_error_rate"":0.0002}","{""detection_events"":102038,""detectors_checked"":116523008}"
     39936,         0,         0,    2.21,exact_mw,cdc4a450a40af8e24899239080e4c40992fb5baf91c5a31ab3a165eacb3a1ab3,"{""distance"":5,""physical_error_rate"":0.0002}","{""detection_events"":7666,""detectors_checked"":8945664}"
    330752,         0,         0,    5.89,exact_mw,cb12ae119b9b2ba18d0216e7235b403229e92fd0743ede48fe7f1a2c6f45d594,"{""distance"":5,""physical_error_rate"":0.0005}","{""detection_events"":162556,""detectors_checked"":74088448}"
    408576,         0,         0,    5.92,exact_mw,70a969f5042aec17ac076c6379f4170fb7c69b8e925756ef3b7334e28a33338b,"{""distance"":5,""physical_error_rate"":0.0001}","{""detection_events"":40325,""detectors_checked"":91521024}"
    135168,         0,         0,    5.94,exact_mw,cb12ae119b9b2ba18d0216e7235b403229e92fd0743ede48fe7f1a2c6f45d594,"{""distance"":5,""physical_error_rate"":0.0005}","{""detection_events"":65867,""detectors_checked"":30277632}"
    535552,         0,         0,    5.88,exact_mw,70a969f5042aec17ac076c6379f4170fb7c69b8e925756ef3b7334e28a33338b,"{""distance"":5,""physical_error_rate"":0.0001}","{""detection_events"":53067,""detectors_checked"":119963648}"
    531456,         0,         0,    5.93,exact_mw,70a969f5042aec17ac076c6379f4170fb7c69b8e925756ef3b7334e28a33338b,"{""distance"":5,""physical_error_rate"":0.0001}","{""detection_events"":52686,""detectors_checked"":119046144}"
    382976,         0,         0,    5.90,exact_mw,cb12ae119b9b2ba18d0216e7235b403229e92fd0743ede48fe7f1a2c6f45d594,"{""distance"":5,""physical_error_rate"":0.0005}","{""detection_events"":189307,""detectors_checked"":85786624}"
    514048,         0,         0,    5.82,exact_mw,cdc4a450a40af8e24899239080e4c40992fb5baf91c5a31ab3a165eacb3a1ab3,"{""distance"":5,""physical_error_rate"":0.0002}","{""detection_events"":100864,""detectors_checked"":115146752}"
     82944,         0,         0,    5.89,exact_mw,cb12ae119b9b2ba18d0216e7235b403229e92fd0743ede48fe7f1a2c6f45d594,"{""distance"":5,""physical_error_rate"":0.0005}","{""detection_events"":41233,""detectors_checked"":18579456}"
    190464,         0,         0,    3.00,exact_mw,70a969f5042aec17ac076c6379f4170fb7c69b8e925756ef3b7334e28a33338b,"{""distance"":5,""physical_error_rate"":0.0001}","{""detection_events"":18563,""detectors_checked"":42663936}"
   1194307,         0,         0,    15.8,exact_mw,cdc4a450a40af8e24899239080e4c40992fb5baf91c5a31ab3a165eacb3a1ab3,"{""distance"":5,""physical_error_rate"":0.0002}","{""detection_events"":235343,""detectors_checked"":267524768}"
   1187840,         0,         0,    19.3,exact_mw,cdc4a450a40af8e24899239080e4c40992fb5baf91c5a31ab3a165eacb3a1ab3,"{""distance"":5,""physical_error_rate"":0.0002}","{""detection_events"":233594,""detectors_checked"":266076160}"
   1141551,         0,         0,    26.9,exact_mw,cdc4a450a40af8e24899239080e4c40992fb5baf91c5a31ab3a165eacb3a1ab3,"{""distance"":5,""physical_error_rate"":0.0002}","{""detection_events"":226549,""detectors_checked"":255707424}"
   1132544,         0,         0,    16.0,exact_mw,cdc4a450a40af8e24899239080e4c40992fb5baf91c5a31ab3a165eacb3a1ab3,"{""distance"":5,""physical_error_rate"":0.0002}","{""detection_events"":222416,""detectors_checked"":253689856}"
   1087380,         0,         0,    16.0,exact_mw,cdc4a450a40af8e24899239080e4c40992fb5baf91c5a31ab3a165eacb3a1ab3,"{""distance"":5,""physical_error_rate"":0.0002}","{""detection_events"":214629,""detectors_checked"":243573120}"
   1035753,         0,         0,    16.3,exact_mw,cdc4a450a40af8e24899239080e4c40992fb5baf91c5a31ab3a165eacb3a1ab3,"{""distance"":5,""physical_error_rate"":0.0002}","{""detection_events"":202738,""detectors_checked"":232008672}"
   2034688,         0,         0,    31.8,exact_mw,cb12ae119b9b2ba18d0216e7235b403229e92fd0743ede48fe7f1a2c6f45d594,"{""distance"":5,""physical_error_rate"":0.0005}","{""detection_events"":998762,""detectors_checked"":455770112}"
   1543168,         0,         0,    31.8,exact_mw,70a969f5042aec17ac076c6379f4170fb7c69b8e925756ef3b7334e28a33338b,"{""distance"":5,""physical_error_rate"":0.0001}","{""detection_events"":152908,""detectors_checked"":345669632}"
   2814934,         0,         0,    29.1,exact_mw,70a969f5042aec17ac076c6379f4170fb7c69b8e925756ef3b7334e28a33338b,"{""distance"":5,""physical_error_rate"":0.0001}","{""detection_events"":277520,""detectors_checked"":630545216}"
   2781184,         0,         0,    56.8,exact_mw,70a969f5042aec17ac076c6379f4170fb7c69b8e925756ef3b7334e28a33338b,"{""distance"":5,""physical_error_rate"":0.0001}","{""detection_events"":273690,""detectors_checked"":622985216}"
   2585600,         0,         0,    29.0,exact_mw,70a969f5042aec17ac076c6379f4170fb7c69b8e925756ef3b7334e28a33338b,"{""distance"":5,""physical_error_rate"":0.0001}","{""detection_events"":255205,""detectors_checked"":579174400}"
   2786304,         0,         0,    29.2,exact_mw,70a969f5042aec17ac076c6379f4170fb7c69b8e925756ef3b7334e28a33338b,"{""distance"":5,""physical_error_rate"":0.0001}","{""detection_events"":275582,""detectors_checked"":624132096}"
    111616,         0,         0,    2.99,exact_mw,cdc4a450a40af8e24899239080e4c40992fb5baf91c5a31ab3a165eacb3a1ab3,"{""distance"":5,""physical_error_rate"":0.0002}","{""detection_events"":21576,""detectors_checked"":25001984}"
    393216,         0,         0,    5.85,exact_mw,70a969f5042aec17ac076c6379f4170fb7c69b8e925756ef3b7334e28a33338b,"{""distance"":5,""physical_error_rate"":0.0001}","{""detection_events"":38570,""detectors_checked"":88080384}"
    354304,         0,         0,    5.83,exact_mw,cdc4a450a40af8e24899239080e4c40992fb5baf91c5a31ab3a165eacb3a1ab3,"{""distance"":5,""physical_error_rate"":0.0002}","{""detection_events"":69513,""detectors_checked"":79364096}"
    161792,         0,         0,    5.92,exact_mw,cb12ae119b9b2ba18d0216e7235b403229e92fd0743ede48fe7f1a2c6f45d594,"{""distance"":5,""physical_error_rate"":0.0005}","{""detection_events"":79525,""detectors_checked"":36241408}"
   2501900,         0,         0,    59.2,exact_mw,70a969f5042aec17ac076c6379f4170fb7c69b8e925756ef3b7334e28a33338b,"{""distance"":5,""physical_error_rate"":0.0001}","{""detection_events"":246547,""detectors_checked"":560425600}"
   2292736,         0,         0,    42.4,exact_mw,70a969f5042aec17ac076c6379f4170fb7c69b8e925756ef3b7334e28a33338b,"{""distance"":5,""physical_error_rate"":0.0001}","{""detection_events"":225798,""detectors_checked"":513572864}"
   2262016,         0,         0,    25.0,exact_mw,70a969f5042aec17ac076c6379f4170fb7c69b8e925756ef3b7334e28a33338b,"{""distance"":5,""physical_error_rate"":0.0001}","{""detection_events"":222510,""detectors_checked"":506691584}"
   2316288,         0,         0,    25.0,exact_mw,70a969f5042aec17ac076c6379f4170fb7c69b8e925756ef3b7334e28a33338b,"{""distance"":5,""physical_error_rate"":0.0001}","{""detection_events"":228985,""detectors_checked"":518848512}"
   2498560,         0,         0,    56.6,exact_mw,70a969f5042aec17ac076c6379f4170fb7c69b8e925756ef3b7334e28a33338b,"{""distance"":5,""physical_error_rate"":0.0001}","{""detection_events"":245724,""detectors_checked"":559677440}"
   2244965,         1,         0,    16.2,exact_mw,70a969f5042aec17ac076c6379f4170fb7c69b8e925756ef3b7334e28a33338b,"{""distance"":5,""physical_error_rate"":0.0001}","{""detection_events"":220362,""detectors_checked"":502872160,""obs_mistake_mask=E"":1}"
   2138112,         0,         0,    31.9,exact_mw,70a969f5042aec17ac076c6379f4170fb7c69b8e925756ef3b7334e28a33338b,"{""distance"":5,""physical_error_rate"":0.0001}","{""detection_events"":210490,""detectors_checked"":478937088}"
   2038784,         0,         0,    50.7,exact_mw,70a969f5042aec17ac076c6379f4170fb7c69b8e925756ef3b7334e28a33338b,"{""distance"":5,""physical_error_rate"":0.0001}","{""detection_events"":200748,""detectors_checked"":456687616}"
   2237440,         0,         0,    56.5,exact_mw,70a969f5042aec17ac076c6379f4170fb7c69b8e925756ef3b7334e28a33338b,"{""distance"":5,""physical_error_rate"":0.0001}","{""detection_events"":221454,""detectors_checked"":501186560}"
    302080,         0,         0,    4.16,exact_mw,70a969f5042aec17ac076c6379f4170fb7c69b8e925756ef3b7334e28a33338b,"{""distance"":5,""physical_error_rate"":0.0001}","{""detection_events"":29926,""detectors_checked"":67665920}"
    775168,         0,         0,    8.12,exact_mw,cdc4a450a40af8e24899239080e4c40992fb5baf91c5a31ab3a165eacb3a1ab3,"{""distance"":5,""physical_error_rate"":0.0002}","{""detection_events"":153471,""detectors_checked"":173637632}"
    505856,         0,         0,    8.22,exact_mw,cb12ae119b9b2ba18d0216e7235b403229e92fd0743ede48fe7f1a2c6f45d594,"{""distance"":5,""physical_error_rate"":0.0005}","{""detection_events"":249049,""detectors_checked"":113311744}"
    507904,         0,         0,    8.37,exact_mw,70a969f5042aec17ac076c6379f4170fb7c69b8e925756ef3b7334e28a33338b,"{""distance"":5,""physical_error_rate"":0.0001}","{""detection_events"":50602,""detectors_checked"":113770496}"
    674816,         0,         0,    8.12,exact_mw,cdc4a450a40af8e24899239080e4c40992fb5baf91c5a31ab3a165eacb3a1ab3,"{""distance"":5,""physical_error_rate"":0.0002}","{""detection_events"":132901,""detectors_checked"":151158784}"
   1011666,         0,         0,    25.8,exact_mw,cdc4a450a40af8e24899239080e4c40992fb5baf91c5a31ab3a165eacb3a1ab3,"{""distance"":5,""physical_error_rate"":0.0002}","{""detection_events"":199186,""detectors_checked"":226613184}"
    203776,         0,         0,    8.42,exact_mw,70a969f5042aec17ac076c6379f4170fb7c69b8e925756ef3b7334e28a33338b,"{""distance"":5,""physical_error_rate"":0.0001}","{""detection_events"":20253,""detectors_checked"":45645824}"
    624640,         0,         0,    8.18,exact_mw,cdc4a450a40af8e24899239080e4c40992fb5baf91c5a31ab3a165eacb3a1ab3,"{""distance"":5,""physical_error_rate"":0.0002}","{""detection_events"":123267,""detectors_checked"":139919360}"
    666624,         0,         0,    8.29,exact_mw,70a969f5042aec17ac076c6379f4170fb7c69b8e925756ef3b7334e28a33338b,"{""distance"":5,""physical_error_rate"":0.0001}","{""detection_events"":65422,""detectors_checked"":149323776}"
    943583,         0,         0,    9.47,exact_mw,cdc4a450a40af8e24899239080e4c40992fb5baf91c5a31ab3a165eacb3a1ab3,"{""distance"":5,""physical_error_rate"":0.0002}","{""detection_events"":185920,""detectors_checked"":211362592}"
    914432,         0,         0,    8.17,exact_mw,cdc4a450a40af8e24899239080e4c40992fb5baf91c5a31ab3a165eacb3a1ab3,"{""distance"":5,""physical_error_rate"":0.0002}","{""detection_events"":179506,""detectors_checked"":204832768}"
    501760,         1,         0,    8.17,exact_mw,cb12ae119b9b2ba18d0216e7235b403229e92fd0743ede48fe7f1a2c6f45d594,"{""distance"":5,""physical_error_rate"":0.0005}","{""detection_events"":247433,""detectors_checked"":112394240,""obs_mistake_mask=E"":1}"
    656384,         0,         0,    8.17,exact_mw,cdc4a450a40af8e24899239080e4c40992fb5baf91c5a31ab3a165eacb3a1ab3,"{""distance"":5,""physical_error_rate"":0.0002}","{""detection_events"":128567,""detectors_checked"":147030016}"
    833536,         0,         0,    8.32,exact_mw,70a969f5042aec17ac076c6379f4170fb7c69b8e925756ef3b7334e28a33338b,"{""distance"":5,""physical_error_rate"":0.0001}","{""detection_events"":81926,""detectors_checked"":186712064}"
     88064,         0,         0,    4.14,exact_mw,cdc4a450a40af8e24899239080e4c40992fb5baf91c5a31ab3a165eacb3a1ab3,"{""distance"":5,""physical_error_rate"":0.0002}","{""detection_events"":17113,""detectors_checked"":19726336}"
    463872,         0,         0,    8.19,exact_mw,cdc4a450a40af8e24899239080e4c40992fb5baf91c5a31ab3a165eacb3a1ab3,"{""distance"":5,""physical_error_rate"":0.0002}","{""detection_events"":91493,""detectors_checked"":103907328}"
    603136,         0,         0,    8.28,exact_mw,70a969f5042aec17ac076c6379f4170fb7c69b8e925756ef3b7334e28a33338b,"{""distance"":5,""physical_error_rate"":0.0001}","{""detection_events"":59584,""detectors_checked"":135102464}"
    683008,         0,         0,    8.18,exact_mw,cdc4a450a40af8e24899239080e4c40992fb5baf91c5a31ab3a165eacb3a1ab3,"{""distance"":5,""physical_error_rate"":0.0002}","{""detection_events"":134288,""detectors_checked"":152993792}"
    329728,         0,         0,    8.15,exact_mw,cdc4a450a40af8e24899239080e4c40992fb5baf91c5a31ab3a165eacb3a1ab3,"{""distance"":5,""physical_error_rate"":0.0002}","{""detection_events"":65366,""detectors_checked"":73859072}"
    601088,         0,         0,    8.34,exact_mw,70a969f5042aec17ac076c6379f4170fb7c69b8e925756ef3b7334e28a33338b,"{""distance"":5,""physical_error_rate"":0.0001}","{""detection_events"":60493,""detectors_checked"":134643712}"
    907113,         0,         0,    5.74,exact_mw,cdc4a450a40af8e24899239080e4c40992fb5baf91c5a31ab3a165eacb3a1ab3,"{""distance"":5,""physical_error_rate"":0.0002}","{""detection_events"":180321,""detectors_checked"":203193312}"
    842752,         0,         0,    9.41,exact_mw,cdc4a450a40af8e24899239080e4c40992fb5baf91c5a31ab3a165eacb3a1ab3,"{""distance"":5,""physical_error_rate"":0.0002}","{""detection_events"":166038,""detectors_checked"":188776448}"
    432128,         1,         0,    8.26,exact_mw,cb12ae119b9b2ba18d0216e7235b403229e92fd0743ede48fe7f1a2c6f45d594,"{""distance"":5,""physical_error_rate"":0.0005}","{""detection_events"":214091,""detectors_checked"":96796672,""obs_mistake_mask=E"":1}"
    515072,         0,         0,    8.28,exact_mw,cb12ae119b9b2ba18d0216e7235b403229e92fd0743ede48fe7f1a2c6f45d594,"{""distance"":5,""physical_error_rate"":0.0005}","{""detection_events"":254727,""detectors_checked"":115376128}"
    545792,         1,         0,    8.33,exact_mw,cb12ae119b9b2ba18d0216e7235b403229e92fd0743ede48fe7f1a2c6f45d594,"{""distance"":5,""physical_error_rate"":0.0005}","{""detection_events"":267960,""detectors_checked"":122257408,""obs_mistake_mask=E"":1}"
    813099,         0,         0,    10.5,exact_mw,cdc4a450a40af8e24899239080e4c40992fb5baf91c5a31ab3a165eacb3a1ab3,"{""distance"":5,""physical_error_rate"":0.0002}","{""detection_events"":160776,""detectors_checked"":182134176}"
    796672,         0,         0,    6.11,exact_mw,cdc4a450a40af8e24899239080e4c40992fb5baf91c5a31ab3a165eacb3a1ab3,"{""distance"":5,""physical_error_rate"":0.0002}","{""detection_events"":158113,""detectors_checked"":178454528}"
    793600,         0,         0,    11.7,exact_mw,cdc4a450a40af8e24899239080e4c40992fb5baf91c5a31ab3a165eacb3a1ab3,"{""distance"":5,""physical_error_rate"":0.0002}","{""detection_events"":156916,""detectors_checked"":177766400}"
    785408,         0,         0,    11.0,exact_mw,cdc4a450a40af8e24899239080e4c40992fb5baf91c5a31ab3a165eacb3a1ab3,"{""distance"":5,""physical_error_rate"":0.0002}","{""detection_events"":154723,""detectors_checked"":175931392}"
    774591,         0,         0,    9.35,exact_mw,cdc4a450a40af8e24899239080e4c40992fb5baf91c5a31ab3a165eacb3a1ab3,"{""distance"":5,""physical_error_rate"":0.0002}","{""detection_events"":152195,""detectors_checked"":173508384}"
    711680,         0,         0,   10.00,exact_mw,cdc4a450a40af8e24899239080e4c40992fb5baf91c5a31ab3a165eacb3a1ab3,"{""distance"":5,""physical_error_rate"":0.0002}","{""detection_events"":140728,""detectors_checked"":159416320}"
    749568,         0,         0,    9.62,exact_mw,cdc4a450a40af8e24899239080e4c40992fb5baf91c5a31ab3a165eacb3a1ab3,"{""distance"":5,""physical_error_rate"":0.0002}","{""detection_events"":145950,""detectors_checked"":167903232}"
    749568,         0,         0,    9.62,exact_mw,cdc4a450a40af8e24899239080e4c40992fb5baf91c5a31ab3a165eacb3a1ab3,"{""distance"":5,""physical_error_rate"":0.0002}","{""detection_events"":148076,""detectors_checked"":167903232}"
    701329,         0,         0,    10.0,exact_mw,cdc4a450a40af8e24899239080e4c40992fb5baf91c5a31ab3a165eacb3a1ab3,"{""distance"":5,""physical_error_rate"":0.0002}","{""detection_events"":136988,""detectors_checked"":157097696}"
    743424,         0,         0,    10.1,exact_mw,cdc4a450a40af8e24899239080e4c40992fb5baf91c5a31ab3a165eacb3a1ab3,"{""distance"":5,""physical_error_rate"":0.0002}","{""detection_events"":145999,""detectors_checked"":166526976}"
    648192,         0,         0,    8.51,exact_mw,cdc4a450a40af8e24899239080e4c40992fb5baf91c5a31ab3a165eacb3a1ab3,"{""distance"":5,""physical_error_rate"":0.0002}","{""detection_events"":127808,""detectors_checked"":145195008}"
    642048,         0,         0,    9.47,exact_mw,cdc4a450a40af8e24899239080e4c40992fb5baf91c5a31ab3a165eacb3a1ab3,"{""distance"":5,""physical_error_rate"":0.0002}","{""detection_events"":126355,""detectors_checked"":143818752}"
    723968,         0,         0,    9.68,exact_mw,cdc4a450a40af8e24899239080e4c40992fb5baf91c5a31ab3a165eacb3a1ab3,"{""distance"":5,""physical_error_rate"":0.0002}","{""detection_events"":141389,""detectors_checked"":162168832}"
    647168,         0,         0,    7.51,exact_mw,cdc4a450a40af8e24899239080e4c40992fb5baf91c5a31ab3a165eacb3a1ab3,"{""distance"":5,""physical_error_rate"":0.0002}","{""detection_events"":128001,""detectors_checked"":144965632}"
    586752,         0,         0,    8.25,exact_mw,cdc4a450a40af8e24899239080e4c40992fb5baf91c5a31ab3a165eacb3a1ab3,"{""distance"":5,""physical_error_rate"":0.0002}","{""detection_events"":116123,""detectors_checked"":131432448}"
    569344,         0,         0,    8.22,exact_mw,70a969f5042aec17ac076c6379f4170fb7c69b8e925756ef3b7334e28a33338b,"{""distance"":5,""physical_error_rate"":0.0001}","{""detection_events"":56287,""detectors_checked"":127533056}"
    451584,         0,         0,    8.33,exact_mw,cb12ae119b9b2ba18d0216e7235b403229e92fd0743ede48fe7f1a2c6f45d594,"{""distance"":5,""physical_error_rate"":0.0005}","{""detection_events"":222885,""detectors_checked"":101154816}"
    235520,         0,         0,    8.26,exact_mw,cb12ae119b9b2ba18d0216e7235b403229e92fd0743ede48fe7f1a2c6f45d594,"{""distance"":5,""physical_error_rate"":0.0005}","{""detection_events"":116167,""detectors_checked"":52756480}"
    633604,         0,         0,    11.7,exact_mw,cdc4a450a40af8e24899239080e4c40992fb5baf91c5a31ab3a165eacb3a1ab3,"{""distance"":5,""physical_error_rate"":0.0002}","{""detection_events"":124551,""detectors_checked"":141927296}"
    633604,         0,         0,    10.1,exact_mw,cdc4a450a40af8e24899239080e4c40992fb5baf91c5a31ab3a165eacb3a1ab3,"{""distance"":5,""physical_error_rate"":0.0002}","{""detection_events"":124892,""detectors_checked"":141927296}"
    569344,         0,         0,    6.49,exact_mw,cdc4a450a40af8e24899239080e4c40992fb5baf91c5a31ab3a165eacb3a1ab3,"{""distance"":5,""physical_error_rate"":0.0002}","{""detection_events"":112804,""detectors_checked"":127533056}"
    632832,         0,         0,    10.6,exact_mw,cdc4a450a40af8e24899239080e4c40992fb5baf91c5a31ab3a165eacb3a1ab3,"{""distance"":5,""physical_error_rate"":0.0002}","{""detection_events"":126055,""detectors_checked"":141754368}"
    631808,         0,         0,    9.00,exact_mw,cdc4a450a40af8e24899239080e4c40992fb5baf91c5a31ab3a165eacb3a1ab3,"{""distance"":5,""physical_error_rate"":0.0002}","{""detection_events"":123810,""detectors_checked"":141524992}"
    605184,         0,         0,    8.65,exact_mw,cdc4a450a40af8e24899239080e4c40992fb5baf91c5a31ab3a165eacb3a1ab3,"{""distance"":5,""physical_error_rate"":0.0002}","{""detection_events"":118592,""detectors_checked"":135561216}"
    632832,         0,         0,    10.2,exact_mw,cdc4a450a40af8e24899239080e4c40992fb5baf91c5a31ab3a165eacb3a1ab3,"{""distance"":5,""physical_error_rate"":0.0002}","{""detection_events"":124853,""detectors_checked"":141754368}"
    635904,         0,         0,    10.7,exact_mw,cdc4a450a40af8e24899239080e4c40992fb5baf91c5a31ab3a165eacb3a1ab3,"{""distance"":5,""physical_error_rate"":0.0002}","{""detection_events"":124181,""detectors_checked"":142442496}"
    635904,         0,         0,    8.25,exact_mw,70a969f5042aec17ac076c6379f4170fb7c69b8e925756ef3b7334e28a33338b,"{""distance"":5,""physical_error_rate"":0.0001}","{""detection_events"":63115,""detectors_checked"":142442496}"
    347136,         0,         0,    8.27,exact_mw,70a969f5042aec17ac076c6379f4170fb7c69b8e925756ef3b7334e28a33338b,"{""distance"":5,""physical_error_rate"":0.0001}","{""detection_events"":33990,""detectors_checked"":77758464}"
   1974859,         0,         0,    20.8,exact_mw,70a969f5042aec17ac076c6379f4170fb7c69b8e925756ef3b7334e28a33338b,"{""distance"":5,""physical_error_rate"":0.0001}","{""detection_events"":195008,""detectors_checked"":442368416}"
    449536,         2,         0,    8.24,exact_mw,cb12ae119b9b2ba18d0216e7235b403229e92fd0743ede48fe7f1a2c6f45d594,"{""distance"":5,""physical_error_rate"":0.0005}","{""detection_events"":223259,""detectors_checked"":100696064,""obs_mistake_mask=E"":2}"
   1946624,         0,         0,    62.3,exact_mw,70a969f5042aec17ac076c6379f4170fb7c69b8e925756ef3b7334e28a33338b,"{""distance"":5,""physical_error_rate"":0.0001}","{""detection_events"":192988,""detectors_checked"":436043776}"
   1857536,         0,         0,    20.8,exact_mw,70a969f5042aec17ac076c6379f4170fb7c69b8e925756ef3b7334e28a33338b,"{""distance"":5,""physical_error_rate"":0.0001}","{""detection_events"":182699,""detectors_checked"":416088064}"
   1837056,         0,         0,    51.3,exact_mw,70a969f5042aec17ac076c6379f4170fb7c69b8e925756ef3b7334e28a33338b,"{""distance"":5,""physical_error_rate"":0.0001}","{""detection_events"":181871,""detectors_checked"":411500544}"
   1787904,         0,         0,    21.0,exact_mw,70a969f5042aec17ac076c6379f4170fb7c69b8e925756ef3b7334e28a33338b,"{""distance"":5,""physical_error_rate"":0.0001}","{""detection_events"":177664,""detectors_checked"":400490496}"
   1657191,         0,         0,    19.8,exact_mw,70a969f5042aec17ac076c6379f4170fb7c69b8e925756ef3b7334e28a33338b,"{""distance"":5,""physical_error_rate"":0.0001}","{""detection_events"":164477,""detectors_checked"":371210784}"
   1551360,         0,         0,    21.0,exact_mw,70a969f5042aec17ac076c6379f4170fb7c69b8e925756ef3b7334e28a33338b,"{""distance"":5,""physical_error_rate"":0.0001}","{""detection_events"":153116,""detectors_checked"":347504640}"
    420864,         0,         0,    8.35,exact_mw,cb12ae119b9b2ba18d0216e7235b403229e92fd0743ede48fe7f1a2c6f45d594,"{""distance"":5,""physical_error_rate"":0.0005}","{""detection_events"":208452,""detectors_checked"":94273536}"
    511307,         0,         0,    7.68,exact_mw,cdc4a450a40af8e24899239080e4c40992fb5baf91c5a31ab3a165eacb3a1ab3,"{""distance"":5,""physical_error_rate"":0.0002}","{""detection_events"":101242,""detectors_checked"":114532768}"
    451584,         0,         0,    9.95,exact_mw,cdc4a450a40af8e24899239080e4c40992fb5baf91c5a31ab3a165eacb3a1ab3,"{""distance"":5,""physical_error_rate"":0.0002}","{""detection_events"":88874,""detectors_checked"":101154816}"
    458752,         0,         0,    11.1,exact_mw,cdc4a450a40af8e24899239080e4c40992fb5baf91c5a31ab3a165eacb3a1ab3,"{""distance"":5,""physical_error_rate"":0.0002}","{""detection_events"":90154,""detectors_checked"":102760448}"
    413186,         0,         0,    11.3,exact_mw,cdc4a450a40af8e24899239080e4c40992fb5baf91c5a31ab3a165eacb3a1ab3,"{""distance"":5,""physical_error_rate"":0.0002}","{""detection_events"":81028,""detectors_checked"":92553664}"
    409600,         0,         0,    3.33,exact_mw,cdc4a450a40af8e24899239080e4c40992fb5baf91c5a31ab3a165eacb3a1ab3,"{""distance"":5,""physical_error_rate"":0.0002}","{""detection_events"":79480,""detectors_checked"":91750400}"
    382407,         0,         0,    8.86,exact_mw,cdc4a450a40af8e24899239080e4c40992fb5baf91c5a31ab3a165eacb3a1ab3,"{""distance"":5,""physical_error_rate"":0.0002}","{""detection_events"":75532,""detectors_checked"":85659168}"
    375808,         0,         0,    2.74,exact_mw,cdc4a450a40af8e24899239080e4c40992fb5baf91c5a31ab3a165eacb3a1ab3,"{""distance"":5,""physical_error_rate"":0.0002}","{""detection_events"":74098,""detectors_checked"":84180992}"
    381952,         0,         0,    4.11,exact_mw,cdc4a450a40af8e24899239080e4c40992fb5baf91c5a31ab3a165eacb3a1ab3,"{""distance"":5,""physical_error_rate"":0.0002}","{""detection_events"":76109,""detectors_checked"":85557248}"
    363988,         0,         0,    4.77,exact_mw,cdc4a450a40af8e24899239080e4c40992fb5baf91c5a31ab3a165eacb3a1ab3,"{""distance"":5,""physical_error_rate"":0.0002}","{""detection_events"":71523,""detectors_checked"":81533312}"
    350208,         0,         0,    8.98,exact_mw,cdc4a450a40af8e24899239080e4c40992fb5baf91c5a31ab3a165eacb3a1ab3,"{""distance"":5,""physical_error_rate"":0.0002}","{""detection_events"":68257,""detectors_checked"":78446592}"
    345088,         0,         0,    2.59,exact_mw,cdc4a450a40af8e24899239080e4c40992fb5baf91c5a31ab3a165eacb3a1ab3,"{""distance"":5,""physical_error_rate"":0.0002}","{""detection_events"":68306,""detectors_checked"":77299712}"
    337901,         0,         0,    2.88,exact_mw,cdc4a450a40af8e24899239080e4c40992fb5baf91c5a31ab3a165eacb3a1ab3,"{""distance"":5,""physical_error_rate"":0.0002}","{""detection_events"":66765,""detectors_checked"":75689824}"
    319488,         0,         0,    4.08,exact_mw,cdc4a450a40af8e24899239080e4c40992fb5baf91c5a31ab3a165eacb3a1ab3,"{""distance"":5,""physical_error_rate"":0.0002}","{""detection_events"":63291,""detectors_checked"":71565312}"
    332800,         0,         0,    4.76,exact_mw,cdc4a450a40af8e24899239080e4c40992fb5baf91c5a31ab3a165eacb3a1ab3,"{""distance"":5,""physical_error_rate"":0.0002}","{""detection_events"":65494,""detectors_checked"":74547200}"
    313873,         0,         0,    2.89,exact_mw,cdc4a450a40af8e24899239080e4c40992fb5baf91c5a31ab3a165eacb3a1ab3,"{""distance"":5,""physical_error_rate"":0.0002}","{""detection_events"":61940,""detectors_checked"":70307552}"
    306176,         0,         0,    3.92,exact_mw,cdc4a450a40af8e24899239080e4c40992fb5baf91c5a31ab3a165eacb3a1ab3,"{""distance"":5,""physical_error_rate"":0.0002}","{""detection_events"":61076,""detectors_checked"":68583424}"
    291840,         0,         0,    3.20,exact_mw,cdc4a450a40af8e24899239080e4c40992fb5baf91c5a31ab3a165eacb3a1ab3,"{""distance"":5,""physical_error_rate"":0.0002}","{""detection_events"":57888,""detectors_checked"":65372160}"
    300032,         0,         0,    7.35,exact_mw,cdc4a450a40af8e24899239080e4c40992fb5baf91c5a31ab3a165eacb3a1ab3,"{""distance"":5,""physical_error_rate"":0.0002}","{""detection_events"":59629,""detectors_checked"":67207168}"
    291404,         0,         0,    3.74,exact_mw,cdc4a450a40af8e24899239080e4c40992fb5baf91c5a31ab3a165eacb3a1ab3,"{""distance"":5,""physical_error_rate"":0.0002}","{""detection_events"":57642,""detectors_checked"":65274496}"
    271360,         0,         0,    3.60,exact_mw,cdc4a450a40af8e24899239080e4c40992fb5baf91c5a31ab3a165eacb3a1ab3,"{""distance"":5,""physical_error_rate"":0.0002}","{""detection_events"":53403,""detectors_checked"":60784640}"
    267264,         0,         0,    3.14,exact_mw,cdc4a450a40af8e24899239080e4c40992fb5baf91c5a31ab3a165eacb3a1ab3,"{""distance"":5,""physical_error_rate"":0.0002}","{""detection_events"":52199,""detectors_checked"":59867136}"
   1445882,         0,         0,    26.5,exact_mw,70a969f5042aec17ac076c6379f4170fb7c69b8e925756ef3b7334e28a33338b,"{""distance"":5,""physical_error_rate"":0.0001}","{""detection_events"":142300,""detectors_checked"":323877568}"
    291404,         0,         0,    4.18,exact_mw,cdc4a450a40af8e24899239080e4c40992fb5baf91c5a31ab3a165eacb3a1ab3,"{""distance"":5,""physical_error_rate"":0.0002}","{""detection_events"":57970,""detectors_checked"":65274496}"
   1405952,         0,         0,    21.9,exact_mw,70a969f5042aec17ac076c6379f4170fb7c69b8e925756ef3b7334e28a33338b,"{""distance"":5,""physical_error_rate"":0.0001}","{""detection_events"":138251,""detectors_checked"":314933248}"
   1438720,         0,         0,    21.8,exact_mw,70a969f5042aec17ac076c6379f4170fb7c69b8e925756ef3b7334e28a33338b,"{""distance"":5,""physical_error_rate"":0.0001}","{""detection_events"":141126,""detectors_checked"":322273280}"
    263742,         0,         0,    3.34,exact_mw,cdc4a450a40af8e24899239080e4c40992fb5baf91c5a31ab3a165eacb3a1ab3,"{""distance"":5,""physical_error_rate"":0.0002}","{""detection_events"":52054,""detectors_checked"":59078208}"
    246784,         0,         0,    3.35,exact_mw,cdc4a450a40af8e24899239080e4c40992fb5baf91c5a31ab3a165eacb3a1ab3,"{""distance"":5,""physical_error_rate"":0.0002}","{""detection_events"":48505,""detectors_checked"":55279616}"
   8777861,         7,         0,   108.7,exact_mw,cb12ae119b9b2ba18d0216e7235b403229e92fd0743ede48fe7f1a2c6f45d594,"{""distance"":5,""physical_error_rate"":0.0005}","{""detection_events"":4315414,""detectors_checked"":1966240864,""obs_mistake_mask=E"":7}"
    238306,         0,         0,    3.31,exact_mw,cdc4a450a40af8e24899239080e4c40992fb5baf91c5a31ab3a165eacb3a1ab3,"{""distance"":5,""physical_error_rate"":0.0002}","{""detection_events"":46835,""detectors_checked"":53380544}"
    232448,         0,         0,    3.40,exact_mw,cdc4a450a40af8e24899239080e4c40992fb5baf91c5a31ab3a165eacb3a1ab3,"{""distance"":5,""physical_error_rate"":0.0002}","{""detection_events"":45669,""detectors_checked"":52068352}"
    237568,         0,         0,    3.35,exact_mw,cdc4a450a40af8e24899239080e4c40992fb5baf91c5a31ab3a165eacb3a1ab3,"{""distance"":5,""physical_error_rate"":0.0002}","{""detection_events"":47564,""detectors_checked"":53215232}"
    227025,         0,         0,    3.35,exact_mw,cdc4a450a40af8e24899239080e4c40992fb5baf91c5a31ab3a165eacb3a1ab3,"{""distance"":5,""physical_error_rate"":0.0002}","{""detection_events"":45178,""detectors_checked"":50853600}"
    212992,         0,         0,    2.90,exact_mw,cdc4a450a40af8e24899239080e4c40992fb5baf91c5a31ab3a165eacb3a1ab3,"{""distance"":5,""physical_error_rate"":0.0002}","{""detection_events"":42205,""detectors_checked"":47710208}"
    217088,         0,         0,    3.39,exact_mw,cdc4a450a40af8e24899239080e4c40992fb5baf91c5a31ab3a165eacb3a1ab3,"{""distance"":5,""physical_error_rate"":0.0002}","{""detection_events"":42705,""detectors_checked"":48627712}"
    227025,         0,         0,    3.30,exact_mw,cdc4a450a40af8e24899239080e4c40992fb5baf91c5a31ab3a165eacb3a1ab3,"{""distance"":5,""physical_error_rate"":0.0002}","{""detection_events"":44702,""detectors_checked"":50853600}"
    225280,         0,         0,    2.86,exact_mw,cdc4a450a40af8e24899239080e4c40992fb5baf91c5a31ab3a165eacb3a1ab3,"{""distance"":5,""physical_error_rate"":0.0002}","{""detection_events"":44998,""detectors_checked"":50462720}"
    219136,         0,         0,    3.34,exact_mw,cdc4a450a40af8e24899239080e4c40992fb5baf91c5a31ab3a165eacb3a1ab3,"{""distance"":5,""physical_error_rate"":0.0002}","{""detection_events"":43129,""detectors_checked"":49086464}"
    226304,         0,         0,    3.39,exact_mw,cdc4a450a40af8e24899239080e4c40992fb5baf91c5a31ab3a165eacb3a1ab3,"{""distance"":5,""physical_error_rate"":0.0002}","{""detection_events"":44733,""detectors_checked"":50692096}"
    223232,         0,         0,    3.30,exact_mw,cdc4a450a40af8e24899239080e4c40992fb5baf91c5a31ab3a165eacb3a1ab3,"{""distance"":5,""physical_error_rate"":0.0002}","{""detection_events"":44093,""detectors_checked"":50003968}"
    205824,         0,         0,    2.84,exact_mw,cdc4a450a40af8e24899239080e4c40992fb5baf91c5a31ab3a165eacb3a1ab3,"{""distance"":5,""physical_error_rate"":0.0002}","{""detection_events"":41426,""detectors_checked"":46104576}"
    326656,         0,         0,    5.84,exact_mw,70a969f5042aec17ac076c6379f4170fb7c69b8e925756ef3b7334e28a33338b,"{""distance"":5,""physical_error_rate"":0.0001}","{""detection_events"":31507,""detectors_checked"":73170944}"
    195533,         0,         0,    3.03,exact_mw,cdc4a450a40af8e24899239080e4c40992fb5baf91c5a31ab3a165eacb3a1ab3,"{""distance"":5,""physical_error_rate"":0.0002}","{""detection_events"":38446,""detectors_checked"":43799392}"
    210814,         0,         0,    3.03,exact_mw,cdc4a450a40af8e24899239080e4c40992fb5baf91c5a31ab3a165eacb3a1ab3,"{""distance"":5,""physical_error_rate"":0.0002}","{""detection_events"":41246,""detectors_checked"":47222336}"
    190464,         0,         0,    3.05,exact_mw,cdc4a450a40af8e24899239080e4c40992fb5baf91c5a31ab3a165eacb3a1ab3,"{""distance"":5,""physical_error_rate"":0.0002}","{""detection_events"":37649,""detectors_checked"":42663936}"
    190464,         0,         0,    2.12,exact_mw,cdc4a450a40af8e24899239080e4c40992fb5baf91c5a31ab3a165eacb3a1ab3,"{""distance"":5,""physical_error_rate"":0.0002}","{""detection_events"":37191,""detectors_checked"":42663936}"
    165410,         0,         0,    2.15,exact_mw,cdc4a450a40af8e24899239080e4c40992fb5baf91c5a31ab3a165eacb3a1ab3,"{""distance"":5,""physical_error_rate"":0.0002}","{""detection_events"":32227,""detectors_checked"":37051840}"
    168960,         0,         0,    3.07,exact_mw,cdc4a450a40af8e24899239080e4c40992fb5baf91c5a31ab3a165eacb3a1ab3,"{""distance"":5,""physical_error_rate"":0.0002}","{""detection_events"":34135,""detectors_checked"":37847040}"
   1376178,         0,         0,    14.8,exact_mw,70a969f5042aec17ac076c6379f4170fb7c69b8e925756ef3b7334e28a33338b,"{""distance"":5,""physical_error_rate"":0.0001}","{""detection_events"":135326,""detectors_checked"":308263872}"
    421888,         0,         0,    8.22,exact_mw,70a969f5042aec17ac076c6379f4170fb7c69b8e925756ef3b7334e28a33338b,"{""distance"":5,""physical_error_rate"":0.0001}","{""detection_events"":42101,""detectors_checked"":94502912}"
    147801,         0,         0,    2.05,exact_mw,cdc4a450a40af8e24899239080e4c40992fb5baf91c5a31ab3a165eacb3a1ab3,"{""distance"":5,""physical_error_rate"":0.0002}","{""detection_events"":29184,""detectors_checked"":33107424}"
    140435,         0,         0,    3.16,exact_mw,cdc4a450a40af8e24899239080e4c40992fb5baf91c5a31ab3a165eacb3a1ab3,"{""distance"":5,""physical_error_rate"":0.0002}","{""detection_events"":27401,""detectors_checked"":31457440}"
    137169,         0,         0,    1.32,exact_mw,cdc4a450a40af8e24899239080e4c40992fb5baf91c5a31ab3a165eacb3a1ab3,"{""distance"":5,""physical_error_rate"":0.0002}","{""detection_events"":27180,""detectors_checked"":30725856}"
    133979,         0,         0,    2.58,exact_mw,cdc4a450a40af8e24899239080e4c40992fb5baf91c5a31ab3a165eacb3a1ab3,"{""distance"":5,""physical_error_rate"":0.0002}","{""detection_events"":26029,""detectors_checked"":30011296}"
    133979,         0,         0,    4.35,exact_mw,cdc4a450a40af8e24899239080e4c40992fb5baf91c5a31ab3a165eacb3a1ab3,"{""distance"":5,""physical_error_rate"":0.0002}","{""detection_events"":26070,""detectors_checked"":30011296}"
    132096,         0,         0,    1.61,exact_mw,cdc4a450a40af8e24899239080e4c40992fb5baf91c5a31ab3a165eacb3a1ab3,"{""distance"":5,""physical_error_rate"":0.0002}","{""detection_events"":26179,""detectors_checked"":29589504}"
    130863,         0,         0,    1.58,exact_mw,cdc4a450a40af8e24899239080e4c40992fb5baf91c5a31ab3a165eacb3a1ab3,"{""distance"":5,""physical_error_rate"":0.0002}","{""detection_events"":25733,""detectors_checked"":29313312}"
    121632,         0,         0,    1.46,exact_mw,cdc4a450a40af8e24899239080e4c40992fb5baf91c5a31ab3a165eacb3a1ab3,"{""distance"":5,""physical_error_rate"":0.0002}","{""detection_events"":23692,""detectors_checked"":27245568}"
    118803,         0,         0,    1.50,exact_mw,cdc4a450a40af8e24899239080e4c40992fb5baf91c5a31ab3a165eacb3a1ab3,"{""distance"":5,""physical_error_rate"":0.0002}","{""detection_events"":23163,""detectors_checked"":26611872}"
    119808,         0,         0,    1.80,exact_mw,cdc4a450a40af8e24899239080e4c40992fb5baf91c5a31ab3a165eacb3a1ab3,"{""distance"":5,""physical_error_rate"":0.0002}","{""detection_events"":23645,""detectors_checked"":26836992}"
    116040,         0,         0,    1.47,exact_mw,cdc4a450a40af8e24899239080e4c40992fb5baf91c5a31ab3a165eacb3a1ab3,"{""distance"":5,""physical_error_rate"":0.0002}","{""detection_events"":23040,""detectors_checked"":25992960}"
    118784,         0,         0,    1.30,exact_mw,cdc4a450a40af8e24899239080e4c40992fb5baf91c5a31ab3a165eacb3a1ab3,"{""distance"":5,""physical_error_rate"":0.0002}","{""detection_events"":23222,""detectors_checked"":26607616}"
        19,         0,         0,   0.000,exact_mw,cdc4a450a40af8e24899239080e4c40992fb5baf91c5a31ab3a165eacb3a1ab3,"{""distance"":5,""physical_error_rate"":0.0002}","{""detection_events"":2,""detectors_checked"":4256}"
    116040,         0,         0,    1.76,exact_mw,cdc4a450a40af8e24899239080e4c40992fb5baf91c5a31ab3a165eacb3a1ab3,"{""distance"":5,""physical_error_rate"":0.0002}","{""detection_events"":22770,""detectors_checked"":25992960}"
    116040,         0,         0,    5.29,exact_mw,cdc4a450a40af8e24899239080e4c40992fb5baf91c5a31ab3a165eacb3a1ab3,"{""distance"":5,""physical_error_rate"":0.0002}","{""detection_events"":23363,""detectors_checked"":25992960}"
    107520,         0,         0,    1.06,exact_mw,cdc4a450a40af8e24899239080e4c40992fb5baf91c5a31ab3a165eacb3a1ab3,"{""distance"":5,""physical_error_rate"":0.0002}","{""detection_events"":21212,""detectors_checked"":24084480}"
    115712,         0,         0,    1.48,exact_mw,cdc4a450a40af8e24899239080e4c40992fb5baf91c5a31ab3a165eacb3a1ab3,"{""distance"":5,""physical_error_rate"":0.0002}","{""detection_events"":22279,""detectors_checked"":25919488}"
    112640,         0,         0,    1.26,exact_mw,cdc4a450a40af8e24899239080e4c40992fb5baf91c5a31ab3a165eacb3a1ab3,"{""distance"":5,""physical_error_rate"":0.0002}","{""detection_events"":22511,""detectors_checked"":25231360}"
   7054336,         6,         0,   118.8,exact_mw,cb12ae119b9b2ba18d0216e7235b403229e92fd0743ede48fe7f1a2c6f45d594,"{""distance"":5,""physical_error_rate"":0.0005}","{""detection_events"":3473535,""detectors_checked"":1580171264,""obs_mistake_mask=E"":6}"
    107793,         0,         0,    1.96,exact_mw,cdc4a450a40af8e24899239080e4c40992fb5baf91c5a31ab3a165eacb3a1ab3,"{""distance"":5,""physical_error_rate"":0.0002}","{""detection_events"":20975,""detectors_checked"":24145632}"
     92078,         0,         0,   0.801,exact_mw,cdc4a450a40af8e24899239080e4c40992fb5baf91c5a31ab3a165eacb3a1ab3,"{""distance"":5,""physical_error_rate"":0.0002}","{""detection_events"":18379,""detectors_checked"":20625472}"
    106496,         0,         0,    1.61,exact_mw,cdc4a450a40af8e24899239080e4c40992fb5baf91c5a31ab3a165eacb3a1ab3,"{""distance"":5,""physical_error_rate"":0.0002}","{""detection_events"":20836,""detectors_checked"":23855104}"
    110556,         0,         0,    1.04,exact_mw,cdc4a450a40af8e24899239080e4c40992fb5baf91c5a31ab3a165eacb3a1ab3,"{""distance"":5,""physical_error_rate"":0.0002}","{""detection_events"":21890,""detectors_checked"":24764544}"
    107520,         0,         0,    1.42,exact_mw,cdc4a450a40af8e24899239080e4c40992fb5baf91c5a31ab3a165eacb3a1ab3,"{""distance"":5,""physical_error_rate"":0.0002}","{""detection_events"":20944,""detectors_checked"":24084480}"
     92160,         0,         0,    2.91,exact_mw,cdc4a450a40af8e24899239080e4c40992fb5baf91c5a31ab3a165eacb3a1ab3,"{""distance"":5,""physical_error_rate"":0.0002}","{""detection_events"":18085,""detectors_checked"":20643840}"
     91136,         0,         0,    1.21,exact_mw,cdc4a450a40af8e24899239080e4c40992fb5baf91c5a31ab3a165eacb3a1ab3,"{""distance"":5,""physical_error_rate"":0.0002}","{""detection_events"":17870,""detectors_checked"":20414464}"
    304128,         0,         0,    8.29,exact_mw,cb12ae119b9b2ba18d0216e7235b403229e92fd0743ede48fe7f1a2c6f45d594,"{""distance"":5,""physical_error_rate"":0.0005}","{""detection_events"":148813,""detectors_checked"":68124672}"
     92078,         0,         0,    1.33,exact_mw,cdc4a450a40af8e24899239080e4c40992fb5baf91c5a31ab3a165eacb3a1ab3,"{""distance"":5,""physical_error_rate"":0.0002}","{""detection_events"":18258,""detectors_checked"":20625472}"
     92078,         0,         0,    1.19,exact_mw,cdc4a450a40af8e24899239080e4c40992fb5baf91c5a31ab3a165eacb3a1ab3,"{""distance"":5,""physical_error_rate"":0.0002}","{""detection_events"":18191,""detectors_checked"":20625472}"
     86016,         0,         0,    1.71,exact_mw,cdc4a450a40af8e24899239080e4c40992fb5baf91c5a31ab3a165eacb3a1ab3,"{""distance"":5,""physical_error_rate"":0.0002}","{""detection_events"":16959,""detectors_checked"":19267584}"
     75984,         0,         0,    1.15,exact_mw,cdc4a450a40af8e24899239080e4c40992fb5baf91c5a31ab3a165eacb3a1ab3,"{""distance"":5,""physical_error_rate"":0.0002}","{""detection_events"":14965,""detectors_checked"":17020416}"
     75984,         0,         0,   0.972,exact_mw,cdc4a450a40af8e24899239080e4c40992fb5baf91c5a31ab3a165eacb3a1ab3,"{""distance"":5,""physical_error_rate"":0.0002}","{""detection_events"":15220,""detectors_checked"":17020416}"
     82944,         0,         0,    1.04,exact_mw,cdc4a450a40af8e24899239080e4c40992fb5baf91c5a31ab3a165eacb3a1ab3,"{""distance"":5,""physical_error_rate"":0.0002}","{""detection_events"":16186,""detectors_checked"":18579456}"
     79872,         0,         0,    1.79,exact_mw,cdc4a450a40af8e24899239080e4c40992fb5baf91c5a31ab3a165eacb3a1ab3,"{""distance"":5,""physical_error_rate"":0.0002}","{""detection_events"":15804,""detectors_checked"":17891328}"
     79872,         0,         0,    1.21,exact_mw,cdc4a450a40af8e24899239080e4c40992fb5baf91c5a31ab3a165eacb3a1ab3,"{""distance"":5,""physical_error_rate"":0.0002}","{""detection_events"":15497,""detectors_checked"":17891328}"
     76800,         0,         0,   0.730,exact_mw,cdc4a450a40af8e24899239080e4c40992fb5baf91c5a31ab3a165eacb3a1ab3,"{""distance"":5,""physical_error_rate"":0.0002}","{""detection_events"":15276,""detectors_checked"":17203200}"
     81920,         0,         0,    1.20,exact_mw,cdc4a450a40af8e24899239080e4c40992fb5baf91c5a31ab3a165eacb3a1ab3,"{""distance"":5,""physical_error_rate"":0.0002}","{""detection_events"":16582,""detectors_checked"":18350080}"
     83968,         0,         0,    1.15,exact_mw,cdc4a450a40af8e24899239080e4c40992fb5baf91c5a31ab3a165eacb3a1ab3,"{""distance"":5,""physical_error_rate"":0.0002}","{""detection_events"":16812,""detectors_checked"":18808832}"
     75984,         0,         0,    1.09,exact_mw,cdc4a450a40af8e24899239080e4c40992fb5baf91c5a31ab3a165eacb3a1ab3,"{""distance"":5,""physical_error_rate"":0.0002}","{""detection_events"":14669,""detectors_checked"":17020416}"
     89088,         0,         0,    1.52,exact_mw,cdc4a450a40af8e24899239080e4c40992fb5baf91c5a31ab3a165eacb3a1ab3,"{""distance"":5,""physical_error_rate"":0.0002}","{""detection_events"":17509,""detectors_checked"":19955712}"
     68308,         0,         0,    1.20,exact_mw,cdc4a450a40af8e24899239080e4c40992fb5baf91c5a31ab3a165eacb3a1ab3,"{""distance"":5,""physical_error_rate"":0.0002}","{""detection_events"":13468,""detectors_checked"":15300992}"
     55296,         0,         0,    1.32,exact_mw,cdc4a450a40af8e24899239080e4c40992fb5baf91c5a31ab3a165eacb3a1ab3,"{""distance"":5,""physical_error_rate"":0.0002}","{""detection_events"":11010,""detectors_checked"":12386304}"
     65536,         0,         0,    1.05,exact_mw,cdc4a450a40af8e24899239080e4c40992fb5baf91c5a31ab3a165eacb3a1ab3,"{""distance"":5,""physical_error_rate"":0.0002}","{""detection_events"":12536,""detectors_checked"":14680064}"
     67584,         0,         0,    1.33,exact_mw,cdc4a450a40af8e24899239080e4c40992fb5baf91c5a31ab3a165eacb3a1ab3,"{""distance"":5,""physical_error_rate"":0.0002}","{""detection_events"":13306,""detectors_checked"":15138816}"
     66560,         0,         0,    1.10,exact_mw,cdc4a450a40af8e24899239080e4c40992fb5baf91c5a31ab3a165eacb3a1ab3,"{""distance"":5,""physical_error_rate"":0.0002}","{""detection_events"":13038,""detectors_checked"":14909440}"
     55253,         0,         0,   0.636,exact_mw,cdc4a450a40af8e24899239080e4c40992fb5baf91c5a31ab3a165eacb3a1ab3,"{""distance"":5,""physical_error_rate"":0.0002}","{""detection_events"":10998,""detectors_checked"":12376672}"
     64512,         0,         0,    1.25,exact_mw,cdc4a450a40af8e24899239080e4c40992fb5baf91c5a31ab3a165eacb3a1ab3,"{""distance"":5,""physical_error_rate"":0.0002}","{""detection_events"":12762,""detectors_checked"":14450688}"
     64512,         0,         0,    1.12,exact_mw,cdc4a450a40af8e24899239080e4c40992fb5baf91c5a31ab3a165eacb3a1ab3,"{""distance"":5,""physical_error_rate"":0.0002}","{""detection_events"":12449,""detectors_checked"":14450688}"
     58368,         0,         0,   0.611,exact_mw,cdc4a450a40af8e24899239080e4c40992fb5baf91c5a31ab3a165eacb3a1ab3,"{""distance"":5,""physical_error_rate"":0.0002}","{""detection_events"":11529,""detectors_checked"":13074432}"
     51200,         0,         0,    1.24,exact_mw,cdc4a450a40af8e24899239080e4c40992fb5baf91c5a31ab3a165eacb3a1ab3,"{""distance"":5,""physical_error_rate"":0.0002}","{""detection_events"":10085,""detectors_checked"":11468800}"
     48128,         0,         0,   0.944,exact_mw,cdc4a450a40af8e24899239080e4c40992fb5baf91c5a31ab3a165eacb3a1ab3,"{""distance"":5,""physical_error_rate"":0.0002}","{""detection_events"":9559,""detectors_checked"":10780672}"
     51593,         0,         0,   0.621,exact_mw,cdc4a450a40af8e24899239080e4c40992fb5baf91c5a31ab3a165eacb3a1ab3,"{""distance"":5,""physical_error_rate"":0.0002}","{""detection_events"":10076,""detectors_checked"":11556832}"
     60416,         0,         0,   0.706,exact_mw,cdc4a450a40af8e24899239080e4c40992fb5baf91c5a31ab3a165eacb3a1ab3,"{""distance"":5,""physical_error_rate"":0.0002}","{""detection_events"":11593,""detectors_checked"":13533184}"
     36511,         0,         0,   0.412,exact_mw,cdc4a450a40af8e24899239080e4c40992fb5baf91c5a31ab3a165eacb3a1ab3,"{""distance"":5,""physical_error_rate"":0.0002}","{""detection_events"":7064,""detectors_checked"":8178464}"
     34816,         0,         0,   0.408,exact_mw,cdc4a450a40af8e24899239080e4c40992fb5baf91c5a31ab3a165eacb3a1ab3,"{""distance"":5,""physical_error_rate"":0.0002}","{""detection_events"":6631,""detectors_checked"":7798784}"
     35840,         0,         0,   0.394,exact_mw,cdc4a450a40af8e24899239080e4c40992fb5baf91c5a31ab3a165eacb3a1ab3,"{""distance"":5,""physical_error_rate"":0.0002}","{""detection_events"":6902,""detectors_checked"":8028160}"
     35840,         0,         0,   0.443,exact_mw,cdc4a450a40af8e24899239080e4c40992fb5baf91c5a31ab3a165eacb3a1ab3,"{""distance"":5,""physical_error_rate"":0.0002}","{""detection_events"":6898,""detectors_checked"":8028160}"
     34816,         0,         0,   0.427,exact_mw,cdc4a450a40af8e24899239080e4c40992fb5baf91c5a31ab3a165eacb3a1ab3,"{""distance"":5,""physical_error_rate"":0.0002}","{""detection_events"":7053,""detectors_checked"":7798784}"
     34257,         0,         0,   0.380,exact_mw,cdc4a450a40af8e24899239080e4c40992fb5baf91c5a31ab3a165eacb3a1ab3,"{""distance"":5,""physical_error_rate"":0.0002}","{""detection_events"":6716,""detectors_checked"":7673568}"
     33792,         0,         0,   0.389,exact_mw,cdc4a450a40af8e24899239080e4c40992fb5baf91c5a31ab3a165eacb3a1ab3,"{""distance"":5,""physical_error_rate"":0.0002}","{""detection_events"":6722,""detectors_checked"":7569408}"
     30720,         0,         0,   0.446,exact_mw,cdc4a450a40af8e24899239080e4c40992fb5baf91c5a31ab3a165eacb3a1ab3,"{""distance"":5,""physical_error_rate"":0.0002}","{""detection_events"":6047,""detectors_checked"":6881280}"
     30174,         0,         0,   0.353,exact_mw,cdc4a450a40af8e24899239080e4c40992fb5baf91c5a31ab3a165eacb3a1ab3,"{""distance"":5,""physical_error_rate"":0.0002}","{""detection_events"":6103,""detectors_checked"":6758976}"
     30174,         0,         0,   0.420,exact_mw,cdc4a450a40af8e24899239080e4c40992fb5baf91c5a31ab3a165eacb3a1ab3,"{""distance"":5,""physical_error_rate"":0.0002}","{""detection_events"":6094,""detectors_checked"":6758976}"
     29696,         0,         0,   0.335,exact_mw,cdc4a450a40af8e24899239080e4c40992fb5baf91c5a31ab3a165eacb3a1ab3,"{""distance"":5,""physical_error_rate"":0.0002}","{""detection_events"":5978,""detectors_checked"":6651904}"
     27972,         0,         0,   0.316,exact_mw,cdc4a450a40af8e24899239080e4c40992fb5baf91c5a31ab3a165eacb3a1ab3,"{""distance"":5,""physical_error_rate"":0.0002}","{""detection_events"":5593,""detectors_checked"":6265728}"
     27972,         0,         0,   0.373,exact_mw,cdc4a450a40af8e24899239080e4c40992fb5baf91c5a31ab3a165eacb3a1ab3,"{""distance"":5,""physical_error_rate"":0.0002}","{""detection_events"":5445,""detectors_checked"":6265728}"
     25929,         0,         0,   0.258,exact_mw,cdc4a450a40af8e24899239080e4c40992fb5baf91c5a31ab3a165eacb3a1ab3,"{""distance"":5,""physical_error_rate"":0.0002}","{""detection_events"":5226,""detectors_checked"":5808096}"
     24675,         0,         0,   0.302,exact_mw,cdc4a450a40af8e24899239080e4c40992fb5baf91c5a31ab3a165eacb3a1ab3,"{""distance"":5,""physical_error_rate"":0.0002}","{""detection_events"":4930,""detectors_checked"":5527200}"
     25929,         0,         0,   0.295,exact_mw,cdc4a450a40af8e24899239080e4c40992fb5baf91c5a31ab3a165eacb3a1ab3,"{""distance"":5,""physical_error_rate"":0.0002}","{""detection_events"":5244,""detectors_checked"":5808096}"
     25278,         0,         0,   0.296,exact_mw,cdc4a450a40af8e24899239080e4c40992fb5baf91c5a31ab3a165eacb3a1ab3,"{""distance"":5,""physical_error_rate"":0.0002}","{""detection_events"":4855,""detectors_checked"":5662272}"
     26624,         0,         0,   0.414,exact_mw,cdc4a450a40af8e24899239080e4c40992fb5baf91c5a31ab3a165eacb3a1ab3,"{""distance"":5,""physical_error_rate"":0.0002}","{""detection_events"":5435,""detectors_checked"":5963776}"
     26624,         0,         0,   0.321,exact_mw,cdc4a450a40af8e24899239080e4c40992fb5baf91c5a31ab3a165eacb3a1ab3,"{""distance"":5,""physical_error_rate"":0.0002}","{""detection_events"":5240,""detectors_checked"":5963776}"
     27972,         0,         0,   0.313,exact_mw,cdc4a450a40af8e24899239080e4c40992fb5baf91c5a31ab3a165eacb3a1ab3,"{""distance"":5,""physical_error_rate"":0.0002}","{""detection_events"":5804,""detectors_checked"":6265728}"
     24675,         0,         0,   0.295,exact_mw,cdc4a450a40af8e24899239080e4c40992fb5baf91c5a31ab3a165eacb3a1ab3,"{""distance"":5,""physical_error_rate"":0.0002}","{""detection_events"":4924,""detectors_checked"":5527200}"
     26624,         0,         0,   0.353,exact_mw,cdc4a450a40af8e24899239080e4c40992fb5baf91c5a31ab3a165eacb3a1ab3,"{""distance"":5,""physical_error_rate"":0.0002}","{""detection_events"":5208,""detectors_checked"":5963776}"
     25929,         0,         0,   0.294,exact_mw,cdc4a450a40af8e24899239080e4c40992fb5baf91c5a31ab3a165eacb3a1ab3,"{""distance"":5,""physical_error_rate"":0.0002}","{""detection_events"":5059,""detectors_checked"":5808096}"
     24675,         0,         0,   0.210,exact_mw,cdc4a450a40af8e24899239080e4c40992fb5baf91c5a31ab3a165eacb3a1ab3,"{""distance"":5,""physical_error_rate"":0.0002}","{""detection_events"":4889,""detectors_checked"":5527200}"
     25929,         0,         0,   0.290,exact_mw,cdc4a450a40af8e24899239080e4c40992fb5baf91c5a31ab3a165eacb3a1ab3,"{""distance"":5,""physical_error_rate"":0.0002}","{""detection_events"":5101,""detectors_checked"":5808096}"
     25929,         0,         0,   0.268,exact_mw,cdc4a450a40af8e24899239080e4c40992fb5baf91c5a31ab3a165eacb3a1ab3,"{""distance"":5,""physical_error_rate"":0.0002}","{""detection_events"":4938,""detectors_checked"":5808096}"
     20480,         0,         0,   0.299,exact_mw,cdc4a450a40af8e24899239080e4c40992fb5baf91c5a31ab3a165eacb3a1ab3,"{""distance"":5,""physical_error_rate"":0.0002}","{""detection_events"":4100,""detectors_checked"":4587520}"
     25600,         0,         0,   0.232,exact_mw,cdc4a450a40af8e24899239080e4c40992fb5baf91c5a31ab3a165eacb3a1ab3,"{""distance"":5,""physical_error_rate"":0.0002}","{""detection_events"":5263,""detectors_checked"":5734400}"
     19456,         0,         0,   0.245,exact_mw,cdc4a450a40af8e24899239080e4c40992fb5baf91c5a31ab3a165eacb3a1ab3,"{""distance"":5,""physical_error_rate"":0.0002}","{""detection_events"":3842,""detectors_checked"":4358144}"
     24576,         0,         0,   0.341,exact_mw,cdc4a450a40af8e24899239080e4c40992fb5baf91c5a31ab3a165eacb3a1ab3,"{""distance"":5,""physical_error_rate"":0.0002}","{""detection_events"":4897,""detectors_checked"":5505024}"
     22528,         0,         0,   0.286,exact_mw,cdc4a450a40af8e24899239080e4c40992fb5baf91c5a31ab3a165eacb3a1ab3,"{""distance"":5,""physical_error_rate"":0.0002}","{""detection_events"":4465,""detectors_checked"":5046272}"
        99,         0,         0,   0.001,exact_mw,cdc4a450a40af8e24899239080e4c40992fb5baf91c5a31ab3a165eacb3a1ab3,"{""distance"":5,""physical_error_rate"":0.0002}","{""detection_events"":27,""detectors_checked"":22176}"
      2043,         0,         0,   0.006,exact_mw,cdc4a450a40af8e24899239080e4c40992fb5baf91c5a31ab3a165eacb3a1ab3,"{""distance"":5,""physical_error_rate"":0.0002}","{""detection_events"":350,""detectors_checked"":457632}"
     24576,         0,         0,   0.300,exact_mw,cdc4a450a40af8e24899239080e4c40992fb5baf91c5a31ab3a165eacb3a1ab3,"{""distance"":5,""physical_error_rate"":0.0002}","{""detection_events"":4962,""detectors_checked"":5505024}"
      1857,         0,         0,   0.007,exact_mw,cdc4a450a40af8e24899239080e4c40992fb5baf91c5a31ab3a165eacb3a1ab3,"{""distance"":5,""physical_error_rate"":0.0002}","{""detection_events"":388,""detectors_checked"":415968}"
     17446,         0,         0,   0.175,exact_mw,cdc4a450a40af8e24899239080e4c40992fb5baf91c5a31ab3a165eacb3a1ab3,"{""distance"":5,""physical_error_rate"":0.0002}","{""detection_events"":3415,""detectors_checked"":3907904}"
      3297,         0,         0,   0.009,exact_mw,cdc4a450a40af8e24899239080e4c40992fb5baf91c5a31ab3a165eacb3a1ab3,"{""distance"":5,""physical_error_rate"":0.0002}","{""detection_events"":587,""detectors_checked"":738528}"
      2043,         0,         0,   0.011,exact_mw,cdc4a450a40af8e24899239080e4c40992fb5baf91c5a31ab3a165eacb3a1ab3,"{""distance"":5,""physical_error_rate"":0.0002}","{""detection_events"":394,""detectors_checked"":457632}"
       450,         0,         0,   0.001,exact_mw,cdc4a450a40af8e24899239080e4c40992fb5baf91c5a31ab3a165eacb3a1ab3,"{""distance"":5,""physical_error_rate"":0.0002}","{""detection_events"":77,""detectors_checked"":100800}"
      2043,         0,         0,   0.006,exact_mw,cdc4a450a40af8e24899239080e4c40992fb5baf91c5a31ab3a165eacb3a1ab3,"{""distance"":5,""physical_error_rate"":0.0002}","{""detection_events"":447,""detectors_checked"":457632}"
     22528,         0,         0,   0.311,exact_mw,cdc4a450a40af8e24899239080e4c40992fb5baf91c5a31ab3a165eacb3a1ab3,"{""distance"":5,""physical_error_rate"":0.0002}","{""detection_events"":4602,""detectors_checked"":5046272}"
      3391,         0,         0,   0.014,exact_mw,cdc4a450a40af8e24899239080e4c40992fb5baf91c5a31ab3a165eacb3a1ab3,"{""distance"":5,""physical_error_rate"":0.0002}","{""detection_events"":630,""detectors_checked"":759584}"
     13756,         0,         0,   0.084,exact_mw,cdc4a450a40af8e24899239080e4c40992fb5baf91c5a31ab3a165eacb3a1ab3,"{""distance"":5,""physical_error_rate"":0.0002}","{""detection_events"":2819,""detectors_checked"":3081344}"
      4042,         0,         0,   0.023,exact_mw,cdc4a450a40af8e24899239080e4c40992fb5baf91c5a31ab3a165eacb3a1ab3,"{""distance"":5,""physical_error_rate"":0.0002}","{""detection_events"":759,""detectors_checked"":905408}"
       718,         0,         0,   0.002,exact_mw,cdc4a450a40af8e24899239080e4c40992fb5baf91c5a31ab3a165eacb3a1ab3,"{""distance"":5,""physical_error_rate"":0.0002}","{""detection_events"":133,""detectors_checked"":160832}"
     21672,         0,         0,   0.305,exact_mw,cdc4a450a40af8e24899239080e4c40992fb5baf91c5a31ab3a165eacb3a1ab3,"{""distance"":5,""physical_error_rate"":0.0002}","{""detection_events"":4193,""detectors_checked"":4854528}"
      1348,         0,         0,   0.012,exact_mw,cdc4a450a40af8e24899239080e4c40992fb5baf91c5a31ab3a165eacb3a1ab3,"{""distance"":5,""physical_error_rate"":0.0002}","{""detection_events"":242,""detectors_checked"":301952}"
       980,         0,         0,   0.003,exact_mw,cdc4a450a40af8e24899239080e4c40992fb5baf91c5a31ab3a165eacb3a1ab3,"{""distance"":5,""physical_error_rate"":0.0002}","{""detection_events"":220,""detectors_checked"":219520}"
      3297,         0,         0,   0.012,exact_mw,cdc4a450a40af8e24899239080e4c40992fb5baf91c5a31ab3a165eacb3a1ab3,"{""distance"":5,""physical_error_rate"":0.0002}","{""detection_events"":661,""detectors_checked"":738528}"
     18432,         0,         0,   0.261,exact_mw,cdc4a450a40af8e24899239080e4c40992fb5baf91c5a31ab3a165eacb3a1ab3,"{""distance"":5,""physical_error_rate"":0.0002}","{""detection_events"":3588,""detectors_checked"":4128768}"
     17408,         0,         0,   0.176,exact_mw,cdc4a450a40af8e24899239080e4c40992fb5baf91c5a31ab3a165eacb3a1ab3,"{""distance"":5,""physical_error_rate"":0.0002}","{""detection_events"":3366,""detectors_checked"":3899392}"
     15360,         0,         0,   0.369,exact_mw,cdc4a450a40af8e24899239080e4c40992fb5baf91c5a31ab3a165eacb3a1ab3,"{""distance"":5,""physical_error_rate"":0.0002}","{""detection_events"":3072,""detectors_checked"":3440640}"
       465,         0,         0,   0.001,exact_mw,cdc4a450a40af8e24899239080e4c40992fb5baf91c5a31ab3a165eacb3a1ab3,"{""distance"":5,""physical_error_rate"":0.0002}","{""detection_events"":97,""detectors_checked"":104160}"
      4086,         0,         0,   0.013,exact_mw,cdc4a450a40af8e24899239080e4c40992fb5baf91c5a31ab3a165eacb3a1ab3,"{""distance"":5,""physical_error_rate"":0.0002}","{""detection_events"":797,""detectors_checked"":915264}"
     13632,         0,         0,   0.086,exact_mw,cdc4a450a40af8e24899239080e4c40992fb5baf91c5a31ab3a165eacb3a1ab3,"{""distance"":5,""physical_error_rate"":0.0002}","{""detection_events"":2544,""detectors_checked"":3053568}"
      3690,         0,         0,   0.010,exact_mw,cdc4a450a40af8e24899239080e4c40992fb5baf91c5a31ab3a165eacb3a1ab3,"{""distance"":5,""physical_error_rate"":0.0002}","{""detection_events"":769,""detectors_checked"":826560}"
     22911,         0,         0,   0.311,exact_mw,cdc4a450a40af8e24899239080e4c40992fb5baf91c5a31ab3a165eacb3a1ab3,"{""distance"":5,""physical_error_rate"":0.0002}","{""detection_events"":4470,""detectors_checked"":5132064}"
     19456,         0,         0,   0.196,exact_mw,cdc4a450a40af8e24899239080e4c40992fb5baf91c5a31ab3a165eacb3a1ab3,"{""distance"":5,""physical_error_rate"":0.0002}","{""detection_events"":3934,""detectors_checked"":4358144}"
     17408,         0,         0,   0.298,exact_mw,cdc4a450a40af8e24899239080e4c40992fb5baf91c5a31ab3a165eacb3a1ab3,"{""distance"":5,""physical_error_rate"":0.0002}","{""detection_events"":3411,""detectors_checked"":3899392}"
      1828,         0,         0,   0.020,exact_mw,cdc4a450a40af8e24899239080e4c40992fb5baf91c5a31ab3a165eacb3a1ab3,"{""distance"":5,""physical_error_rate"":0.0002}","{""detection_events"":363,""detectors_checked"":409472}"
     22528,         0,         0,   0.267,exact_mw,cdc4a450a40af8e24899239080e4c40992fb5baf91c5a31ab3a165eacb3a1ab3,"{""distance"":5,""physical_error_rate"":0.0002}","{""detection_events"":4622,""detectors_checked"":5046272}"
     16384,         0,         0,   0.181,exact_mw,cdc4a450a40af8e24899239080e4c40992fb5baf91c5a31ab3a165eacb3a1ab3,"{""distance"":5,""physical_error_rate"":0.0002}","{""detection_events"":3201,""detectors_checked"":3670016}"
      3576,         0,         0,   0.011,exact_mw,cdc4a450a40af8e24899239080e4c40992fb5baf91c5a31ab3a165eacb3a1ab3,"{""distance"":5,""physical_error_rate"":0.0002}","{""detection_events"":682,""detectors_checked"":801024}"
      1353,         0,         0,   0.004,exact_mw,cdc4a450a40af8e24899239080e4c40992fb5baf91c5a31ab3a165eacb3a1ab3,"{""distance"":5,""physical_error_rate"":0.0002}","{""detection_events"":317,""detectors_checked"":303072}"
       220,         0,         0,   0.001,exact_mw,cdc4a450a40af8e24899239080e4c40992fb5baf91c5a31ab3a165eacb3a1ab3,"{""distance"":5,""physical_error_rate"":0.0002}","{""detection_events"":27,""detectors_checked"":49280}"
      1719,         0,         0,   0.005,exact_mw,cdc4a450a40af8e24899239080e4c40992fb5baf91c5a31ab3a165eacb3a1ab3,"{""distance"":5,""physical_error_rate"":0.0002}","{""detection_events"":389,""detectors_checked"":385056}"
      3401,         0,         0,   0.010,exact_mw,cdc4a450a40af8e24899239080e4c40992fb5baf91c5a31ab3a165eacb3a1ab3,"{""distance"":5,""physical_error_rate"":0.0002}","{""detection_events"":653,""detectors_checked"":761824}"
       449,         0,         0,   0.001,exact_mw,cdc4a450a40af8e24899239080e4c40992fb5baf91c5a31ab3a165eacb3a1ab3,"{""distance"":5,""physical_error_rate"":0.0002}","{""detection_events"":110,""detectors_checked"":100576}"
      2147,         0,         0,   0.027,exact_mw,cdc4a450a40af8e24899239080e4c40992fb5baf91c5a31ab3a165eacb3a1ab3,"{""distance"":5,""physical_error_rate"":0.0002}","{""detection_events"":428,""detectors_checked"":480928}"
       530,         0,         0,   0.002,exact_mw,cdc4a450a40af8e24899239080e4c40992fb5baf91c5a31ab3a165eacb3a1ab3,"{""distance"":5,""physical_error_rate"":0.0002}","{""detection_events"":75,""detectors_checked"":118720}"
     12971,         0,         0,   0.143,exact_mw,cdc4a450a40af8e24899239080e4c40992fb5baf91c5a31ab3a165eacb3a1ab3,"{""distance"":5,""physical_error_rate"":0.0002}","{""detection_events"":2634,""detectors_checked"":2905504}"
      4257,         0,         0,   0.012,exact_mw,cdc4a450a40af8e24899239080e4c40992fb5baf91c5a31ab3a165eacb3a1ab3,"{""distance"":5,""physical_error_rate"":0.0002}","{""detection_events"":870,""detectors_checked"":953568}"
     14336,         0,         0,   0.147,exact_mw,cdc4a450a40af8e24899239080e4c40992fb5baf91c5a31ab3a165eacb3a1ab3,"{""distance"":5,""physical_error_rate"":0.0002}","{""detection_events"":2663,""detectors_checked"":3211264}"
     21504,         0,         0,   0.261,exact_mw,cdc4a450a40af8e24899239080e4c40992fb5baf91c5a31ab3a165eacb3a1ab3,"{""distance"":5,""physical_error_rate"":0.0002}","{""detection_events"":3866,""detectors_checked"":4816896}"
       564,         0,         0,   0.002,exact_mw,cdc4a450a40af8e24899239080e4c40992fb5baf91c5a31ab3a165eacb3a1ab3,"{""distance"":5,""physical_error_rate"":0.0002}","{""detection_events"":118,""detectors_checked"":126336}"
      4264,         0,         0,   0.011,exact_mw,cdc4a450a40af8e24899239080e4c40992fb5baf91c5a31ab3a165eacb3a1ab3,"{""distance"":5,""physical_error_rate"":0.0002}","{""detection_events"":927,""detectors_checked"":955136}"
       277,         0,         0,   0.001,exact_mw,cdc4a450a40af8e24899239080e4c40992fb5baf91c5a31ab3a165eacb3a1ab3,"{""distance"":5,""physical_error_rate"":0.0002}","{""detection_events"":52,""detectors_checked"":62048}"
        79,         0,         0,   0.000,exact_mw,cdc4a450a40af8e24899239080e4c40992fb5baf91c5a31ab3a165eacb3a1ab3,"{""distance"":5,""physical_error_rate"":0.0002}","{""detection_events"":16,""detectors_checked"":17696}"
      2043,         0,         0,   0.006,exact_mw,cdc4a450a40af8e24899239080e4c40992fb5baf91c5a31ab3a165eacb3a1ab3,"{""distance"":5,""physical_error_rate"":0.0002}","{""detection_events"":416,""detectors_checked"":457632}"
      7157,         0,         0,   0.078,exact_mw,cdc4a450a40af8e24899239080e4c40992fb5baf91c5a31ab3a165eacb3a1ab3,"{""distance"":5,""physical_error_rate"":0.0002}","{""detection_events"":1457,""detectors_checked"":1603168}"
       406,         0,         0,   0.001,exact_mw,cdc4a450a40af8e24899239080e4c40992fb5baf91c5a31ab3a165eacb3a1ab3,"{""distance"":5,""physical_error_rate"":0.0002}","{""detection_events"":42,""detectors_checked"":90944}"
      3018,         0,         0,   0.009,exact_mw,cdc4a450a40af8e24899239080e4c40992fb5baf91c5a31ab3a165eacb3a1ab3,"{""distance"":5,""physical_error_rate"":0.0002}","{""detection_events"":578,""detectors_checked"":676032}"
      2186,         0,         0,   0.006,exact_mw,cdc4a450a40af8e24899239080e4c40992fb5baf91c5a31ab3a165eacb3a1ab3,"{""distance"":5,""physical_error_rate"":0.0002}","{""detection_events"":408,""detectors_checked"":489664}"
       151,         0,         0,   0.001,exact_mw,cdc4a450a40af8e24899239080e4c40992fb5baf91c5a31ab3a165eacb3a1ab3,"{""distance"":5,""physical_error_rate"":0.0002}","{""detection_events"":36,""detectors_checked"":33824}"
     21504,         0,         0,   0.332,exact_mw,cdc4a450a40af8e24899239080e4c40992fb5baf91c5a31ab3a165eacb3a1ab3,"{""distance"":5,""physical_error_rate"":0.0002}","{""detection_events"":4255,""detectors_checked"":4816896}"
      7157,         0,         0,   0.033,exact_mw,cdc4a450a40af8e24899239080e4c40992fb5baf91c5a31ab3a165eacb3a1ab3,"{""distance"":5,""physical_error_rate"":0.0002}","{""detection_events"":1507,""detectors_checked"":1603168}"
       215,         0,         0,   0.001,exact_mw,cdc4a450a40af8e24899239080e4c40992fb5baf91c5a31ab3a165eacb3a1ab3,"{""distance"":5,""physical_error_rate"":0.0002}","{""detection_events"":66,""detectors_checked"":48160}"
      7557,         0,         0,   0.089,exact_mw,cdc4a450a40af8e24899239080e4c40992fb5baf91c5a31ab3a165eacb3a1ab3,"{""distance"":5,""physical_error_rate"":0.0002}","{""detection_events"":1465,""detectors_checked"":1692768}"
      1828,         0,         0,   0.005,exact_mw,cdc4a450a40af8e24899239080e4c40992fb5baf91c5a31ab3a165eacb3a1ab3,"{""distance"":5,""physical_error_rate"":0.0002}","{""detection_events"":384,""detectors_checked"":409472}"
      2538,         0,         0,   0.012,exact_mw,cdc4a450a40af8e24899239080e4c40992fb5baf91c5a31ab3a165eacb3a1ab3,"{""distance"":5,""physical_error_rate"":0.0002}","{""detection_events"":456,""detectors_checked"":568512}"
      3040,         0,         0,   0.014,exact_mw,cdc4a450a40af8e24899239080e4c40992fb5baf91c5a31ab3a165eacb3a1ab3,"{""distance"":5,""physical_error_rate"":0.0002}","{""detection_events"":611,""detectors_checked"":680960}"
      3723,         0,         0,   0.010,exact_mw,cdc4a450a40af8e24899239080e4c40992fb5baf91c5a31ab3a165eacb3a1ab3,"{""distance"":5,""physical_error_rate"":0.0002}","{""detection_events"":694,""detectors_checked"":833952}"
        13,         0,         0,   0.000,exact_mw,cdc4a450a40af8e24899239080e4c40992fb5baf91c5a31ab3a165eacb3a1ab3,"{""distance"":5,""physical_error_rate"":0.0002}","{""detection_events"":4,""detectors_checked"":2912}"
         5,         0,         0,   0.000,exact_mw,cdc4a450a40af8e24899239080e4c40992fb5baf91c5a31ab3a165eacb3a1ab3,"{""distance"":5,""physical_error_rate"":0.0002}","{""detectors_checked"":1120}"
        72,         0,         0,   0.000,exact_mw,cdc4a450a40af8e24899239080e4c40992fb5baf91c5a31ab3a165eacb3a1ab3,"{""distance"":5,""physical_error_rate"":0.0002}","{""detection_events"":16,""detectors_checked"":16128}"
       712,         0,         0,   0.002,exact_mw,cdc4a450a40af8e24899239080e4c40992fb5baf91c5a31ab3a165eacb3a1ab3,"{""distance"":5,""physical_error_rate"":0.0002}","{""detection_events"":116,""detectors_checked"":159488}"
    513024,         0,         0,    31.7,exact_mw,cb12ae119b9b2ba18d0216e7235b403229e92fd0743ede48fe7f1a2c6f45d594,"{""distance"":5,""physical_error_rate"":0.0005}","{""detection_events"":250646,""detectors_checked"":114917376}"
      1573,         0,         0,   0.024,exact_mw,cdc4a450a40af8e24899239080e4c40992fb5baf91c5a31ab3a165eacb3a1ab3,"{""distance"":5,""physical_error_rate"":0.0002}","{""detection_events"":270,""detectors_checked"":352352}"
      6323,         0,         0,   0.061,exact_mw,cdc4a450a40af8e24899239080e4c40992fb5baf91c5a31ab3a165eacb3a1ab3,"{""distance"":5,""physical_error_rate"":0.0002}","{""detection_events"":1194,""detectors_checked"":1416352}"
      6291,         0,         0,   0.060,exact_mw,cdc4a450a40af8e24899239080e4c40992fb5baf91c5a31ab3a165eacb3a1ab3,"{""distance"":5,""physical_error_rate"":0.0002}","{""detection_events"":1244,""detectors_checked"":1409184}"
     12005,         0,         0,   0.211,exact_mw,cdc4a450a40af8e24899239080e4c40992fb5baf91c5a31ab3a165eacb3a1ab3,"{""distance"":5,""physical_error_rate"":0.0002}","{""detection_events"":2416,""detectors_checked"":2689120}"
       597,         0,         0,   0.002,exact_mw,cdc4a450a40af8e24899239080e4c40992fb5baf91c5a31ab3a165eacb3a1ab3,"{""distance"":5,""physical_error_rate"":0.0002}","{""detection_events"":101,""detectors_checked"":133728}"
        47,         0,         0,   0.000,exact_mw,cdc4a450a40af8e24899239080e4c40992fb5baf91c5a31ab3a165eacb3a1ab3,"{""distance"":5,""physical_error_rate"":0.0002}","{""detection_events"":15,""detectors_checked"":10528}"
      5120,         0,         0,   0.027,exact_mw,cdc4a450a40af8e24899239080e4c40992fb5baf91c5a31ab3a165eacb3a1ab3,"{""distance"":5,""physical_error_rate"":0.0002}","{""detection_events"":1098,""detectors_checked"":1146880}"
       560,         0,         0,   0.002,exact_mw,cdc4a450a40af8e24899239080e4c40992fb5baf91c5a31ab3a165eacb3a1ab3,"{""distance"":5,""physical_error_rate"":0.0002}","{""detection_events"":116,""detectors_checked"":125440}"
      3145,         0,         0,   0.029,exact_mw,cdc4a450a40af8e24899239080e4c40992fb5baf91c5a31ab3a165eacb3a1ab3,"{""distance"":5,""physical_error_rate"":0.0002}","{""detection_events"":557,""detectors_checked"":704480}"
      1386,         0,         0,   0.004,exact_mw,cdc4a450a40af8e24899239080e4c40992fb5baf91c5a31ab3a165eacb3a1ab3,"{""distance"":5,""physical_error_rate"":0.0002}","{""detection_events"":249,""detectors_checked"":310464}"
       418,         0,         0,   0.001,exact_mw,cdc4a450a40af8e24899239080e4c40992fb5baf91c5a31ab3a165eacb3a1ab3,"{""distance"":5,""physical_error_rate"":0.0002}","{""detection_events"":84,""detectors_checked"":93632}"
      2597,         0,         0,   0.009,exact_mw,cdc4a450a40af8e24899239080e4c40992fb5baf91c5a31ab3a165eacb3a1ab3,"{""distance"":5,""physical_error_rate"":0.0002}","{""detection_events"":480,""detectors_checked"":581728}"
     16384,         0,         0,   0.540,exact_mw,cdc4a450a40af8e24899239080e4c40992fb5baf91c5a31ab3a165eacb3a1ab3,"{""distance"":5,""physical_error_rate"":0.0002}","{""detection_events"":3343,""detectors_checked"":3670016}"
     22528,         0,         0,   0.370,exact_mw,cdc4a450a40af8e24899239080e4c40992fb5baf91c5a31ab3a165eacb3a1ab3,"{""distance"":5,""physical_error_rate"":0.0002}","{""detection_events"":4501,""detectors_checked"":5046272}"
       597,         0,         0,   0.002,exact_mw,cdc4a450a40af8e24899239080e4c40992fb5baf91c5a31ab3a165eacb3a1ab3,"{""distance"":5,""physical_error_rate"":0.0002}","{""detection_events"":132,""detectors_checked"":133728}"
        34,         0,         0,   0.000,exact_mw,cdc4a450a40af8e24899239080e4c40992fb5baf91c5a31ab3a165eacb3a1ab3,"{""distance"":5,""physical_error_rate"":0.0002}","{""detection_events"":1,""detectors_checked"":7616}"
       150,         0,         0,   0.001,exact_mw,cdc4a450a40af8e24899239080e4c40992fb5baf91c5a31ab3a165eacb3a1ab3,"{""distance"":5,""physical_error_rate"":0.0002}","{""detection_events"":41,""detectors_checked"":33600}"
      4042,         0,         0,   0.031,exact_mw,cdc4a450a40af8e24899239080e4c40992fb5baf91c5a31ab3a165eacb3a1ab3,"{""distance"":5,""physical_error_rate"":0.0002}","{""detection_events"":770,""detectors_checked"":905408}"
        25,         0,         0,   0.000,exact_mw,cdc4a450a40af8e24899239080e4c40992fb5baf91c5a31ab3a165eacb3a1ab3,"{""distance"":5,""physical_error_rate"":0.0002}","{""detection_events"":7,""detectors_checked"":5600}"
      6144,         0,         0,   0.050,exact_mw,cdc4a450a40af8e24899239080e4c40992fb5baf91c5a31ab3a165eacb3a1ab3,"{""distance"":5,""physical_error_rate"":0.0002}","{""detection_events"":1244,""detectors_checked"":1376256}"
      3798,         0,         0,   0.011,exact_mw,cdc4a450a40af8e24899239080e4c40992fb5baf91c5a31ab3a165eacb3a1ab3,"{""distance"":5,""physical_error_rate"":0.0002}","{""detection_events"":742,""detectors_checked"":850752}"
      2043,         0,         0,   0.006,exact_mw,cdc4a450a40af8e24899239080e4c40992fb5baf91c5a31ab3a165eacb3a1ab3,"{""distance"":5,""physical_error_rate"":0.0002}","{""detection_events"":419,""detectors_checked"":457632}"
      1439,         0,         0,   0.004,exact_mw,cdc4a450a40af8e24899239080e4c40992fb5baf91c5a31ab3a165eacb3a1ab3,"{""distance"":5,""physical_error_rate"":0.0002}","{""detection_events"":272,""detectors_checked"":322336}"
       167,         0,         0,   0.001,exact_mw,cdc4a450a40af8e24899239080e4c40992fb5baf91c5a31ab3a165eacb3a1ab3,"{""distance"":5,""physical_error_rate"":0.0002}","{""detection_events"":22,""detectors_checked"":37408}"
      6204,         0,         0,   0.065,exact_mw,cdc4a450a40af8e24899239080e4c40992fb5baf91c5a31ab3a165eacb3a1ab3,"{""distance"":5,""physical_error_rate"":0.0002}","{""detection_events"":1268,""detectors_checked"":1389696}"
       869,         0,         0,   0.002,exact_mw,cdc4a450a40af8e24899239080e4c40992fb5baf91c5a31ab3a165eacb3a1ab3,"{""distance"":5,""physical_error_rate"":0.0002}","{""detection_events"":205,""detectors_checked"":194656}"
     13312,         0,         0,   0.240,exact_mw,cdc4a450a40af8e24899239080e4c40992fb5baf91c5a31ab3a165eacb3a1ab3,"{""distance"":5,""physical_error_rate"":0.0002}","{""detection_events"":2593,""detectors_checked"":2981888}"
       426,         0,         0,   0.001,exact_mw,cdc4a450a40af8e24899239080e4c40992fb5baf91c5a31ab3a165eacb3a1ab3,"{""distance"":5,""physical_error_rate"":0.0002}","{""detection_events"":111,""detectors_checked"":95424}"
      6144,         0,         0,   0.045,exact_mw,cdc4a450a40af8e24899239080e4c40992fb5baf91c5a31ab3a165eacb3a1ab3,"{""distance"":5,""physical_error_rate"":0.0002}","{""detection_events"":1179,""detectors_checked"":1376256}"
       612,         0,         0,   0.002,exact_mw,cdc4a450a40af8e24899239080e4c40992fb5baf91c5a31ab3a165eacb3a1ab3,"{""distance"":5,""physical_error_rate"":0.0002}","{""detection_events"":102,""detectors_checked"":137088}"
      4096,         0,         0,   0.038,exact_mw,cdc4a450a40af8e24899239080e4c40992fb5baf91c5a31ab3a165eacb3a1ab3,"{""distance"":5,""physical_error_rate"":0.0002}","{""detection_events"":790,""detectors_checked"":917504}"
      4096,         0,         0,   0.050,exact_mw,cdc4a450a40af8e24899239080e4c40992fb5baf91c5a31ab3a165eacb3a1ab3,"{""distance"":5,""physical_error_rate"":0.0002}","{""detection_events"":797,""detectors_checked"":917504}"
      3798,         0,         0,   0.015,exact_mw,cdc4a450a40af8e24899239080e4c40992fb5baf91c5a31ab3a165eacb3a1ab3,"{""distance"":5,""physical_error_rate"":0.0002}","{""detection_events"":751,""detectors_checked"":850752}"
       167,         0,         0,   0.001,exact_mw,cdc4a450a40af8e24899239080e4c40992fb5baf91c5a31ab3a165eacb3a1ab3,"{""distance"":5,""physical_error_rate"":0.0002}","{""detection_events"":22,""detectors_checked"":37408}"
      3798,         0,         0,   0.016,exact_mw,cdc4a450a40af8e24899239080e4c40992fb5baf91c5a31ab3a165eacb3a1ab3,"{""distance"":5,""physical_error_rate"":0.0002}","{""detection_events"":800,""detectors_checked"":850752}"
       132,         0,         0,   0.001,exact_mw,cdc4a450a40af8e24899239080e4c40992fb5baf91c5a31ab3a165eacb3a1ab3,"{""distance"":5,""physical_error_rate"":0.0002}","{""detection_events"":22,""detectors_checked"":29568}"
      1823,         0,         0,   0.005,exact_mw,cdc4a450a40af8e24899239080e4c40992fb5baf91c5a31ab3a165eacb3a1ab3,"{""distance"":5,""physical_error_rate"":0.0002}","{""detection_events"":366,""detectors_checked"":408352}"
       179,         0,         0,   0.001,exact_mw,cdc4a450a40af8e24899239080e4c40992fb5baf91c5a31ab3a165eacb3a1ab3,"{""distance"":5,""physical_error_rate"":0.0002}","{""detection_events"":61,""detectors_checked"":40096}"
      5120,         0,         0,   0.046,exact_mw,cdc4a450a40af8e24899239080e4c40992fb5baf91c5a31ab3a165eacb3a1ab3,"{""distance"":5,""physical_error_rate"":0.0002}","{""detection_events"":1026,""detectors_checked"":1146880}"
       441,         0,         0,   0.001,exact_mw,cdc4a450a40af8e24899239080e4c40992fb5baf91c5a31ab3a165eacb3a1ab3,"{""distance"":5,""physical_error_rate"":0.0002}","{""detection_events"":64,""detectors_checked"":98784}"
       189,         0,         0,   0.001,exact_mw,cdc4a450a40af8e24899239080e4c40992fb5baf91c5a31ab3a165eacb3a1ab3,"{""distance"":5,""physical_error_rate"":0.0002}","{""detection_events"":27,""detectors_checked"":42336}"
      1082,         0,         0,   0.003,exact_mw,cdc4a450a40af8e24899239080e4c40992fb5baf91c5a31ab3a165eacb3a1ab3,"{""distance"":5,""physical_error_rate"":0.0002}","{""detection_events"":227,""detectors_checked"":242368}"
      1201,         0,         0,   0.003,exact_mw,cdc4a450a40af8e24899239080e4c40992fb5baf91c5a31ab3a165eacb3a1ab3,"{""distance"":5,""physical_error_rate"":0.0002}","{""detection_events"":190,""detectors_checked"":269024}"
     11264,         0,         0,   0.183,exact_mw,cdc4a450a40af8e24899239080e4c40992fb5baf91c5a31ab3a165eacb3a1ab3,"{""distance"":5,""physical_error_rate"":0.0002}","{""detection_events"":2223,""detectors_checked"":2523136}"
       400,         0,         0,   0.001,exact_mw,cdc4a450a40af8e24899239080e4c40992fb5baf91c5a31ab3a165eacb3a1ab3,"{""distance"":5,""physical_error_rate"":0.0002}","{""detection_events"":70,""detectors_checked"":89600}"
       176,         0,         0,   0.001,exact_mw,cdc4a450a40af8e24899239080e4c40992fb5baf91c5a31ab3a165eacb3a1ab3,"{""distance"":5,""physical_error_rate"":0.0002}","{""detection_events"":23,""detectors_checked"":39424}"
      1545,         0,         0,   0.007,exact_mw,cdc4a450a40af8e24899239080e4c40992fb5baf91c5a31ab3a165eacb3a1ab3,"{""distance"":5,""physical_error_rate"":0.0002}","{""detection_events"":352,""detectors_checked"":346080}"
       176,         0,         0,   0.001,exact_mw,cdc4a450a40af8e24899239080e4c40992fb5baf91c5a31ab3a165eacb3a1ab3,"{""distance"":5,""physical_error_rate"":0.0002}","{""detection_events"":48,""detectors_checked"":39424}"
      4121,         0,         0,   0.042,exact_mw,cdc4a450a40af8e24899239080e4c40992fb5baf91c5a31ab3a165eacb3a1ab3,"{""distance"":5,""physical_error_rate"":0.0002}","{""detection_events"":858,""detectors_checked"":923104}"
      1284,         0,         0,   0.004,exact_mw,cdc4a450a40af8e24899239080e4c40992fb5baf91c5a31ab3a165eacb3a1ab3,"{""distance"":5,""physical_error_rate"":0.0002}","{""detection_events"":280,""detectors_checked"":287616}"
      1449,         0,         0,   0.004,exact_mw,cdc4a450a40af8e24899239080e4c40992fb5baf91c5a31ab3a165eacb3a1ab3,"{""distance"":5,""physical_error_rate"":0.0002}","{""detection_events"":268,""detectors_checked"":324576}"
       100,         0,         0,   0.000,exact_mw,cdc4a450a40af8e24899239080e4c40992fb5baf91c5a31ab3a165eacb3a1ab3,"{""distance"":5,""physical_error_rate"":0.0002}","{""detection_events"":21,""detectors_checked"":22400}"
         9,         0,         0,   0.000,exact_mw,cdc4a450a40af8e24899239080e4c40992fb5baf91c5a31ab3a165eacb3a1ab3,"{""distance"":5,""physical_error_rate"":0.0002}","{""detectors_checked"":2016}"
       945,         0,         0,   0.003,exact_mw,cdc4a450a40af8e24899239080e4c40992fb5baf91c5a31ab3a165eacb3a1ab3,"{""distance"":5,""physical_error_rate"":0.0002}","{""detection_events"":188,""detectors_checked"":211680}"
      1024,         0,         0,   0.003,exact_mw,cdc4a450a40af8e24899239080e4c40992fb5baf91c5a31ab3a165eacb3a1ab3,"{""distance"":5,""physical_error_rate"":0.0002}","{""detection_events"":265,""detectors_checked"":229376}"
       524,         0,         0,   0.002,exact_mw,cdc4a450a40af8e24899239080e4c40992fb5baf91c5a31ab3a165eacb3a1ab3,"{""distance"":5,""physical_error_rate"":0.0002}","{""detection_events"":110,""detectors_checked"":117376}"
      5355,         0,         0,   0.062,exact_mw,cdc4a450a40af8e24899239080e4c40992fb5baf91c5a31ab3a165eacb3a1ab3,"{""distance"":5,""physical_error_rate"":0.0002}","{""detection_events"":1012,""detectors_checked"":1199520}"
        28,         0,         0,   0.000,exact_mw,cdc4a450a40af8e24899239080e4c40992fb5baf91c5a31ab3a165eacb3a1ab3,"{""distance"":5,""physical_error_rate"":0.0002}","{""detection_events"":6,""detectors_checked"":6272}"
       954,         0,         0,   0.003,exact_mw,cdc4a450a40af8e24899239080e4c40992fb5baf91c5a31ab3a165eacb3a1ab3,"{""distance"":5,""physical_error_rate"":0.0002}","{""detection_events"":175,""detectors_checked"":213696}"
       524,         0,         0,   0.003,exact_mw,cdc4a450a40af8e24899239080e4c40992fb5baf91c5a31ab3a165eacb3a1ab3,"{""distance"":5,""physical_error_rate"":0.0002}","{""detection_events"":98,""detectors_checked"":117376}"
      1024,         0,         0,   0.003,exact_mw,cdc4a450a40af8e24899239080e4c40992fb5baf91c5a31ab3a165eacb3a1ab3,"{""distance"":5,""physical_error_rate"":0.0002}","{""detection_events"":191,""detectors_checked"":229376}"
      1728,         0,         0,   0.005,exact_mw,cdc4a450a40af8e24899239080e4c40992fb5baf91c5a31ab3a165eacb3a1ab3,"{""distance"":5,""physical_error_rate"":0.0002}","{""detection_events"":319,""detectors_checked"":387072}"
       805,         0,         0,   0.003,exact_mw,cdc4a450a40af8e24899239080e4c40992fb5baf91c5a31ab3a165eacb3a1ab3,"{""distance"":5,""physical_error_rate"":0.0002}","{""detection_events"":181,""detectors_checked"":180320}"
         1,         0,         0,   0.000,exact_mw,cdc4a450a40af8e24899239080e4c40992fb5baf91c5a31ab3a165eacb3a1ab3,"{""distance"":5,""physical_error_rate"":0.0002}","{""detectors_checked"":224}"
        36,         0,         0,   0.000,exact_mw,cdc4a450a40af8e24899239080e4c40992fb5baf91c5a31ab3a165eacb3a1ab3,"{""distance"":5,""physical_error_rate"":0.0002}","{""detection_events"":4,""detectors_checked"":8064}"
      1024,         0,         0,   0.006,exact_mw,cdc4a450a40af8e24899239080e4c40992fb5baf91c5a31ab3a165eacb3a1ab3,"{""distance"":5,""physical_error_rate"":0.0002}","{""detection_events"":213,""detectors_checked"":229376}"
       954,         0,         0,   0.003,exact_mw,cdc4a450a40af8e24899239080e4c40992fb5baf91c5a31ab3a165eacb3a1ab3,"{""distance"":5,""physical_error_rate"":0.0002}","{""detection_events"":186,""detectors_checked"":213696}"
       954,         0,         0,   0.003,exact_mw,cdc4a450a40af8e24899239080e4c40992fb5baf91c5a31ab3a165eacb3a1ab3,"{""distance"":5,""physical_error_rate"":0.0002}","{""detection_events"":224,""detectors_checked"":213696}"
         8,         0,         0,   0.000,exact_mw,cdc4a450a40af8e24899239080e4c40992fb5baf91c5a31ab3a165eacb3a1ab3,"{""distance"":5,""physical_error_rate"":0.0002}","{""detection_events"":5,""detectors_checked"":1792}"
        93,         0,         0,   0.000,exact_mw,cdc4a450a40af8e24899239080e4c40992fb5baf91c5a31ab3a165eacb3a1ab3,"{""distance"":5,""physical_error_rate"":0.0002}","{""detection_events"":9,""detectors_checked"":20832}"
       521,         0,         0,   0.002,exact_mw,cdc4a450a40af8e24899239080e4c40992fb5baf91c5a31ab3a165eacb3a1ab3,"{""distance"":5,""physical_error_rate"":0.0002}","{""detection_events"":101,""detectors_checked"":116704}"
       438,         0,         0,   0.001,exact_mw,cdc4a450a40af8e24899239080e4c40992fb5baf91c5a31ab3a165eacb3a1ab3,"{""distance"":5,""physical_error_rate"":0.0002}","{""detection_events"":70,""detectors_checked"":98112}"
      1452,         0,         0,   0.015,exact_mw,cdc4a450a40af8e24899239080e4c40992fb5baf91c5a31ab3a165eacb3a1ab3,"{""distance"":5,""physical_error_rate"":0.0002}","{""detection_events"":290,""detectors_checked"":325248}"
       954,         0,         0,   0.003,exact_mw,cdc4a450a40af8e24899239080e4c40992fb5baf91c5a31ab3a165eacb3a1ab3,"{""distance"":5,""physical_error_rate"":0.0002}","{""detection_events"":165,""detectors_checked"":213696}"
        94,         0,         0,   0.000,exact_mw,cdc4a450a40af8e24899239080e4c40992fb5baf91c5a31ab3a165eacb3a1ab3,"{""distance"":5,""physical_error_rate"":0.0002}","{""detection_events"":12,""detectors_checked"":21056}"
       270,         0,         0,   0.001,exact_mw,cdc4a450a40af8e24899239080e4c40992fb5baf91c5a31ab3a165eacb3a1ab3,"{""distance"":5,""physical_error_rate"":0.0002}","{""detection_events"":52,""detectors_checked"":60480}"
       805,         0,         0,   0.002,exact_mw,cdc4a450a40af8e24899239080e4c40992fb5baf91c5a31ab3a165eacb3a1ab3,"{""distance"":5,""physical_error_rate"":0.0002}","{""detection_events"":137,""detectors_checked"":180320}"
      4096,         0,         0,   0.059,exact_mw,cdc4a450a40af8e24899239080e4c40992fb5baf91c5a31ab3a165eacb3a1ab3,"{""distance"":5,""physical_error_rate"":0.0002}","{""detection_events"":836,""detectors_checked"":917504}"
         9,         0,         0,   0.000,exact_mw,cdc4a450a40af8e24899239080e4c40992fb5baf91c5a31ab3a165eacb3a1ab3,"{""distance"":5,""physical_error_rate"":0.0002}","{""detectors_checked"":2016}"
        64,         0,         0,   0.000,exact_mw,cdc4a450a40af8e24899239080e4c40992fb5baf91c5a31ab3a165eacb3a1ab3,"{""distance"":5,""physical_error_rate"":0.0002}","{""detection_events"":9,""detectors_checked"":14336}"
        59,         0,         0,   0.000,exact_mw,cdc4a450a40af8e24899239080e4c40992fb5baf91c5a31ab3a165eacb3a1ab3,"{""distance"":5,""physical_error_rate"":0.0002}","{""detection_events"":7,""detectors_checked"":13216}"
       213,         0,         0,   0.001,exact_mw,cdc4a450a40af8e24899239080e4c40992fb5baf91c5a31ab3a165eacb3a1ab3,"{""distance"":5,""physical_error_rate"":0.0002}","{""detection_events"":45,""detectors_checked"":47712}"
         9,         0,         0,   0.000,exact_mw,cdc4a450a40af8e24899239080e4c40992fb5baf91c5a31ab3a165eacb3a1ab3,"{""distance"":5,""physical_error_rate"":0.0002}","{""detectors_checked"":2016}"
       199,         0,         0,   0.001,exact_mw,cdc4a450a40af8e24899239080e4c40992fb5baf91c5a31ab3a165eacb3a1ab3,"{""distance"":5,""physical_error_rate"":0.0002}","{""detection_events"":22,""detectors_checked"":44576}"
         9,         0,         0,   0.000,exact_mw,cdc4a450a40af8e24899239080e4c40992fb5baf91c5a31ab3a165eacb3a1ab3,"{""distance"":5,""physical_error_rate"":0.0002}","{""detection_events"":4,""detectors_checked"":2016}"
        96,         0,         0,   0.000,exact_mw,cdc4a450a40af8e24899239080e4c40992fb5baf91c5a31ab3a165eacb3a1ab3,"{""distance"":5,""physical_error_rate"":0.0002}","{""detection_events"":21,""detectors_checked"":21504}"
       262,         0,         0,   0.001,exact_mw,cdc4a450a40af8e24899239080e4c40992fb5baf91c5a31ab3a165eacb3a1ab3,"{""distance"":5,""physical_error_rate"":0.0002}","{""detection_events"":34,""detectors_checked"":58688}"
       211,         0,         0,   0.001,exact_mw,cdc4a450a40af8e24899239080e4c40992fb5baf91c5a31ab3a165eacb3a1ab3,"{""distance"":5,""physical_error_rate"":0.0002}","{""detection_events"":63,""detectors_checked"":47264}"
        11,         0,         0,   0.000,exact_mw,cdc4a450a40af8e24899239080e4c40992fb5baf91c5a31ab3a165eacb3a1ab3,"{""distance"":5,""physical_error_rate"":0.0002}","{""detection_events"":2,""detectors_checked"":2464}"
       138,         0,         0,   0.001,exact_mw,cdc4a450a40af8e24899239080e4c40992fb5baf91c5a31ab3a165eacb3a1ab3,"{""distance"":5,""physical_error_rate"":0.0002}","{""detection_events"":27,""detectors_checked"":30912}"
        73,         0,         0,   0.000,exact_mw,cdc4a450a40af8e24899239080e4c40992fb5baf91c5a31ab3a165eacb3a1ab3,"{""distance"":5,""physical_error_rate"":0.0002}","{""detection_events"":25,""detectors_checked"":16352}"
       681,         0,         0,   0.002,exact_mw,cdc4a450a40af8e24899239080e4c40992fb5baf91c5a31ab3a165eacb3a1ab3,"{""distance"":5,""physical_error_rate"":0.0002}","{""detection_events"":98,""detectors_checked"":152544}"
       457,         0,         0,   0.001,exact_mw,cdc4a450a40af8e24899239080e4c40992fb5baf91c5a31ab3a165eacb3a1ab3,"{""distance"":5,""physical_error_rate"":0.0002}","{""detection_events"":92,""detectors_checked"":102368}"
       954,         0,         0,   0.003,exact_mw,cdc4a450a40af8e24899239080e4c40992fb5baf91c5a31ab3a165eacb3a1ab3,"{""distance"":5,""physical_error_rate"":0.0002}","{""detection_events"":208,""detectors_checked"":213696}"
       355,         0,         0,   0.001,exact_mw,cdc4a450a40af8e24899239080e4c40992fb5baf91c5a31ab3a165eacb3a1ab3,"{""distance"":5,""physical_error_rate"":0.0002}","{""detection_events"":67,""detectors_checked"":79520}"
       355,         0,         0,   0.001,exact_mw,cdc4a450a40af8e24899239080e4c40992fb5baf91c5a31ab3a165eacb3a1ab3,"{""distance"":5,""physical_error_rate"":0.0002}","{""detection_events"":65,""detectors_checked"":79520}"
       391,         0,         0,   0.001,exact_mw,cdc4a450a40af8e24899239080e4c40992fb5baf91c5a31ab3a165eacb3a1ab3,"{""distance"":5,""physical_error_rate"":0.0002}","{""detection_events"":92,""detectors_checked"":87584}"
       355,         0,         0,   0.001,exact_mw,cdc4a450a40af8e24899239080e4c40992fb5baf91c5a31ab3a165eacb3a1ab3,"{""distance"":5,""physical_error_rate"":0.0002}","{""detection_events"":59,""detectors_checked"":79520}"
       166,         0,         0,   0.001,exact_mw,cdc4a450a40af8e24899239080e4c40992fb5baf91c5a31ab3a165eacb3a1ab3,"{""distance"":5,""physical_error_rate"":0.0002}","{""detection_events"":21,""detectors_checked"":37184}"
       129,         0,         0,   0.001,exact_mw,cdc4a450a40af8e24899239080e4c40992fb5baf91c5a31ab3a165eacb3a1ab3,"{""distance"":5,""physical_error_rate"":0.0002}","{""detection_events"":26,""detectors_checked"":28896}"
        15,         0,         0,   0.000,exact_mw,cdc4a450a40af8e24899239080e4c40992fb5baf91c5a31ab3a165eacb3a1ab3,"{""distance"":5,""physical_error_rate"":0.0002}","{""detection_events"":2,""detectors_checked"":3360}"
       355,         0,         0,   0.001,exact_mw,cdc4a450a40af8e24899239080e4c40992fb5baf91c5a31ab3a165eacb3a1ab3,"{""distance"":5,""physical_error_rate"":0.0002}","{""detection_events"":69,""detectors_checked"":79520}"
       355,         0,         0,   0.001,exact_mw,cdc4a450a40af8e24899239080e4c40992fb5baf91c5a31ab3a165eacb3a1ab3,"{""distance"":5,""physical_error_rate"":0.0002}","{""detection_events"":89,""detectors_checked"":79520}"
        10,         0,         0,   0.000,exact_mw,cdc4a450a40af8e24899239080e4c40992fb5baf91c5a31ab3a165eacb3a1ab3,"{""distance"":5,""physical_error_rate"":0.0002}","{""detectors_checked"":2240}"
       457,         0,         0,   0.002,exact_mw,cdc4a450a40af8e24899239080e4c40992fb5baf91c5a31ab3a165eacb3a1ab3,"{""distance"":5,""physical_error_rate"":0.0002}","{""detection_events"":88,""detectors_checked"":102368}"
       391,         0,         0,   0.003,exact_mw,cdc4a450a40af8e24899239080e4c40992fb5baf91c5a31ab3a165eacb3a1ab3,"{""distance"":5,""physical_error_rate"":0.0002}","{""detection_events"":80,""detectors_checked"":87584}"
         3,         0,         0,   0.000,exact_mw,cdc4a450a40af8e24899239080e4c40992fb5baf91c5a31ab3a165eacb3a1ab3,"{""distance"":5,""physical_error_rate"":0.0002}","{""detection_events"":2,""detectors_checked"":672}"
        12,         0,         0,   0.000,exact_mw,cdc4a450a40af8e24899239080e4c40992fb5baf91c5a31ab3a165eacb3a1ab3,"{""distance"":5,""physical_error_rate"":0.0002}","{""detectors_checked"":2688}"
        12,         0,         0,   0.000,exact_mw,cdc4a450a40af8e24899239080e4c40992fb5baf91c5a31ab3a165eacb3a1ab3,"{""distance"":5,""physical_error_rate"":0.0002}","{""detection_events"":7,""detectors_checked"":2688}"
        12,         0,         0,   0.000,exact_mw,cdc4a450a40af8e24899239080e4c40992fb5baf91c5a31ab3a165eacb3a1ab3,"{""distance"":5,""physical_error_rate"":0.0002}","{""detectors_checked"":2688}"
        23,         0,         0,   0.000,exact_mw,cdc4a450a40af8e24899239080e4c40992fb5baf91c5a31ab3a165eacb3a1ab3,"{""distance"":5,""physical_error_rate"":0.0002}","{""detection_events"":1,""detectors_checked"":5152}"
        12,         0,         0,   0.000,exact_mw,cdc4a450a40af8e24899239080e4c40992fb5baf91c5a31ab3a165eacb3a1ab3,"{""distance"":5,""physical_error_rate"":0.0002}","{""detectors_checked"":2688}"
        12,         0,         0,   0.000,exact_mw,cdc4a450a40af8e24899239080e4c40992fb5baf91c5a31ab3a165eacb3a1ab3,"{""distance"":5,""physical_error_rate"":0.0002}","{""detectors_checked"":2688}"
         2,         0,         0,   0.000,exact_mw,cdc4a450a40af8e24899239080e4c40992fb5baf91c5a31ab3a165eacb3a1ab3,"{""distance"":5,""physical_error_rate"":0.0002}","{""detectors_checked"":448}"
        18,         0,         0,   0.000,exact_mw,cdc4a450a40af8e24899239080e4c40992fb5baf91c5a31ab3a165eacb3a1ab3,"{""distance"":5,""physical_error_rate"":0.0002}","{""detection_events"":4,""detectors_checked"":4032}"
        18,         0,         0,   0.000,exact_mw,cdc4a450a40af8e24899239080e4c40992fb5baf91c5a31ab3a165eacb3a1ab3,"{""distance"":5,""physical_error_rate"":0.0002}","{""detection_events"":2,""detectors_checked"":4032}"
       108,         0,         0,   0.000,exact_mw,cdc4a450a40af8e24899239080e4c40992fb5baf91c5a31ab3a165eacb3a1ab3,"{""distance"":5,""physical_error_rate"":0.0002}","{""detection_events"":23,""detectors_checked"":24192}"
        12,         0,         0,   0.000,exact_mw,cdc4a450a40af8e24899239080e4c40992fb5baf91c5a31ab3a165eacb3a1ab3,"{""distance"":5,""physical_error_rate"":0.0002}","{""detection_events"":4,""detectors_checked"":2688}"
        12,         0,         0,   0.000,exact_mw,cdc4a450a40af8e24899239080e4c40992fb5baf91c5a31ab3a165eacb3a1ab3,"{""distance"":5,""physical_error_rate"":0.0002}","{""detection_events"":2,""detectors_checked"":2688}"
        70,         0,         0,   0.000,exact_mw,cdc4a450a40af8e24899239080e4c40992fb5baf91c5a31ab3a165eacb3a1ab3,"{""distance"":5,""physical_error_rate"":0.0002}","{""detection_events"":12,""detectors_checked"":15680}"
         1,         0,         0,   0.000,exact_mw,cdc4a450a40af8e24899239080e4c40992fb5baf91c5a31ab3a165eacb3a1ab3,"{""distance"":5,""physical_error_rate"":0.0002}","{""detectors_checked"":224}"
         6,         0,         0,   0.000,exact_mw,cdc4a450a40af8e24899239080e4c40992fb5baf91c5a31ab3a165eacb3a1ab3,"{""distance"":5,""physical_error_rate"":0.0002}","{""detection_events"":1,""detectors_checked"":1344}"
         1,         0,         0,   0.000,exact_mw,cdc4a450a40af8e24899239080e4c40992fb5baf91c5a31ab3a165eacb3a1ab3,"{""distance"":5,""physical_error_rate"":0.0002}","{""detectors_checked"":224}"
         1,         0,         0,   0.000,exact_mw,cdc4a450a40af8e24899239080e4c40992fb5baf91c5a31ab3a165eacb3a1ab3,"{""distance"":5,""physical_error_rate"":0.0002}","{""detectors_checked"":224}"
         1,         0,         0,   0.001,exact_mw,cdc4a450a40af8e24899239080e4c40992fb5baf91c5a31ab3a165eacb3a1ab3,"{""distance"":5,""physical_error_rate"":0.0002}","{""detectors_checked"":224}"
         7,         0,         0,   0.000,exact_mw,cdc4a450a40af8e24899239080e4c40992fb5baf91c5a31ab3a165eacb3a1ab3,"{""distance"":5,""physical_error_rate"":0.0002}","{""detection_events"":10,""detectors_checked"":1568}"
         5,         0,         0,   0.000,exact_mw,cdc4a450a40af8e24899239080e4c40992fb5baf91c5a31ab3a165eacb3a1ab3,"{""distance"":5,""physical_error_rate"":0.0002}","{""detectors_checked"":1120}"
         1,         0,         0,   0.000,exact_mw,cdc4a450a40af8e24899239080e4c40992fb5baf91c5a31ab3a165eacb3a1ab3,"{""distance"":5,""physical_error_rate"":0.0002}","{""detectors_checked"":224}"
   1087488,         0,         0,    10.3,exact_mw,70a969f5042aec17ac076c6379f4170fb7c69b8e925756ef3b7334e28a33338b,"{""distance"":5,""physical_error_rate"":0.0001}","{""detection_events"":107741,""detectors_checked"":243597312}"
   1127424,         0,         0,    17.1,exact_mw,70a969f5042aec17ac076c6379f4170fb7c69b8e925756ef3b7334e28a33338b,"{""distance"":5,""physical_error_rate"":0.0001}","{""detection_events"":111320,""detectors_checked"":252542976}"
   1182720,         0,         0,    17.0,exact_mw,70a969f5042aec17ac076c6379f4170fb7c69b8e925756ef3b7334e28a33338b,"{""distance"":5,""physical_error_rate"":0.0001}","{""detection_events"":116686,""detectors_checked"":264929280}"
   5538816,         2,         0,    93.7,exact_mw,cb12ae119b9b2ba18d0216e7235b403229e92fd0743ede48fe7f1a2c6f45d594,"{""distance"":5,""physical_error_rate"":0.0005}","{""detection_events"":2725749,""detectors_checked"":1240694784,""obs_mistake_mask=E"":2}"
    999424,         0,         0,    16.7,exact_mw,70a969f5042aec17ac076c6379f4170fb7c69b8e925756ef3b7334e28a33338b,"{""distance"":5,""physical_error_rate"":0.0001}","{""detection_events"":98887,""detectors_checked"":223870976}"
   5383168,         2,         0,   118.3,exact_mw,cb12ae119b9b2ba18d0216e7235b403229e92fd0743ede48fe7f1a2c6f45d594,"{""distance"":5,""physical_error_rate"":0.0005}","{""detection_events"":2649747,""detectors_checked"":1205829632,""obs_mistake_mask=E"":2}"
   1214464,         0,         0,    16.5,exact_mw,70a969f5042aec17ac076c6379f4170fb7c69b8e925756ef3b7334e28a33338b,"{""distance"":5,""physical_error_rate"":0.0001}","{""detection_events"":120374,""detectors_checked"":272039936}"
    898048,         0,         0,    17.0,exact_mw,70a969f5042aec17ac076c6379f4170fb7c69b8e925756ef3b7334e28a33338b,"{""distance"":5,""physical_error_rate"":0.0001}","{""detection_events"":88184,""detectors_checked"":201162752}"
    859136,         0,         0,    10.7,exact_mw,70a969f5042aec17ac076c6379f4170fb7c69b8e925756ef3b7334e28a33338b,"{""distance"":5,""physical_error_rate"":0.0001}","{""detection_events"":85603,""detectors_checked"":192446464}"
   6804480,         2,         0,    84.2,exact_mw,cb12ae119b9b2ba18d0216e7235b403229e92fd0743ede48fe7f1a2c6f45d594,"{""distance"":5,""physical_error_rate"":0.0005}","{""detection_events"":3352926,""detectors_checked"":1524203520,""obs_mistake_mask=E"":2}"
    990208,         0,         0,    15.5,exact_mw,70a969f5042aec17ac076c6379f4170fb7c69b8e925756ef3b7334e28a33338b,"{""distance"":5,""physical_error_rate"":0.0001}","{""detection_events"":97706,""detectors_checked"":221806592}"
   6124544,         4,         0,    58.6,exact_mw,cb12ae119b9b2ba18d0216e7235b403229e92fd0743ede48fe7f1a2c6f45d594,"{""distance"":5,""physical_error_rate"":0.0005}","{""detection_events"":3012959,""detectors_checked"":1371897856,""obs_mistake_mask=E"":4}"
   1104896,         0,         0,    10.5,exact_mw,70a969f5042aec17ac076c6379f4170fb7c69b8e925756ef3b7334e28a33338b,"{""distance"":5,""physical_error_rate"":0.0001}","{""detection_events"":108471,""detectors_checked"":247496704}"
    946176,         0,         0,    39.5,exact_mw,70a969f5042aec17ac076c6379f4170fb7c69b8e925756ef3b7334e28a33338b,"{""distance"":5,""physical_error_rate"":0.0001}","{""detection_events"":93277,""detectors_checked"":211943424}"
    783360,         0,         0,    8.49,exact_mw,70a969f5042aec17ac076c6379f4170fb7c69b8e925756ef3b7334e28a33338b,"{""distance"":5,""physical_error_rate"":0.0001}","{""detection_events"":78705,""detectors_checked"":175472640}"
    846973,         0,         0,    8.49,exact_mw,70a969f5042aec17ac076c6379f4170fb7c69b8e925756ef3b7334e28a33338b,"{""distance"":5,""physical_error_rate"":0.0001}","{""detection_events"":82951,""detectors_checked"":189721952}"
    771072,         0,         0,    10.5,exact_mw,70a969f5042aec17ac076c6379f4170fb7c69b8e925756ef3b7334e28a33338b,"{""distance"":5,""physical_error_rate"":0.0001}","{""detection_events"":76292,""detectors_checked"":172720128}"
    752640,         0,         0,    10.6,exact_mw,70a969f5042aec17ac076c6379f4170fb7c69b8e925756ef3b7334e28a33338b,"{""distance"":5,""physical_error_rate"":0.0001}","{""detection_events"":74706,""detectors_checked"":168591360}"
    801792,         0,         0,    7.88,exact_mw,70a969f5042aec17ac076c6379f4170fb7c69b8e925756ef3b7334e28a33338b,"{""distance"":5,""physical_error_rate"":0.0001}","{""detection_events"":79788,""detectors_checked"":179601408}"
    749568,         0,         0,    8.59,exact_mw,70a969f5042aec17ac076c6379f4170fb7c69b8e925756ef3b7334e28a33338b,"{""distance"":5,""physical_error_rate"":0.0001}","{""detection_events"":74596,""detectors_checked"":167903232}"
    708608,         0,         0,    7.96,exact_mw,70a969f5042aec17ac076c6379f4170fb7c69b8e925756ef3b7334e28a33338b,"{""distance"":5,""physical_error_rate"":0.0001}","{""detection_events"":69702,""detectors_checked"":158728192}"
    658843,         0,         0,    7.75,exact_mw,70a969f5042aec17ac076c6379f4170fb7c69b8e925756ef3b7334e28a33338b,"{""distance"":5,""physical_error_rate"":0.0001}","{""detection_events"":64377,""detectors_checked"":147580832}"
    589429,         0,         0,    7.58,exact_mw,70a969f5042aec17ac076c6379f4170fb7c69b8e925756ef3b7334e28a33338b,"{""distance"":5,""physical_error_rate"":0.0001}","{""detection_events"":58180,""detectors_checked"":132032096}"
    580219,         0,         0,    5.95,exact_mw,70a969f5042aec17ac076c6379f4170fb7c69b8e925756ef3b7334e28a33338b,"{""distance"":5,""physical_error_rate"":0.0001}","{""detection_events"":57019,""detectors_checked"":129969056}"
    572416,         0,         0,    7.12,exact_mw,70a969f5042aec17ac076c6379f4170fb7c69b8e925756ef3b7334e28a33338b,"{""distance"":5,""physical_error_rate"":0.0001}","{""detection_events"":55818,""detectors_checked"":128221184}"
    580219,         0,         0,    7.46,exact_mw,70a969f5042aec17ac076c6379f4170fb7c69b8e925756ef3b7334e28a33338b,"{""distance"":5,""physical_error_rate"":0.0001}","{""detection_events"":57227,""detectors_checked"":129969056}"
    553143,         0,         0,    9.53,exact_mw,70a969f5042aec17ac076c6379f4170fb7c69b8e925756ef3b7334e28a33338b,"{""distance"":5,""physical_error_rate"":0.0001}","{""detection_events"":54752,""detectors_checked"":123904032}"
    547840,         0,         0,    6.26,exact_mw,70a969f5042aec17ac076c6379f4170fb7c69b8e925756ef3b7334e28a33338b,"{""distance"":5,""physical_error_rate"":0.0001}","{""detection_events"":53786,""detectors_checked"":122716160}"
    544500,         1,         0,    6.59,exact_mw,70a969f5042aec17ac076c6379f4170fb7c69b8e925756ef3b7334e28a33338b,"{""distance"":5,""physical_error_rate"":0.0001}","{""detection_events"":54197,""detectors_checked"":121968000,""obs_mistake_mask=E"":1}"
    541696,         0,         0,    10.1,exact_mw,70a969f5042aec17ac076c6379f4170fb7c69b8e925756ef3b7334e28a33338b,"{""distance"":5,""physical_error_rate"":0.0001}","{""detection_events"":53746,""detectors_checked"":121339904}"
    527432,         0,         0,    7.41,exact_mw,70a969f5042aec17ac076c6379f4170fb7c69b8e925756ef3b7334e28a33338b,"{""distance"":5,""physical_error_rate"":0.0001}","{""detection_events"":51643,""detectors_checked"":118144768}"
    512000,         0,         0,    6.91,exact_mw,70a969f5042aec17ac076c6379f4170fb7c69b8e925756ef3b7334e28a33338b,"{""distance"":5,""physical_error_rate"":0.0001}","{""detection_events"":51185,""detectors_checked"":114688000}"
    510976,         0,         0,    6.85,exact_mw,70a969f5042aec17ac076c6379f4170fb7c69b8e925756ef3b7334e28a33338b,"{""distance"":5,""physical_error_rate"":0.0001}","{""detection_events"":50772,""detectors_checked"":114458624}"
      3345,         0,         0,   0.023,exact_mw,70a969f5042aec17ac076c6379f4170fb7c69b8e925756ef3b7334e28a33338b,"{""distance"":5,""physical_error_rate"":0.0001}","{""detection_events"":297,""detectors_checked"":749280}"
      4096,         0,         0,   0.025,exact_mw,70a969f5042aec17ac076c6379f4170fb7c69b8e925756ef3b7334e28a33338b,"{""distance"":5,""physical_error_rate"":0.0001}","{""detection_events"":412,""detectors_checked"":917504}"
      4096,         0,         0,   0.024,exact_mw,70a969f5042aec17ac076c6379f4170fb7c69b8e925756ef3b7334e28a33338b,"{""distance"":5,""physical_error_rate"":0.0001}","{""detection_events"":357,""detectors_checked"":917504}"
      5120,         0,         0,   0.028,exact_mw,70a969f5042aec17ac076c6379f4170fb7c69b8e925756ef3b7334e28a33338b,"{""distance"":5,""physical_error_rate"":0.0001}","{""detection_events"":550,""detectors_checked"":1146880}"
      8192,         0,         0,   0.049,exact_mw,70a969f5042aec17ac076c6379f4170fb7c69b8e925756ef3b7334e28a33338b,"{""distance"":5,""physical_error_rate"":0.0001}","{""detection_events"":792,""detectors_checked"":1835008}"
     10240,         0,         0,   0.055,exact_mw,70a969f5042aec17ac076c6379f4170fb7c69b8e925756ef3b7334e28a33338b,"{""distance"":5,""physical_error_rate"":0.0001}","{""detection_events"":1031,""detectors_checked"":2293760}"
     13312,         0,         0,   0.076,exact_mw,70a969f5042aec17ac076c6379f4170fb7c69b8e925756ef3b7334e28a33338b,"{""distance"":5,""physical_error_rate"":0.0001}","{""detection_events"":1241,""detectors_checked"":2981888}"
    510727,         0,         0,    4.41,exact_mw,70a969f5042aec17ac076c6379f4170fb7c69b8e925756ef3b7334e28a33338b,"{""distance"":5,""physical_error_rate"":0.0001}","{""detection_events"":50347,""detectors_checked"":114402848}"
    491520,         0,         0,    7.24,exact_mw,70a969f5042aec17ac076c6379f4170fb7c69b8e925756ef3b7334e28a33338b,"{""distance"":5,""physical_error_rate"":0.0001}","{""detection_events"":47996,""detectors_checked"":110100480}"
    503808,         0,         0,    9.59,exact_mw,70a969f5042aec17ac076c6379f4170fb7c69b8e925756ef3b7334e28a33338b,"{""distance"":5,""physical_error_rate"":0.0001}","{""detection_events"":49904,""detectors_checked"":112852992}"
     17408,         0,         0,   0.102,exact_mw,70a969f5042aec17ac076c6379f4170fb7c69b8e925756ef3b7334e28a33338b,"{""distance"":5,""physical_error_rate"":0.0001}","{""detection_events"":1679,""detectors_checked"":3899392}"
     17408,         0,         0,   0.149,exact_mw,70a969f5042aec17ac076c6379f4170fb7c69b8e925756ef3b7334e28a33338b,"{""distance"":5,""physical_error_rate"":0.0001}","{""detection_events"":1776,""detectors_checked"":3899392}"
      1297,         0,         0,   0.024,exact_mw,cb12ae119b9b2ba18d0216e7235b403229e92fd0743ede48fe7f1a2c6f45d594,"{""distance"":5,""physical_error_rate"":0.0005}","{""detection_events"":673,""detectors_checked"":290528}"
      3345,         0,         0,   0.028,exact_mw,cb12ae119b9b2ba18d0216e7235b403229e92fd0743ede48fe7f1a2c6f45d594,"{""distance"":5,""physical_error_rate"":0.0005}","{""detection_events"":1771,""detectors_checked"":749280}"
      4096,         0,         0,   0.028,exact_mw,cb12ae119b9b2ba18d0216e7235b403229e92fd0743ede48fe7f1a2c6f45d594,"{""distance"":5,""physical_error_rate"":0.0005}","{""detection_events"":2084,""detectors_checked"":917504}"
      3072,         0,         0,   0.029,exact_mw,cb12ae119b9b2ba18d0216e7235b403229e92fd0743ede48fe7f1a2c6f45d594,"{""distance"":5,""physical_error_rate"":0.0005}","{""detection_events"":1622,""detectors_checked"":688128}"
      3072,         0,         0,   0.030,exact_mw,cb12ae119b9b2ba18d0216e7235b403229e92fd0743ede48fe7f1a2c6f45d594,"{""distance"":5,""physical_error_rate"":0.0005}","{""detection_events"":1425,""detectors_checked"":688128}"
      4096,         0,         0,   0.028,exact_mw,cb12ae119b9b2ba18d0216e7235b403229e92fd0743ede48fe7f1a2c6f45d594,"{""distance"":5,""physical_error_rate"":0.0005}","{""detection_events"":2018,""detectors_checked"":917504}"
      5120,         0,         0,   0.031,exact_mw,cb12ae119b9b2ba18d0216e7235b403229e92fd0743ede48fe7f1a2c6f45d594,"{""distance"":5,""physical_error_rate"":0.0005}","{""detection_events"":2463,""detectors_checked"":1146880}"
      3072,         0,         0,   0.028,exact_mw,cb12ae119b9b2ba18d0216e7235b403229e92fd0743ede48fe7f1a2c6f45d594,"{""distance"":5,""physical_error_rate"":0.0005}","{""detection_events"":1493,""detectors_checked"":688128}"
    486007,         0,         0,    7.64,exact_mw,70a969f5042aec17ac076c6379f4170fb7c69b8e925756ef3b7334e28a33338b,"{""distance"":5,""physical_error_rate"":0.0001}","{""detection_events"":47469,""detectors_checked"":108865568}"
      5120,         0,         0,   0.040,exact_mw,cb12ae119b9b2ba18d0216e7235b403229e92fd0743ede48fe7f1a2c6f45d594,"{""distance"":5,""physical_error_rate"":0.0005}","{""detection_events"":2653,""detectors_checked"":1146880}"
    482304,         0,         0,    4.97,exact_mw,70a969f5042aec17ac076c6379f4170fb7c69b8e925756ef3b7334e28a33338b,"{""distance"":5,""physical_error_rate"":0.0001}","{""detection_events"":47435,""detectors_checked"":108036096}"
     12288,         0,         0,   0.055,exact_mw,cb12ae119b9b2ba18d0216e7235b403229e92fd0743ede48fe7f1a2c6f45d594,"{""distance"":5,""physical_error_rate"":0.0005}","{""detection_events"":6049,""detectors_checked"":2752512}"
      6144,         0,         0,   0.057,exact_mw,cb12ae119b9b2ba18d0216e7235b403229e92fd0743ede48fe7f1a2c6f45d594,"{""distance"":5,""physical_error_rate"":0.0005}","{""detection_events"":2947,""detectors_checked"":1376256}"
     22528,         0,         0,   0.213,exact_mw,70a969f5042aec17ac076c6379f4170fb7c69b8e925756ef3b7334e28a33338b,"{""distance"":5,""physical_error_rate"":0.0001}","{""detection_events"":2188,""detectors_checked"":5046272}"
      6144,         0,         0,   0.038,exact_mw,cb12ae119b9b2ba18d0216e7235b403229e92fd0743ede48fe7f1a2c6f45d594,"{""distance"":5,""physical_error_rate"":0.0005}","{""detection_events"":2879,""detectors_checked"":1376256}"
      5120,         0,         0,   0.089,exact_mw,cb12ae119b9b2ba18d0216e7235b403229e92fd0743ede48fe7f1a2c6f45d594,"{""distance"":5,""physical_error_rate"":0.0005}","{""detection_events"":2524,""detectors_checked"":1146880}"
      7168,         0,         0,   0.082,exact_mw,cb12ae119b9b2ba18d0216e7235b403229e92fd0743ede48fe7f1a2c6f45d594,"{""distance"":5,""physical_error_rate"":0.0005}","{""detection_events"":3563,""detectors_checked"":1605632}"
     10240,         0,         0,   0.105,exact_mw,cb12ae119b9b2ba18d0216e7235b403229e92fd0743ede48fe7f1a2c6f45d594,"{""distance"":5,""physical_error_rate"":0.0005}","{""detection_events"":5145,""detectors_checked"":2293760}"
     11264,         0,         0,   0.106,exact_mw,cb12ae119b9b2ba18d0216e7235b403229e92fd0743ede48fe7f1a2c6f45d594,"{""distance"":5,""physical_error_rate"":0.0005}","{""detection_events"":5337,""detectors_checked"":2523136}"
     31744,         0,         0,   0.294,exact_mw,70a969f5042aec17ac076c6379f4170fb7c69b8e925756ef3b7334e28a33338b,"{""distance"":5,""physical_error_rate"":0.0001}","{""detection_events"":3148,""detectors_checked"":7110656}"
     12288,         0,         0,   0.150,exact_mw,cb12ae119b9b2ba18d0216e7235b403229e92fd0743ede48fe7f1a2c6f45d594,"{""distance"":5,""physical_error_rate"":0.0005}","{""detection_events"":5744,""detectors_checked"":2752512}"
     15360,         0,         0,   0.164,exact_mw,cb12ae119b9b2ba18d0216e7235b403229e92fd0743ede48fe7f1a2c6f45d594,"{""distance"":5,""physical_error_rate"":0.0005}","{""detection_events"":7566,""detectors_checked"":3440640}"
    462317,         0,         0,    12.2,exact_mw,70a969f5042aec17ac076c6379f4170fb7c69b8e925756ef3b7334e28a33338b,"{""distance"":5,""physical_error_rate"":0.0001}","{""detection_events"":46410,""detectors_checked"":103559008}"
    447488,         0,         0,    12.4,exact_mw,70a969f5042aec17ac076c6379f4170fb7c69b8e925756ef3b7334e28a33338b,"{""distance"":5,""physical_error_rate"":0.0001}","{""detection_events"":43898,""detectors_checked"":100237312}"
     18432,         0,         0,   0.215,exact_mw,cb12ae119b9b2ba18d0216e7235b403229e92fd0743ede48fe7f1a2c6f45d594,"{""distance"":5,""physical_error_rate"":0.0005}","{""detection_events"":9122,""detectors_checked"":4128768}"
    446709,         0,         0,    8.49,exact_mw,70a969f5042aec17ac076c6379f4170fb7c69b8e925756ef3b7334e28a33338b,"{""distance"":5,""physical_error_rate"":0.0001}","{""detection_events"":43964,""detectors_checked"":100062816}"
    440320,         0,         0,    5.98,exact_mw,70a969f5042aec17ac076c6379f4170fb7c69b8e925756ef3b7334e28a33338b,"{""distance"":5,""physical_error_rate"":0.0001}","{""detection_events"":43246,""detectors_checked"":98631680}"
     17408,         0,         0,   0.215,exact_mw,cb12ae119b9b2ba18d0216e7235b403229e92fd0743ede48fe7f1a2c6f45d594,"{""distance"":5,""physical_error_rate"":0.0005}","{""detection_events"":8304,""detectors_checked"":3899392}"
    833536,         0,         0,    11.6,exact_mw,cb12ae119b9b2ba18d0216e7235b403229e92fd0743ede48fe7f1a2c6f45d594,"{""distance"":5,""physical_error_rate"":0.0005}","{""detection_events"":409125,""detectors_checked"":186712064}"
     45056,         0,         0,   0.410,exact_mw,70a969f5042aec17ac076c6379f4170fb7c69b8e925756ef3b7334e28a33338b,"{""distance"":5,""physical_error_rate"":0.0001}","{""detection_events"":4549,""detectors_checked"":10092544}"
     26624,         0,         0,   0.307,exact_mw,cb12ae119b9b2ba18d0216e7235b403229e92fd0743ede48fe7f1a2c6f45d594,"{""distance"":5,""physical_error_rate"":0.0005}","{""detection_events"":13354,""detectors_checked"":5963776}"
     25600,         0,         0,   0.301,exact_mw,cb12ae119b9b2ba18d0216e7235b403229e92fd0743ede48fe7f1a2c6f45d594,"{""distance"":5,""physical_error_rate"":0.0005}","{""detection_events"":12683,""detectors_checked"":5734400}"
    432738,         0,         0,    11.5,exact_mw,70a969f5042aec17ac076c6379f4170fb7c69b8e925756ef3b7334e28a33338b,"{""distance"":5,""physical_error_rate"":0.0001}","{""detection_events"":42893,""detectors_checked"":96933312}"
    429056,         0,         0,    6.53,exact_mw,70a969f5042aec17ac076c6379f4170fb7c69b8e925756ef3b7334e28a33338b,"{""distance"":5,""physical_error_rate"":0.0001}","{""detection_events"":41922,""detectors_checked"":96108544}"
       273,         0,         0,   0.022,exact_mw,70a969f5042aec17ac076c6379f4170fb7c69b8e925756ef3b7334e28a33338b,"{""distance"":5,""physical_error_rate"":0.0001}","{""detection_events"":19,""detectors_checked"":61152}"
      1024,         0,         0,   0.003,exact_mw,70a969f5042aec17ac076c6379f4170fb7c69b8e925756ef3b7334e28a33338b,"{""distance"":5,""physical_error_rate"":0.0001}","{""detection_events"":59,""detectors_checked"":229376}"
      4096,         0,         0,   0.037,exact_mw,70a969f5042aec17ac076c6379f4170fb7c69b8e925756ef3b7334e28a33338b,"{""distance"":5,""physical_error_rate"":0.0001}","{""detection_events"":330,""detectors_checked"":917504}"
     35840,         0,         0,   0.405,exact_mw,cb12ae119b9b2ba18d0216e7235b403229e92fd0743ede48fe7f1a2c6f45d594,"{""distance"":5,""physical_error_rate"":0.0005}","{""detection_events"":17584,""detectors_checked"":8028160}"
      1024,         0,         0,   0.028,exact_mw,70a969f5042aec17ac076c6379f4170fb7c69b8e925756ef3b7334e28a33338b,"{""distance"":5,""physical_error_rate"":0.0001}","{""detection_events"":101,""detectors_checked"":229376}"
     61440,         0,         0,   0.546,exact_mw,70a969f5042aec17ac076c6379f4170fb7c69b8e925756ef3b7334e28a33338b,"{""distance"":5,""physical_error_rate"":0.0001}","{""detection_events"":6041,""detectors_checked"":13762560}"
      4096,         0,         0,   0.036,exact_mw,70a969f5042aec17ac076c6379f4170fb7c69b8e925756ef3b7334e28a33338b,"{""distance"":5,""physical_error_rate"":0.0001}","{""detection_events"":453,""detectors_checked"":917504}"
         1,         0,         0,   0.020,exact_mw,cb12ae119b9b2ba18d0216e7235b403229e92fd0743ede48fe7f1a2c6f45d594,"{""distance"":5,""physical_error_rate"":0.0005}","{""detectors_checked"":224}"
     35840,         0,         0,   0.407,exact_mw,cb12ae119b9b2ba18d0216e7235b403229e92fd0743ede48fe7f1a2c6f45d594,"{""distance"":5,""physical_error_rate"":0.0005}","{""detection_events"":17617,""detectors_checked"":8028160}"
      1296,         0,         0,   0.028,exact_mw,cb12ae119b9b2ba18d0216e7235b403229e92fd0743ede48fe7f1a2c6f45d594,"{""distance"":5,""physical_error_rate"":0.0005}","{""detection_events"":596,""detectors_checked"":290304}"
      1024,         0,         0,   0.024,exact_mw,cb12ae119b9b2ba18d0216e7235b403229e92fd0743ede48fe7f1a2c6f45d594,"{""distance"":5,""physical_error_rate"":0.0005}","{""detection_events"":512,""detectors_checked"":229376}"
      3072,         0,         0,   0.059,exact_mw,70a969f5042aec17ac076c6379f4170fb7c69b8e925756ef3b7334e28a33338b,"{""distance"":5,""physical_error_rate"":0.0001}","{""detection_events"":309,""detectors_checked"":688128}"
      1297,         0,         0,   0.025,exact_mw,cb12ae119b9b2ba18d0216e7235b403229e92fd0743ede48fe7f1a2c6f45d594,"{""distance"":5,""physical_error_rate"":0.0005}","{""detection_events"":594,""detectors_checked"":290528}"
      2048,         0,         0,   0.028,exact_mw,cb12ae119b9b2ba18d0216e7235b403229e92fd0743ede48fe7f1a2c6f45d594,"{""distance"":5,""physical_error_rate"":0.0005}","{""detection_events"":995,""detectors_checked"":458752}"
      2048,         0,         0,   0.024,exact_mw,cb12ae119b9b2ba18d0216e7235b403229e92fd0743ede48fe7f1a2c6f45d594,"{""distance"":5,""physical_error_rate"":0.0005}","{""detection_events"":1033,""detectors_checked"":458752}"
      1024,         0,         0,   0.024,exact_mw,cb12ae119b9b2ba18d0216e7235b403229e92fd0743ede48fe7f1a2c6f45d594,"{""distance"":5,""physical_error_rate"":0.0005}","{""detection_events"":536,""detectors_checked"":229376}"
    418392,         0,         0,    6.83,exact_mw,70a969f5042aec17ac076c6379f4170fb7c69b8e925756ef3b7334e28a33338b,"{""distance"":5,""physical_error_rate"":0.0001}","{""detection_events"":41883,""detectors_checked"":93719808}"
      2048,         0,         0,   0.027,exact_mw,cb12ae119b9b2ba18d0216e7235b403229e92fd0743ede48fe7f1a2c6f45d594,"{""distance"":5,""physical_error_rate"":0.0005}","{""detection_events"":1014,""detectors_checked"":458752}"
    409600,         0,         0,    6.25,exact_mw,70a969f5042aec17ac076c6379f4170fb7c69b8e925756ef3b7334e28a33338b,"{""distance"":5,""physical_error_rate"":0.0001}","{""detection_events"":40382,""detectors_checked"":91750400}"
      5120,         0,         0,   0.089,exact_mw,70a969f5042aec17ac076c6379f4170fb7c69b8e925756ef3b7334e28a33338b,"{""distance"":5,""physical_error_rate"":0.0001}","{""detection_events"":497,""detectors_checked"":1146880}"
      2048,         0,         0,   0.048,exact_mw,cb12ae119b9b2ba18d0216e7235b403229e92fd0743ede48fe7f1a2c6f45d594,"{""distance"":5,""physical_error_rate"":0.0005}","{""detection_events"":953,""detectors_checked"":458752}"
    403978,         0,         0,    4.54,exact_mw,70a969f5042aec17ac076c6379f4170fb7c69b8e925756ef3b7334e28a33338b,"{""distance"":5,""physical_error_rate"":0.0001}","{""detection_events"":39743,""detectors_checked"":90491072}"
      3072,         0,         0,   0.066,exact_mw,cb12ae119b9b2ba18d0216e7235b403229e92fd0743ede48fe7f1a2c6f45d594,"{""distance"":5,""physical_error_rate"":0.0005}","{""detection_events"":1579,""detectors_checked"":688128}"
      1024,         0,         0,   0.021,exact_mw,cb12ae119b9b2ba18d0216e7235b403229e92fd0743ede48fe7f1a2c6f45d594,"{""distance"":5,""physical_error_rate"":0.0005}","{""detection_events"":497,""detectors_checked"":229376}"
    399360,         0,         0,    4.69,exact_mw,70a969f5042aec17ac076c6379f4170fb7c69b8e925756ef3b7334e28a33338b,"{""distance"":5,""physical_error_rate"":0.0001}","{""detection_events"":39870,""detectors_checked"":89456640}"
    397312,         0,         0,    9.57,exact_mw,70a969f5042aec17ac076c6379f4170fb7c69b8e925756ef3b7334e28a33338b,"{""distance"":5,""physical_error_rate"":0.0001}","{""detection_events"":39505,""detectors_checked"":88997888}"
         1,         0,         0,   0.000,exact_mw,70a969f5042aec17ac076c6379f4170fb7c69b8e925756ef3b7334e28a33338b,"{""distance"":5,""physical_error_rate"":0.0001}","{""detectors_checked"":224}"
      2320,         0,         0,   0.027,exact_mw,70a969f5042aec17ac076c6379f4170fb7c69b8e925756ef3b7334e28a33338b,"{""distance"":5,""physical_error_rate"":0.0001}","{""detection_events"":233,""detectors_checked"":519680}"
      5120,         0,         0,   0.071,exact_mw,70a969f5042aec17ac076c6379f4170fb7c69b8e925756ef3b7334e28a33338b,"{""distance"":5,""physical_error_rate"":0.0001}","{""detection_events"":472,""detectors_checked"":1146880}"
      3072,         0,         0,   0.049,exact_mw,cb12ae119b9b2ba18d0216e7235b403229e92fd0743ede48fe7f1a2c6f45d594,"{""distance"":5,""physical_error_rate"":0.0005}","{""detection_events"":1472,""detectors_checked"":688128}"
    306780,         0,         0,    3.45,exact_mw,70a969f5042aec17ac076c6379f4170fb7c69b8e925756ef3b7334e28a33338b,"{""distance"":5,""physical_error_rate"":0.0001}","{""detection_events"":30651,""detectors_checked"":68718720}"
    390144,         0,         0,    4.62,exact_mw,70a969f5042aec17ac076c6379f4170fb7c69b8e925756ef3b7334e28a33338b,"{""distance"":5,""physical_error_rate"":0.0001}","{""detection_events"":38715,""detectors_checked"":87392256}"
      1297,         0,         0,   0.054,exact_mw,cb12ae119b9b2ba18d0216e7235b403229e92fd0743ede48fe7f1a2c6f45d594,"{""distance"":5,""physical_error_rate"":0.0005}","{""detection_events"":582,""detectors_checked"":290528}"
      1024,         0,         0,   0.021,exact_mw,70a969f5042aec17ac076c6379f4170fb7c69b8e925756ef3b7334e28a33338b,"{""distance"":5,""physical_error_rate"":0.0001}","{""detection_events"":149,""detectors_checked"":229376}"
      1042,         0,         0,   0.003,exact_mw,70a969f5042aec17ac076c6379f4170fb7c69b8e925756ef3b7334e28a33338b,"{""distance"":5,""physical_error_rate"":0.0001}","{""detection_events"":105,""detectors_checked"":233408}"
    381952,         0,         0,    4.67,exact_mw,70a969f5042aec17ac076c6379f4170fb7c69b8e925756ef3b7334e28a33338b,"{""distance"":5,""physical_error_rate"":0.0001}","{""detection_events"":37824,""detectors_checked"":85557248}"
      4096,         0,         0,   0.090,exact_mw,cb12ae119b9b2ba18d0216e7235b403229e92fd0743ede48fe7f1a2c6f45d594,"{""distance"":5,""physical_error_rate"":0.0005}","{""detection_events"":2047,""detectors_checked"":917504}"
      2048,         0,         0,   0.031,exact_mw,cb12ae119b9b2ba18d0216e7235b403229e92fd0743ede48fe7f1a2c6f45d594,"{""distance"":5,""physical_error_rate"":0.0005}","{""detection_events"":1014,""detectors_checked"":458752}"
      3072,         0,         0,   0.024,exact_mw,70a969f5042aec17ac076c6379f4170fb7c69b8e925756ef3b7334e28a33338b,"{""distance"":5,""physical_error_rate"":0.0001}","{""detection_events"":316,""detectors_checked"":688128}"
         1,         0,         0,   0.000,exact_mw,cb12ae119b9b2ba18d0216e7235b403229e92fd0743ede48fe7f1a2c6f45d594,"{""distance"":5,""physical_error_rate"":0.0005}","{""detectors_checked"":224}"
      3072,         0,         0,   0.087,exact_mw,cb12ae119b9b2ba18d0216e7235b403229e92fd0743ede48fe7f1a2c6f45d594,"{""distance"":5,""physical_error_rate"":0.0005}","{""detection_events"":1569,""detectors_checked"":688128}"
    373829,         0,         0,    4.81,exact_mw,70a969f5042aec17ac076c6379f4170fb7c69b8e925756ef3b7334e28a33338b,"{""distance"":5,""physical_error_rate"":0.0001}","{""detection_events"":37020,""detectors_checked"":83737696}"
      2048,         0,         0,   0.024,exact_mw,70a969f5042aec17ac076c6379f4170fb7c69b8e925756ef3b7334e28a33338b,"{""distance"":5,""physical_error_rate"":0.0001}","{""detection_events"":208,""detectors_checked"":458752}"
      2321,         0,         0,   0.027,exact_mw,70a969f5042aec17ac076c6379f4170fb7c69b8e925756ef3b7334e28a33338b,"{""distance"":5,""physical_error_rate"":0.0001}","{""detection_events"":235,""detectors_checked"":519904}"
    608256,         0,         0,    11.6,exact_mw,cb12ae119b9b2ba18d0216e7235b403229e92fd0743ede48fe7f1a2c6f45d594,"{""distance"":5,""physical_error_rate"":0.0005}","{""detection_events"":297637,""detectors_checked"":136249344}"
      1024,         0,         0,   0.053,exact_mw,cb12ae119b9b2ba18d0216e7235b403229e92fd0743ede48fe7f1a2c6f45d594,"{""distance"":5,""physical_error_rate"":0.0005}","{""detection_events"":505,""detectors_checked"":229376}"
    364544,         0,         0,    4.81,exact_mw,70a969f5042aec17ac076c6379f4170fb7c69b8e925756ef3b7334e28a33338b,"{""distance"":5,""physical_error_rate"":0.0001}","{""detection_events"":35981,""detectors_checked"":81657856}"
      2321,         0,         0,   0.019,exact_mw,70a969f5042aec17ac076c6379f4170fb7c69b8e925756ef3b7334e28a33338b,"{""distance"":5,""physical_error_rate"":0.0001}","{""detection_events"":218,""detectors_checked"":519904}"
      2048,         0,         0,   0.031,exact_mw,cb12ae119b9b2ba18d0216e7235b403229e92fd0743ede48fe7f1a2c6f45d594,"{""distance"":5,""physical_error_rate"":0.0005}","{""detection_events"":1044,""detectors_checked"":458752}"
      1024,         0,         0,   0.023,exact_mw,70a969f5042aec17ac076c6379f4170fb7c69b8e925756ef3b7334e28a33338b,"{""distance"":5,""physical_error_rate"":0.0001}","{""detection_events"":100,""detectors_checked"":229376}"
      1024,         0,         0,   0.003,exact_mw,70a969f5042aec17ac076c6379f4170fb7c69b8e925756ef3b7334e28a33338b,"{""distance"":5,""physical_error_rate"":0.0001}","{""detection_events"":117,""detectors_checked"":229376}"
         1,         0,         0,   0.000,exact_mw,70a969f5042aec17ac076c6379f4170fb7c69b8e925756ef3b7334e28a33338b,"{""distance"":5,""physical_error_rate"":0.0001}","{""detectors_checked"":224}"
      2320,         0,         0,   0.027,exact_mw,cb12ae119b9b2ba18d0216e7235b403229e92fd0743ede48fe7f1a2c6f45d594,"{""distance"":5,""physical_error_rate"":0.0005}","{""detection_events"":1146,""detectors_checked"":519680}"
      5120,         0,         0,   0.096,exact_mw,cb12ae119b9b2ba18d0216e7235b403229e92fd0743ede48fe7f1a2c6f45d594,"{""distance"":5,""physical_error_rate"":0.0005}","{""detection_events"":2456,""detectors_checked"":1146880}"
      2321,         0,         0,   0.008,exact_mw,70a969f5042aec17ac076c6379f4170fb7c69b8e925756ef3b7334e28a33338b,"{""distance"":5,""physical_error_rate"":0.0001}","{""detection_events"":288,""detectors_checked"":519904}"
      8192,         0,         0,   0.141,exact_mw,70a969f5042aec17ac076c6379f4170fb7c69b8e925756ef3b7334e28a33338b,"{""distance"":5,""physical_error_rate"":0.0001}","{""detection_events"":922,""detectors_checked"":1835008}"
    355843,         0,         0,    4.87,exact_mw,70a969f5042aec17ac076c6379f4170fb7c69b8e925756ef3b7334e28a33338b,"{""distance"":5,""physical_error_rate"":0.0001}","{""detection_events"":35106,""detectors_checked"":79708832}"
      1024,         0,         0,   0.011,exact_mw,cb12ae119b9b2ba18d0216e7235b403229e92fd0743ede48fe7f1a2c6f45d594,"{""distance"":5,""physical_error_rate"":0.0005}","{""detection_events"":642,""detectors_checked"":229376}"
      2320,         0,         0,   0.015,exact_mw,70a969f5042aec17ac076c6379f4170fb7c69b8e925756ef3b7334e28a33338b,"{""distance"":5,""physical_error_rate"":0.0001}","{""detection_events"":250,""detectors_checked"":519680}"
      2048,         0,         0,   0.021,exact_mw,70a969f5042aec17ac076c6379f4170fb7c69b8e925756ef3b7334e28a33338b,"{""distance"":5,""physical_error_rate"":0.0001}","{""detection_events"":162,""detectors_checked"":458752}"
    354304,         0,         0,    4.92,exact_mw,70a969f5042aec17ac076c6379f4170fb7c69b8e925756ef3b7334e28a33338b,"{""distance"":5,""physical_error_rate"":0.0001}","{""detection_events"":35198,""detectors_checked"":79364096}"
      1024,         0,         0,   0.021,exact_mw,70a969f5042aec17ac076c6379f4170fb7c69b8e925756ef3b7334e28a33338b,"{""distance"":5,""physical_error_rate"":0.0001}","{""detection_events"":108,""detectors_checked"":229376}"
      5120,         0,         0,   0.076,exact_mw,70a969f5042aec17ac076c6379f4170fb7c69b8e925756ef3b7334e28a33338b,"{""distance"":5,""physical_error_rate"":0.0001}","{""detection_events"":522,""detectors_checked"":1146880}"
      5120,         0,         0,   0.045,exact_mw,70a969f5042aec17ac076c6379f4170fb7c69b8e925756ef3b7334e28a33338b,"{""distance"":5,""physical_error_rate"":0.0001}","{""detection_events"":555,""detectors_checked"":1146880}"
      3072,         0,         0,   0.029,exact_mw,70a969f5042aec17ac076c6379f4170fb7c69b8e925756ef3b7334e28a33338b,"{""distance"":5,""physical_error_rate"":0.0001}","{""detection_events"":362,""detectors_checked"":688128}"
    344286,         0,         0,    4.72,exact_mw,70a969f5042aec17ac076c6379f4170fb7c69b8e925756ef3b7334e28a33338b,"{""distance"":5,""physical_error_rate"":0.0001}","{""detection_events"":34399,""detectors_checked"":77120064}"
    241532,         0,         0,    3.27,exact_mw,70a969f5042aec17ac076c6379f4170fb7c69b8e925756ef3b7334e28a33338b,"{""distance"":5,""physical_error_rate"":0.0001}","{""detection_events"":23736,""detectors_checked"":54103168}"
      3072,         0,         0,   0.026,exact_mw,70a969f5042aec17ac076c6379f4170fb7c69b8e925756ef3b7334e28a33338b,"{""distance"":5,""physical_error_rate"":0.0001}","{""detection_events"":259,""detectors_checked"":688128}"
      3072,         0,         0,   0.041,exact_mw,70a969f5042aec17ac076c6379f4170fb7c69b8e925756ef3b7334e28a33338b,"{""distance"":5,""physical_error_rate"":0.0001}","{""detection_events"":278,""detectors_checked"":688128}"
    340992,         0,         0,    4.80,exact_mw,70a969f5042aec17ac076c6379f4170fb7c69b8e925756ef3b7334e28a33338b,"{""distance"":5,""physical_error_rate"":0.0001}","{""detection_events"":33968,""detectors_checked"":76382208}"
      2048,         0,         0,   0.059,exact_mw,cb12ae119b9b2ba18d0216e7235b403229e92fd0743ede48fe7f1a2c6f45d594,"{""distance"":5,""physical_error_rate"":0.0005}","{""detection_events"":1113,""detectors_checked"":458752}"
      3072,         0,         0,   0.047,exact_mw,cb12ae119b9b2ba18d0216e7235b403229e92fd0743ede48fe7f1a2c6f45d594,"{""distance"":5,""physical_error_rate"":0.0005}","{""detection_events"":1596,""detectors_checked"":688128}"
    333824,         0,         0,    4.60,exact_mw,70a969f5042aec17ac076c6379f4170fb7c69b8e925756ef3b7334e28a33338b,"{""distance"":5,""physical_error_rate"":0.0001}","{""detection_events"":32821,""detectors_checked"":74776576}"
      2048,         0,         0,   0.031,exact_mw,70a969f5042aec17ac076c6379f4170fb7c69b8e925756ef3b7334e28a33338b,"{""distance"":5,""physical_error_rate"":0.0001}","{""detection_events"":194,""detectors_checked"":458752}"
      5120,         0,         0,   0.121,exact_mw,cb12ae119b9b2ba18d0216e7235b403229e92fd0743ede48fe7f1a2c6f45d594,"{""distance"":5,""physical_error_rate"":0.0005}","{""detection_events"":2485,""detectors_checked"":1146880}"
      4096,         0,         0,   0.029,exact_mw,70a969f5042aec17ac076c6379f4170fb7c69b8e925756ef3b7334e28a33338b,"{""distance"":5,""physical_error_rate"":0.0001}","{""detection_events"":409,""detectors_checked"":917504}"
      2048,         0,         0,   0.030,exact_mw,70a969f5042aec17ac076c6379f4170fb7c69b8e925756ef3b7334e28a33338b,"{""distance"":5,""physical_error_rate"":0.0001}","{""detection_events"":203,""detectors_checked"":458752}"
     38912,         0,         0,   0.551,exact_mw,cb12ae119b9b2ba18d0216e7235b403229e92fd0743ede48fe7f1a2c6f45d594,"{""distance"":5,""physical_error_rate"":0.0005}","{""detection_events"":19741,""detectors_checked"":8716288}"
      3072,         0,         0,   0.049,exact_mw,70a969f5042aec17ac076c6379f4170fb7c69b8e925756ef3b7334e28a33338b,"{""distance"":5,""physical_error_rate"":0.0001}","{""detection_events"":332,""detectors_checked"":688128}"
      5120,         0,         0,   0.077,exact_mw,70a969f5042aec17ac076c6379f4170fb7c69b8e925756ef3b7334e28a33338b,"{""distance"":5,""physical_error_rate"":0.0001}","{""detection_events"":537,""detectors_checked"":1146880}"
      1024,         0,         0,   0.053,exact_mw,cb12ae119b9b2ba18d0216e7235b403229e92fd0743ede48fe7f1a2c6f45d594,"{""distance"":5,""physical_error_rate"":0.0005}","{""detection_events"":538,""detectors_checked"":229376}"
      1024,         0,         0,   0.062,exact_mw,cb12ae119b9b2ba18d0216e7235b403229e92fd0743ede48fe7f1a2c6f45d594,"{""distance"":5,""physical_error_rate"":0.0005}","{""detection_events"":544,""detectors_checked"":229376}"
      5120,         0,         0,   0.051,exact_mw,70a969f5042aec17ac076c6379f4170fb7c69b8e925756ef3b7334e28a33338b,"{""distance"":5,""physical_error_rate"":0.0001}","{""detection_events"":510,""detectors_checked"":1146880}"
      4096,         0,         0,   0.061,exact_mw,70a969f5042aec17ac076c6379f4170fb7c69b8e925756ef3b7334e28a33338b,"{""distance"":5,""physical_error_rate"":0.0001}","{""detection_events"":306,""detectors_checked"":917504}"
      2048,         0,         0,   0.053,exact_mw,70a969f5042aec17ac076c6379f4170fb7c69b8e925756ef3b7334e28a33338b,"{""distance"":5,""physical_error_rate"":0.0001}","{""detection_events"":189,""detectors_checked"":458752}"
      9216,         0,         0,   0.137,exact_mw,cb12ae119b9b2ba18d0216e7235b403229e92fd0743ede48fe7f1a2c6f45d594,"{""distance"":5,""physical_error_rate"":0.0005}","{""detection_events"":4408,""detectors_checked"":2064384}"
      5120,         0,         0,   0.070,exact_mw,70a969f5042aec17ac076c6379f4170fb7c69b8e925756ef3b7334e28a33338b,"{""distance"":5,""physical_error_rate"":0.0001}","{""detection_events"":532,""detectors_checked"":1146880}"
      1297,         0,         0,   0.024,exact_mw,70a969f5042aec17ac076c6379f4170fb7c69b8e925756ef3b7334e28a33338b,"{""distance"":5,""physical_error_rate"":0.0001}","{""detection_events"":129,""detectors_checked"":290528}"
      2048,         0,         0,   0.057,exact_mw,cb12ae119b9b2ba18d0216e7235b403229e92fd0743ede48fe7f1a2c6f45d594,"{""distance"":5,""physical_error_rate"":0.0005}","{""detection_events"":942,""detectors_checked"":458752}"
     44032,         0,         0,   0.575,exact_mw,cb12ae119b9b2ba18d0216e7235b403229e92fd0743ede48fe7f1a2c6f45d594,"{""distance"":5,""physical_error_rate"":0.0005}","{""detection_events"":21059,""detectors_checked"":9863168}"
      2048,         0,         0,   0.054,exact_mw,70a969f5042aec17ac076c6379f4170fb7c69b8e925756ef3b7334e28a33338b,"{""distance"":5,""physical_error_rate"":0.0001}","{""detection_events"":197,""detectors_checked"":458752}"
      2048,         0,         0,   0.026,exact_mw,70a969f5042aec17ac076c6379f4170fb7c69b8e925756ef3b7334e28a33338b,"{""distance"":5,""physical_error_rate"":0.0001}","{""detection_events"":208,""detectors_checked"":458752}"
      3072,         0,         0,   0.059,exact_mw,70a969f5042aec17ac076c6379f4170fb7c69b8e925756ef3b7334e28a33338b,"{""distance"":5,""physical_error_rate"":0.0001}","{""detection_events"":324,""detectors_checked"":688128}"
      8192,         0,         0,   0.074,exact_mw,70a969f5042aec17ac076c6379f4170fb7c69b8e925756ef3b7334e28a33338b,"{""distance"":5,""physical_error_rate"":0.0001}","{""detection_events"":770,""detectors_checked"":1835008}"
    257209,         0,         0,    3.43,exact_mw,70a969f5042aec17ac076c6379f4170fb7c69b8e925756ef3b7334e28a33338b,"{""distance"":5,""physical_error_rate"":0.0001}","{""detection_events"":25078,""detectors_checked"":57614816}"
    314368,         0,         0,    5.10,exact_mw,70a969f5042aec17ac076c6379f4170fb7c69b8e925756ef3b7334e28a33338b,"{""distance"":5,""physical_error_rate"":0.0001}","{""detection_events"":31039,""detectors_checked"":70418432}"
    324608,         0,         0,    5.03,exact_mw,70a969f5042aec17ac076c6379f4170fb7c69b8e925756ef3b7334e28a33338b,"{""distance"":5,""physical_error_rate"":0.0001}","{""detection_events"":32123,""detectors_checked"":72712192}"
      3072,         0,         0,   0.098,exact_mw,cb12ae119b9b2ba18d0216e7235b403229e92fd0743ede48fe7f1a2c6f45d594,"{""distance"":5,""physical_error_rate"":0.0005}","{""detection_events"":1447,""detectors_checked"":688128}"
      2048,         0,         0,   0.026,exact_mw,70a969f5042aec17ac076c6379f4170fb7c69b8e925756ef3b7334e28a33338b,"{""distance"":5,""physical_error_rate"":0.0001}","{""detection_events"":231,""detectors_checked"":458752}"
      9216,         0,         0,   0.219,exact_mw,70a969f5042aec17ac076c6379f4170fb7c69b8e925756ef3b7334e28a33338b,"{""distance"":5,""physical_error_rate"":0.0001}","{""detection_events"":851,""detectors_checked"":2064384}"
    322560,         0,         0,    5.11,exact_mw,70a969f5042aec17ac076c6379f4170fb7c69b8e925756ef3b7334e28a33338b,"{""distance"":5,""physical_error_rate"":0.0001}","{""detection_events"":31844,""detectors_checked"":72253440}"
      9216,         0,         0,   0.120,exact_mw,70a969f5042aec17ac076c6379f4170fb7c69b8e925756ef3b7334e28a33338b,"{""distance"":5,""physical_error_rate"":0.0001}","{""detection_events"":975,""detectors_checked"":2064384}"
      5120,         0,         0,   0.074,exact_mw,70a969f5042aec17ac076c6379f4170fb7c69b8e925756ef3b7334e28a33338b,"{""distance"":5,""physical_error_rate"":0.0001}","{""detection_events"":546,""detectors_checked"":1146880}"
      7168,         0,         0,   0.173,exact_mw,cb12ae119b9b2ba18d0216e7235b403229e92fd0743ede48fe7f1a2c6f45d594,"{""distance"":5,""physical_error_rate"":0.0005}","{""detection_events"":3404,""detectors_checked"":1605632}"
      2048,         0,         0,   0.082,exact_mw,cb12ae119b9b2ba18d0216e7235b403229e92fd0743ede48fe7f1a2c6f45d594,"{""distance"":5,""physical_error_rate"":0.0005}","{""detection_events"":1062,""detectors_checked"":458752}"
      3072,         0,         0,   0.049,exact_mw,70a969f5042aec17ac076c6379f4170fb7c69b8e925756ef3b7334e28a33338b,"{""distance"":5,""physical_error_rate"":0.0001}","{""detection_events"":307,""detectors_checked"":688128}"
      4096,         0,         0,   0.060,exact_mw,70a969f5042aec17ac076c6379f4170fb7c69b8e925756ef3b7334e28a33338b,"{""distance"":5,""physical_error_rate"":0.0001}","{""detection_events"":422,""detectors_checked"":917504}"
    313874,         0,         0,    3.82,exact_mw,70a969f5042aec17ac076c6379f4170fb7c69b8e925756ef3b7334e28a33338b,"{""distance"":5,""physical_error_rate"":0.0001}","{""detection_events"":30976,""detectors_checked"":70307776}"
      5120,         0,         0,   0.093,exact_mw,70a969f5042aec17ac076c6379f4170fb7c69b8e925756ef3b7334e28a33338b,"{""distance"":5,""physical_error_rate"":0.0001}","{""detection_events"":564,""detectors_checked"":1146880}"
      9216,         0,         0,   0.084,exact_mw,70a969f5042aec17ac076c6379f4170fb7c69b8e925756ef3b7334e28a33338b,"{""distance"":5,""physical_error_rate"":0.0001}","{""detection_events"":799,""detectors_checked"":2064384}"
    308962,         0,         0,    3.80,exact_mw,70a969f5042aec17ac076c6379f4170fb7c69b8e925756ef3b7334e28a33338b,"{""distance"":5,""physical_error_rate"":0.0001}","{""detection_events"":30671,""detectors_checked"":69207488}"
      3072,         0,         0,   0.049,exact_mw,70a969f5042aec17ac076c6379f4170fb7c69b8e925756ef3b7334e28a33338b,"{""distance"":5,""physical_error_rate"":0.0001}","{""detection_events"":400,""detectors_checked"":688128}"
      4096,         0,         0,   0.123,exact_mw,cb12ae119b9b2ba18d0216e7235b403229e92fd0743ede48fe7f1a2c6f45d594,"{""distance"":5,""physical_error_rate"":0.0005}","{""detection_events"":1938,""detectors_checked"":917504}"
      4096,         0,         0,   0.114,exact_mw,cb12ae119b9b2ba18d0216e7235b403229e92fd0743ede48fe7f1a2c6f45d594,"{""distance"":5,""physical_error_rate"":0.0005}","{""detection_events"":2044,""detectors_checked"":917504}"
      9216,         0,         0,   0.107,exact_mw,70a969f5042aec17ac076c6379f4170fb7c69b8e925756ef3b7334e28a33338b,"{""distance"":5,""physical_error_rate"":0.0001}","{""detection_events"":994,""detectors_checked"":2064384}"
     14336,         0,         0,   0.235,exact_mw,cb12ae119b9b2ba18d0216e7235b403229e92fd0743ede48fe7f1a2c6f45d594,"{""distance"":5,""physical_error_rate"":0.0005}","{""detection_events"":7184,""detectors_checked"":3211264}"
         1,         0,         0,   0.000,exact_mw,70a969f5042aec17ac076c6379f4170fb7c69b8e925756ef3b7334e28a33338b,"{""distance"":5,""physical_error_rate"":0.0001}","{""detectors_checked"":224}"
      4096,         0,         0,   0.053,exact_mw,70a969f5042aec17ac076c6379f4170fb7c69b8e925756ef3b7334e28a33338b,"{""distance"":5,""physical_error_rate"":0.0001}","{""detection_events"":396,""detectors_checked"":917504}"
     11264,         0,         0,   0.117,exact_mw,70a969f5042aec17ac076c6379f4170fb7c69b8e925756ef3b7334e28a33338b,"{""distance"":5,""physical_error_rate"":0.0001}","{""detection_events"":1236,""detectors_checked"":2523136}"
     56320,         0,         0,   0.815,exact_mw,70a969f5042aec17ac076c6379f4170fb7c69b8e925756ef3b7334e28a33338b,"{""distance"":5,""physical_error_rate"":0.0001}","{""detection_events"":5478,""detectors_checked"":12615680}"
         1,         0,         0,   0.000,exact_mw,cb12ae119b9b2ba18d0216e7235b403229e92fd0743ede48fe7f1a2c6f45d594,"{""distance"":5,""physical_error_rate"":0.0005}","{""detectors_checked"":224}"
      3344,         0,         0,   0.015,exact_mw,70a969f5042aec17ac076c6379f4170fb7c69b8e925756ef3b7334e28a33338b,"{""distance"":5,""physical_error_rate"":0.0001}","{""detection_events"":360,""detectors_checked"":749056}"
      7168,         0,         0,   0.110,exact_mw,70a969f5042aec17ac076c6379f4170fb7c69b8e925756ef3b7334e28a33338b,"{""distance"":5,""physical_error_rate"":0.0001}","{""detection_events"":652,""detectors_checked"":1605632}"
      1296,         0,         0,   0.021,exact_mw,cb12ae119b9b2ba18d0216e7235b403229e92fd0743ede48fe7f1a2c6f45d594,"{""distance"":5,""physical_error_rate"":0.0005}","{""detection_events"":600,""detectors_checked"":290304}"
      5120,         0,         0,   0.108,exact_mw,70a969f5042aec17ac076c6379f4170fb7c69b8e925756ef3b7334e28a33338b,"{""distance"":5,""physical_error_rate"":0.0001}","{""detection_events"":528,""detectors_checked"":1146880}"
     10240,         0,         0,   0.120,exact_mw,70a969f5042aec17ac076c6379f4170fb7c69b8e925756ef3b7334e28a33338b,"{""distance"":5,""physical_error_rate"":0.0001}","{""detection_events"":979,""detectors_checked"":2293760}"
      1297,         0,         0,   0.024,exact_mw,70a969f5042aec17ac076c6379f4170fb7c69b8e925756ef3b7334e28a33338b,"{""distance"":5,""physical_error_rate"":0.0001}","{""detection_events"":100,""detectors_checked"":290528}"
      1024,         0,         0,   0.024,exact_mw,cb12ae119b9b2ba18d0216e7235b403229e92fd0743ede48fe7f1a2c6f45d594,"{""distance"":5,""physical_error_rate"":0.0005}","{""detection_events"":587,""detectors_checked"":229376}"
      1024,         0,         0,   0.003,exact_mw,70a969f5042aec17ac076c6379f4170fb7c69b8e925756ef3b7334e28a33338b,"{""distance"":5,""physical_error_rate"":0.0001}","{""detection_events"":114,""detectors_checked"":229376}"
         1,         0,         0,   0.000,exact_mw,cb12ae119b9b2ba18d0216e7235b403229e92fd0743ede48fe7f1a2c6f45d594,"{""distance"":5,""physical_error_rate"":0.0005}","{""detectors_checked"":224}"
       273,         0,         0,   0.021,exact_mw,cb12ae119b9b2ba18d0216e7235b403229e92fd0743ede48fe7f1a2c6f45d594,"{""distance"":5,""physical_error_rate"":0.0005}","{""detection_events"":117,""detectors_checked"":61152}"
         1,         0,         0,   0.000,exact_mw,70a969f5042aec17ac076c6379f4170fb7c69b8e925756ef3b7334e28a33338b,"{""distance"":5,""physical_error_rate"":0.0001}","{""detectors_checked"":224}"
      2048,         0,         0,   0.021,exact_mw,70a969f5042aec17ac076c6379f4170fb7c69b8e925756ef3b7334e28a33338b,"{""distance"":5,""physical_error_rate"":0.0001}","{""detection_events"":164,""detectors_checked"":458752}"
      1024,         0,         0,   0.003,exact_mw,70a969f5042aec17ac076c6379f4170fb7c69b8e925756ef3b7334e28a33338b,"{""distance"":5,""physical_error_rate"":0.0001}","{""detection_events"":105,""detectors_checked"":229376}"
      1024,         0,         0,   0.031,exact_mw,cb12ae119b9b2ba18d0216e7235b403229e92fd0743ede48fe7f1a2c6f45d594,"{""distance"":5,""physical_error_rate"":0.0005}","{""detection_events"":526,""detectors_checked"":229376}"
    236767,         0,         0,    2.43,exact_mw,70a969f5042aec17ac076c6379f4170fb7c69b8e925756ef3b7334e28a33338b,"{""distance"":5,""physical_error_rate"":0.0001}","{""detection_events"":23640,""detectors_checked"":53035808}"
      8192,         0,         0,   0.087,exact_mw,70a969f5042aec17ac076c6379f4170fb7c69b8e925756ef3b7334e28a33338b,"{""distance"":5,""physical_error_rate"":0.0001}","{""detection_events"":802,""detectors_checked"":1835008}"
    288768,         0,         0,    5.14,exact_mw,70a969f5042aec17ac076c6379f4170fb7c69b8e925756ef3b7334e28a33338b,"{""distance"":5,""physical_error_rate"":0.0001}","{""detection_events"":28438,""detectors_checked"":64684032}"
      2048,         0,         0,   0.021,exact_mw,70a969f5042aec17ac076c6379f4170fb7c69b8e925756ef3b7334e28a33338b,"{""distance"":5,""physical_error_rate"":0.0001}","{""detection_events"":242,""detectors_checked"":458752}"
      5120,         0,         0,   0.037,exact_mw,70a969f5042aec17ac076c6379f4170fb7c69b8e925756ef3b7334e28a33338b,"{""distance"":5,""physical_error_rate"":0.0001}","{""detection_events"":515,""detectors_checked"":1146880}"
     11264,         0,         0,   0.223,exact_mw,cb12ae119b9b2ba18d0216e7235b403229e92fd0743ede48fe7f1a2c6f45d594,"{""distance"":5,""physical_error_rate"":0.0005}","{""detection_events"":5541,""detectors_checked"":2523136}"
      1024,         0,         0,   0.003,exact_mw,70a969f5042aec17ac076c6379f4170fb7c69b8e925756ef3b7334e28a33338b,"{""distance"":5,""physical_error_rate"":0.0001}","{""detection_events"":104,""detectors_checked"":229376}"
      2320,         0,         0,   0.025,exact_mw,cb12ae119b9b2ba18d0216e7235b403229e92fd0743ede48fe7f1a2c6f45d594,"{""distance"":5,""physical_error_rate"":0.0005}","{""detection_events"":1037,""detectors_checked"":519680}"
      1024,         0,         0,   0.023,exact_mw,cb12ae119b9b2ba18d0216e7235b403229e92fd0743ede48fe7f1a2c6f45d594,"{""distance"":5,""physical_error_rate"":0.0005}","{""detection_events"":543,""detectors_checked"":229376}"
      1024,         0,         0,   0.004,exact_mw,cb12ae119b9b2ba18d0216e7235b403229e92fd0743ede48fe7f1a2c6f45d594,"{""distance"":5,""physical_error_rate"":0.0005}","{""detection_events"":540,""detectors_checked"":229376}"
      1024,         0,         0,   0.005,exact_mw,cb12ae119b9b2ba18d0216e7235b403229e92fd0743ede48fe7f1a2c6f45d594,"{""distance"":5,""physical_error_rate"":0.0005}","{""detection_events"":497,""detectors_checked"":229376}"
      7168,         0,         0,   0.114,exact_mw,70a969f5042aec17ac076c6379f4170fb7c69b8e925756ef3b7334e28a33338b,"{""distance"":5,""physical_error_rate"":0.0001}","{""detection_events"":725,""detectors_checked"":1605632}"
      2320,         0,         0,   0.032,exact_mw,70a969f5042aec17ac076c6379f4170fb7c69b8e925756ef3b7334e28a33338b,"{""distance"":5,""physical_error_rate"":0.0001}","{""detection_events"":271,""detectors_checked"":519680}"
      1024,         0,         0,   0.003,exact_mw,70a969f5042aec17ac076c6379f4170fb7c69b8e925756ef3b7334e28a33338b,"{""distance"":5,""physical_error_rate"":0.0001}","{""detection_events"":112,""detectors_checked"":229376}"
      2048,         0,         0,   0.054,exact_mw,cb12ae119b9b2ba18d0216e7235b403229e92fd0743ede48fe7f1a2c6f45d594,"{""distance"":5,""physical_error_rate"":0.0005}","{""detection_events"":1054,""detectors_checked"":458752}"
      6144,         0,         0,   0.133,exact_mw,cb12ae119b9b2ba18d0216e7235b403229e92fd0743ede48fe7f1a2c6f45d594,"{""distance"":5,""physical_error_rate"":0.0005}","{""detection_events"":2982,""detectors_checked"":1376256}"
         1,         0,         0,   0.021,exact_mw,70a969f5042aec17ac076c6379f4170fb7c69b8e925756ef3b7334e28a33338b,"{""distance"":5,""physical_error_rate"":0.0001}","{""detectors_checked"":224}"
     20480,         0,         0,   0.282,exact_mw,70a969f5042aec17ac076c6379f4170fb7c69b8e925756ef3b7334e28a33338b,"{""distance"":5,""physical_error_rate"":0.0001}","{""detection_events"":1855,""detectors_checked"":4587520}"
      2048,         0,         0,   0.042,exact_mw,70a969f5042aec17ac076c6379f4170fb7c69b8e925756ef3b7334e28a33338b,"{""distance"":5,""physical_error_rate"":0.0001}","{""detection_events"":234,""detectors_checked"":458752}"
      3072,         0,         0,   0.039,exact_mw,cb12ae119b9b2ba18d0216e7235b403229e92fd0743ede48fe7f1a2c6f45d594,"{""distance"":5,""physical_error_rate"":0.0005}","{""detection_events"":1430,""detectors_checked"":688128}"
      3072,         0,         0,   0.039,exact_mw,cb12ae119b9b2ba18d0216e7235b403229e92fd0743ede48fe7f1a2c6f45d594,"{""distance"":5,""physical_error_rate"":0.0005}","{""detection_events"":1553,""detectors_checked"":688128}"
      6144,         0,         0,   0.147,exact_mw,cb12ae119b9b2ba18d0216e7235b403229e92fd0743ede48fe7f1a2c6f45d594,"{""distance"":5,""physical_error_rate"":0.0005}","{""detection_events"":3064,""detectors_checked"":1376256}"
      3072,         0,         0,   0.029,exact_mw,70a969f5042aec17ac076c6379f4170fb7c69b8e925756ef3b7334e28a33338b,"{""distance"":5,""physical_error_rate"":0.0001}","{""detection_events"":291,""detectors_checked"":688128}"
     11264,         0,         0,   0.151,exact_mw,70a969f5042aec17ac076c6379f4170fb7c69b8e925756ef3b7334e28a33338b,"{""distance"":5,""physical_error_rate"":0.0001}","{""detection_events"":1049,""detectors_checked"":2523136}"
      3344,         0,         0,   0.030,exact_mw,70a969f5042aec17ac076c6379f4170fb7c69b8e925756ef3b7334e28a33338b,"{""distance"":5,""physical_error_rate"":0.0001}","{""detection_events"":317,""detectors_checked"":749056}"
      6144,         0,         0,   0.073,exact_mw,70a969f5042aec17ac076c6379f4170fb7c69b8e925756ef3b7334e28a33338b,"{""distance"":5,""physical_error_rate"":0.0001}","{""detection_events"":509,""detectors_checked"":1376256}"
     16384,         0,         0,   0.140,exact_mw,70a969f5042aec17ac076c6379f4170fb7c69b8e925756ef3b7334e28a33338b,"{""distance"":5,""physical_error_rate"":0.0001}","{""detection_events"":1685,""detectors_checked"":3670016}"
      2048,         0,         0,   0.055,exact_mw,cb12ae119b9b2ba18d0216e7235b403229e92fd0743ede48fe7f1a2c6f45d594,"{""distance"":5,""physical_error_rate"":0.0005}","{""detection_events"":1014,""detectors_checked"":458752}"
      2048,         0,         0,   0.027,exact_mw,70a969f5042aec17ac076c6379f4170fb7c69b8e925756ef3b7334e28a33338b,"{""distance"":5,""physical_error_rate"":0.0001}","{""detection_events"":216,""detectors_checked"":458752}"
     10240,         0,         0,   0.098,exact_mw,70a969f5042aec17ac076c6379f4170fb7c69b8e925756ef3b7334e28a33338b,"{""distance"":5,""physical_error_rate"":0.0001}","{""detection_events"":930,""detectors_checked"":2293760}"
     11264,         0,         0,   0.120,exact_mw,70a969f5042aec17ac076c6379f4170fb7c69b8e925756ef3b7334e28a33338b,"{""distance"":5,""physical_error_rate"":0.0001}","{""detection_events"":1125,""detectors_checked"":2523136}"
      3072,         0,         0,   0.057,exact_mw,70a969f5042aec17ac076c6379f4170fb7c69b8e925756ef3b7334e28a33338b,"{""distance"":5,""physical_error_rate"":0.0001}","{""detection_events"":285,""detectors_checked"":688128}"
      4096,         0,         0,   0.057,exact_mw,cb12ae119b9b2ba18d0216e7235b403229e92fd0743ede48fe7f1a2c6f45d594,"{""distance"":5,""physical_error_rate"":0.0005}","{""detection_events"":1893,""detectors_checked"":917504}"
      3072,         0,         0,   0.055,exact_mw,cb12ae119b9b2ba18d0216e7235b403229e92fd0743ede48fe7f1a2c6f45d594,"{""distance"":5,""physical_error_rate"":0.0005}","{""detection_events"":1431,""detectors_checked"":688128}"
      4096,         0,         0,   0.053,exact_mw,70a969f5042aec17ac076c6379f4170fb7c69b8e925756ef3b7334e28a33338b,"{""distance"":5,""physical_error_rate"":0.0001}","{""detection_events"":394,""detectors_checked"":917504}"
      3072,         0,         0,   0.029,exact_mw,70a969f5042aec17ac076c6379f4170fb7c69b8e925756ef3b7334e28a33338b,"{""distance"":5,""physical_error_rate"":0.0001}","{""detection_events"":262,""detectors_checked"":688128}"
    160445,         0,         0,    1.74,exact_mw,70a969f5042aec17ac076c6379f4170fb7c69b8e925756ef3b7334e28a33338b,"{""distance"":5,""physical_error_rate"":0.0001}","{""detection_events"":15805,""detectors_checked"":35939680}"
    275456,         0,         0,    4.04,exact_mw,70a969f5042aec17ac076c6379f4170fb7c69b8e925756ef3b7334e28a33338b,"{""distance"":5,""physical_error_rate"":0.0001}","{""detection_events"":26776,""detectors_checked"":61702144}"
     20480,         0,         0,   0.223,exact_mw,70a969f5042aec17ac076c6379f4170fb7c69b8e925756ef3b7334e28a33338b,"{""distance"":5,""physical_error_rate"":0.0001}","{""detection_events"":2003,""detectors_checked"":4587520}"
      2321,         0,         0,   0.030,exact_mw,cb12ae119b9b2ba18d0216e7235b403229e92fd0743ede48fe7f1a2c6f45d594,"{""distance"":5,""physical_error_rate"":0.0005}","{""detection_events"":1104,""detectors_checked"":519904}"
      1297,         0,         0,   0.028,exact_mw,70a969f5042aec17ac076c6379f4170fb7c69b8e925756ef3b7334e28a33338b,"{""distance"":5,""physical_error_rate"":0.0001}","{""detection_events"":140,""detectors_checked"":290528}"
      4096,         0,         0,   0.083,exact_mw,70a969f5042aec17ac076c6379f4170fb7c69b8e925756ef3b7334e28a33338b,"{""distance"":5,""physical_error_rate"":0.0001}","{""detection_events"":405,""detectors_checked"":917504}"
      3072,         0,         0,   0.054,exact_mw,cb12ae119b9b2ba18d0216e7235b403229e92fd0743ede48fe7f1a2c6f45d594,"{""distance"":5,""physical_error_rate"":0.0005}","{""detection_events"":1620,""detectors_checked"":688128}"
      3072,         0,         0,   0.054,exact_mw,cb12ae119b9b2ba18d0216e7235b403229e92fd0743ede48fe7f1a2c6f45d594,"{""distance"":5,""physical_error_rate"":0.0005}","{""detection_events"":1405,""detectors_checked"":688128}"
      1297,         0,         0,   0.023,exact_mw,cb12ae119b9b2ba18d0216e7235b403229e92fd0743ede48fe7f1a2c6f45d594,"{""distance"":5,""physical_error_rate"":0.0005}","{""detection_events"":663,""detectors_checked"":290528}"
      5120,         0,         0,   0.056,exact_mw,70a969f5042aec17ac076c6379f4170fb7c69b8e925756ef3b7334e28a33338b,"{""distance"":5,""physical_error_rate"":0.0001}","{""detection_events"":450,""detectors_checked"":1146880}"
      3072,         0,         0,   0.082,exact_mw,cb12ae119b9b2ba18d0216e7235b403229e92fd0743ede48fe7f1a2c6f45d594,"{""distance"":5,""physical_error_rate"":0.0005}","{""detection_events"":1491,""detectors_checked"":688128}"
      2048,         0,         0,   0.007,exact_mw,cb12ae119b9b2ba18d0216e7235b403229e92fd0743ede48fe7f1a2c6f45d594,"{""distance"":5,""physical_error_rate"":0.0005}","{""detection_events"":886,""detectors_checked"":458752}"
      4096,         0,         0,   0.054,exact_mw,70a969f5042aec17ac076c6379f4170fb7c69b8e925756ef3b7334e28a33338b,"{""distance"":5,""physical_error_rate"":0.0001}","{""detection_events"":446,""detectors_checked"":917504}"
      1024,         0,         0,   0.027,exact_mw,70a969f5042aec17ac076c6379f4170fb7c69b8e925756ef3b7334e28a33338b,"{""distance"":5,""physical_error_rate"":0.0001}","{""detection_events"":91,""detectors_checked"":229376}"
      4096,         0,         0,   0.083,exact_mw,70a969f5042aec17ac076c6379f4170fb7c69b8e925756ef3b7334e28a33338b,"{""distance"":5,""physical_error_rate"":0.0001}","{""detection_events"":394,""detectors_checked"":917504}"
      2048,         0,         0,   0.026,exact_mw,cb12ae119b9b2ba18d0216e7235b403229e92fd0743ede48fe7f1a2c6f45d594,"{""distance"":5,""physical_error_rate"":0.0005}","{""detection_events"":929,""detectors_checked"":458752}"
    273934,         0,         0,    5.59,exact_mw,70a969f5042aec17ac076c6379f4170fb7c69b8e925756ef3b7334e28a33338b,"{""distance"":5,""physical_error_rate"":0.0001}","{""detection_events"":26701,""detectors_checked"":61361216}"
     19456,         0,         0,   0.310,exact_mw,cb12ae119b9b2ba18d0216e7235b403229e92fd0743ede48fe7f1a2c6f45d594,"{""distance"":5,""physical_error_rate"":0.0005}","{""detection_events"":9481,""detectors_checked"":4358144}"
      2048,         0,         0,   0.028,exact_mw,cb12ae119b9b2ba18d0216e7235b403229e92fd0743ede48fe7f1a2c6f45d594,"{""distance"":5,""physical_error_rate"":0.0005}","{""detection_events"":1036,""detectors_checked"":458752}"
      1024,         0,         0,   0.027,exact_mw,70a969f5042aec17ac076c6379f4170fb7c69b8e925756ef3b7334e28a33338b,"{""distance"":5,""physical_error_rate"":0.0001}","{""detection_events"":128,""detectors_checked"":229376}"
      3072,         0,         0,   0.032,exact_mw,cb12ae119b9b2ba18d0216e7235b403229e92fd0743ede48fe7f1a2c6f45d594,"{""distance"":5,""physical_error_rate"":0.0005}","{""detection_events"":1362,""detectors_checked"":688128}"
      5120,         0,         0,   0.056,exact_mw,70a969f5042aec17ac076c6379f4170fb7c69b8e925756ef3b7334e28a33338b,"{""distance"":5,""physical_error_rate"":0.0001}","{""detection_events"":484,""detectors_checked"":1146880}"
      2048,         0,         0,   0.029,exact_mw,cb12ae119b9b2ba18d0216e7235b403229e92fd0743ede48fe7f1a2c6f45d594,"{""distance"":5,""physical_error_rate"":0.0005}","{""detection_events"":1128,""detectors_checked"":458752}"
      2048,         0,         0,   0.030,exact_mw,70a969f5042aec17ac076c6379f4170fb7c69b8e925756ef3b7334e28a33338b,"{""distance"":5,""physical_error_rate"":0.0001}","{""detection_events"":207,""detectors_checked"":458752}"
      5120,         0,         0,   0.084,exact_mw,cb12ae119b9b2ba18d0216e7235b403229e92fd0743ede48fe7f1a2c6f45d594,"{""distance"":5,""physical_error_rate"":0.0005}","{""detection_events"":2466,""detectors_checked"":1146880}"
      6144,         0,         0,   0.086,exact_mw,cb12ae119b9b2ba18d0216e7235b403229e92fd0743ede48fe7f1a2c6f45d594,"{""distance"":5,""physical_error_rate"":0.0005}","{""detection_events"":3010,""detectors_checked"":1376256}"
     11264,         0,         0,   0.199,exact_mw,70a969f5042aec17ac076c6379f4170fb7c69b8e925756ef3b7334e28a33338b,"{""distance"":5,""physical_error_rate"":0.0001}","{""detection_events"":1122,""detectors_checked"":2523136}"
      7168,         0,         0,   0.061,exact_mw,70a969f5042aec17ac076c6379f4170fb7c69b8e925756ef3b7334e28a33338b,"{""distance"":5,""physical_error_rate"":0.0001}","{""detection_events"":690,""detectors_checked"":1605632}"
      2048,         0,         0,   0.030,exact_mw,cb12ae119b9b2ba18d0216e7235b403229e92fd0743ede48fe7f1a2c6f45d594,"{""distance"":5,""physical_error_rate"":0.0005}","{""detection_events"":902,""detectors_checked"":458752}"
      8192,         0,         0,   0.199,exact_mw,cb12ae119b9b2ba18d0216e7235b403229e92fd0743ede48fe7f1a2c6f45d594,"{""distance"":5,""physical_error_rate"":0.0005}","{""detection_events"":4090,""detectors_checked"":1835008}"
      9216,         0,         0,   0.211,exact_mw,cb12ae119b9b2ba18d0216e7235b403229e92fd0743ede48fe7f1a2c6f45d594,"{""distance"":5,""physical_error_rate"":0.0005}","{""detection_events"":4536,""detectors_checked"":2064384}"
     15360,         0,         0,   0.169,exact_mw,70a969f5042aec17ac076c6379f4170fb7c69b8e925756ef3b7334e28a33338b,"{""distance"":5,""physical_error_rate"":0.0001}","{""detection_events"":1550,""detectors_checked"":3440640}"
   2541568,         0,         0,    87.0,exact_mw,cb12ae119b9b2ba18d0216e7235b403229e92fd0743ede48fe7f1a2c6f45d594,"{""distance"":5,""physical_error_rate"":0.0005}","{""detection_events"":1252154,""detectors_checked"":569311232}"
      8192,         0,         0,   0.112,exact_mw,70a969f5042aec17ac076c6379f4170fb7c69b8e925756ef3b7334e28a33338b,"{""distance"":5,""physical_error_rate"":0.0001}","{""detection_events"":812,""detectors_checked"":1835008}"
      4096,         0,         0,   0.109,exact_mw,cb12ae119b9b2ba18d0216e7235b403229e92fd0743ede48fe7f1a2c6f45d594,"{""distance"":5,""physical_error_rate"":0.0005}","{""detection_events"":2047,""detectors_checked"":917504}"
      3072,         0,         0,   0.054,exact_mw,cb12ae119b9b2ba18d0216e7235b403229e92fd0743ede48fe7f1a2c6f45d594,"{""distance"":5,""physical_error_rate"":0.0005}","{""detection_events"":1366,""detectors_checked"":688128}"
     16384,         0,         0,   0.226,exact_mw,70a969f5042aec17ac076c6379f4170fb7c69b8e925756ef3b7334e28a33338b,"{""distance"":5,""physical_error_rate"":0.0001}","{""detection_events"":1757,""detectors_checked"":3670016}"
     23552,         0,         0,   0.206,exact_mw,70a969f5042aec17ac076c6379f4170fb7c69b8e925756ef3b7334e28a33338b,"{""distance"":5,""physical_error_rate"":0.0001}","{""detection_events"":2285,""detectors_checked"":5275648}"
      3072,         0,         0,   0.056,exact_mw,70a969f5042aec17ac076c6379f4170fb7c69b8e925756ef3b7334e28a33338b,"{""distance"":5,""physical_error_rate"":0.0001}","{""detection_events"":320,""detectors_checked"":688128}"
     14336,         0,         0,   0.200,exact_mw,70a969f5042aec17ac076c6379f4170fb7c69b8e925756ef3b7334e28a33338b,"{""distance"":5,""physical_error_rate"":0.0001}","{""detection_events"":1493,""detectors_checked"":3211264}"
      6144,         0,         0,   0.114,exact_mw,70a969f5042aec17ac076c6379f4170fb7c69b8e925756ef3b7334e28a33338b,"{""distance"":5,""physical_error_rate"":0.0001}","{""detection_events"":657,""detectors_checked"":1376256}"
     17408,         0,         0,   0.297,exact_mw,cb12ae119b9b2ba18d0216e7235b403229e92fd0743ede48fe7f1a2c6f45d594,"{""distance"":5,""physical_error_rate"":0.0005}","{""detection_events"":8616,""detectors_checked"":3899392}"
      3072,         0,         0,   0.053,exact_mw,cb12ae119b9b2ba18d0216e7235b403229e92fd0743ede48fe7f1a2c6f45d594,"{""distance"":5,""physical_error_rate"":0.0005}","{""detection_events"":1390,""detectors_checked"":688128}"
      7168,         0,         0,   0.061,exact_mw,70a969f5042aec17ac076c6379f4170fb7c69b8e925756ef3b7334e28a33338b,"{""distance"":5,""physical_error_rate"":0.0001}","{""detection_events"":769,""detectors_checked"":1605632}"
      3072,         0,         0,   0.058,exact_mw,70a969f5042aec17ac076c6379f4170fb7c69b8e925756ef3b7334e28a33338b,"{""distance"":5,""physical_error_rate"":0.0001}","{""detection_events"":273,""detectors_checked"":688128}"
      1297,         0,         0,   0.027,exact_mw,cb12ae119b9b2ba18d0216e7235b403229e92fd0743ede48fe7f1a2c6f45d594,"{""distance"":5,""physical_error_rate"":0.0005}","{""detection_events"":680,""detectors_checked"":290528}"
      8192,         0,         0,   0.112,exact_mw,cb12ae119b9b2ba18d0216e7235b403229e92fd0743ede48fe7f1a2c6f45d594,"{""distance"":5,""physical_error_rate"":0.0005}","{""detection_events"":3998,""detectors_checked"":1835008}"
      3072,         0,         0,   0.056,exact_mw,cb12ae119b9b2ba18d0216e7235b403229e92fd0743ede48fe7f1a2c6f45d594,"{""distance"":5,""physical_error_rate"":0.0005}","{""detection_events"":1385,""detectors_checked"":688128}"
     10240,         0,         0,   0.106,exact_mw,70a969f5042aec17ac076c6379f4170fb7c69b8e925756ef3b7334e28a33338b,"{""distance"":5,""physical_error_rate"":0.0001}","{""detection_events"":880,""detectors_checked"":2293760}"
      4096,         0,         0,   0.056,exact_mw,cb12ae119b9b2ba18d0216e7235b403229e92fd0743ede48fe7f1a2c6f45d594,"{""distance"":5,""physical_error_rate"":0.0005}","{""detection_events"":2043,""detectors_checked"":917504}"
         1,         0,         0,   0.000,exact_mw,cb12ae119b9b2ba18d0216e7235b403229e92fd0743ede48fe7f1a2c6f45d594,"{""distance"":5,""physical_error_rate"":0.0005}","{""detectors_checked"":224}"
         1,         0,         0,   0.000,exact_mw,70a969f5042aec17ac076c6379f4170fb7c69b8e925756ef3b7334e28a33338b,"{""distance"":5,""physical_error_rate"":0.0001}","{""detectors_checked"":224}"
      2321,         0,         0,   0.032,exact_mw,70a969f5042aec17ac076c6379f4170fb7c69b8e925756ef3b7334e28a33338b,"{""distance"":5,""physical_error_rate"":0.0001}","{""detection_events"":226,""detectors_checked"":519904}"
      1024,         0,         0,   0.003,exact_mw,70a969f5042aec17ac076c6379f4170fb7c69b8e925756ef3b7334e28a33338b,"{""distance"":5,""physical_error_rate"":0.0001}","{""detection_events"":93,""detectors_checked"":229376}"
      7168,         0,         0,   0.112,exact_mw,cb12ae119b9b2ba18d0216e7235b403229e92fd0743ede48fe7f1a2c6f45d594,"{""distance"":5,""physical_error_rate"":0.0005}","{""detection_events"":3390,""detectors_checked"":1605632}"
      2048,         0,         0,   0.027,exact_mw,cb12ae119b9b2ba18d0216e7235b403229e92fd0743ede48fe7f1a2c6f45d594,"{""distance"":5,""physical_error_rate"":0.0005}","{""detection_events"":1009,""detectors_checked"":458752}"
      3344,         0,         0,   0.016,exact_mw,70a969f5042aec17ac076c6379f4170fb7c69b8e925756ef3b7334e28a33338b,"{""distance"":5,""physical_error_rate"":0.0001}","{""detection_events"":312,""detectors_checked"":749056}"
      1024,         0,         0,   0.024,exact_mw,cb12ae119b9b2ba18d0216e7235b403229e92fd0743ede48fe7f1a2c6f45d594,"{""distance"":5,""physical_error_rate"":0.0005}","{""detection_events"":491,""detectors_checked"":229376}"
     53248,         0,         0,   0.804,exact_mw,cb12ae119b9b2ba18d0216e7235b403229e92fd0743ede48fe7f1a2c6f45d594,"{""distance"":5,""physical_error_rate"":0.0005}","{""detection_events"":25999,""detectors_checked"":11927552}"
     26624,         0,         0,   0.282,exact_mw,70a969f5042aec17ac076c6379f4170fb7c69b8e925756ef3b7334e28a33338b,"{""distance"":5,""physical_error_rate"":0.0001}","{""detection_events"":2559,""detectors_checked"":5963776}"
      3072,         0,         0,   0.033,exact_mw,70a969f5042aec17ac076c6379f4170fb7c69b8e925756ef3b7334e28a33338b,"{""distance"":5,""physical_error_rate"":0.0001}","{""detection_events"":225,""detectors_checked"":688128}"
     10240,         0,         0,   0.105,exact_mw,70a969f5042aec17ac076c6379f4170fb7c69b8e925756ef3b7334e28a33338b,"{""distance"":5,""physical_error_rate"":0.0001}","{""detection_events"":1029,""detectors_checked"":2293760}"
    263672,         0,         0,    3.54,exact_mw,70a969f5042aec17ac076c6379f4170fb7c69b8e925756ef3b7334e28a33338b,"{""distance"":5,""physical_error_rate"":0.0001}","{""detection_events"":25878,""detectors_checked"":59062528}"
     13312,         0,         0,   0.157,exact_mw,70a969f5042aec17ac076c6379f4170fb7c69b8e925756ef3b7334e28a33338b,"{""distance"":5,""physical_error_rate"":0.0001}","{""detection_events"":1216,""detectors_checked"":2981888}"
      7168,         0,         0,   0.150,exact_mw,cb12ae119b9b2ba18d0216e7235b403229e92fd0743ede48fe7f1a2c6f45d594,"{""distance"":5,""physical_error_rate"":0.0005}","{""detection_events"":3347,""detectors_checked"":1605632}"
      3072,         0,         0,   0.029,exact_mw,70a969f5042aec17ac076c6379f4170fb7c69b8e925756ef3b7334e28a33338b,"{""distance"":5,""physical_error_rate"":0.0001}","{""detection_events"":313,""detectors_checked"":688128}"
      3344,         0,         0,   0.054,exact_mw,cb12ae119b9b2ba18d0216e7235b403229e92fd0743ede48fe7f1a2c6f45d594,"{""distance"":5,""physical_error_rate"":0.0005}","{""detection_events"":1786,""detectors_checked"":749056}"
      5120,         0,         0,   0.059,exact_mw,cb12ae119b9b2ba18d0216e7235b403229e92fd0743ede48fe7f1a2c6f45d594,"{""distance"":5,""physical_error_rate"":0.0005}","{""detection_events"":2606,""detectors_checked"":1146880}"
      6144,         0,         0,   0.071,exact_mw,cb12ae119b9b2ba18d0216e7235b403229e92fd0743ede48fe7f1a2c6f45d594,"{""distance"":5,""physical_error_rate"":0.0005}","{""detection_events"":2971,""detectors_checked"":1376256}"
      5120,         0,         0,   0.089,exact_mw,70a969f5042aec17ac076c6379f4170fb7c69b8e925756ef3b7334e28a33338b,"{""distance"":5,""physical_error_rate"":0.0001}","{""detection_events"":554,""detectors_checked"":1146880}"
      9216,         0,         0,   0.146,exact_mw,70a969f5042aec17ac076c6379f4170fb7c69b8e925756ef3b7334e28a33338b,"{""distance"":5,""physical_error_rate"":0.0001}","{""detection_events"":789,""detectors_checked"":2064384}"
      2048,         0,         0,   0.026,exact_mw,cb12ae119b9b2ba18d0216e7235b403229e92fd0743ede48fe7f1a2c6f45d594,"{""distance"":5,""physical_error_rate"":0.0005}","{""detection_events"":1055,""detectors_checked"":458752}"
      4096,         0,         0,   0.028,exact_mw,70a969f5042aec17ac076c6379f4170fb7c69b8e925756ef3b7334e28a33338b,"{""distance"":5,""physical_error_rate"":0.0001}","{""detection_events"":435,""detectors_checked"":917504}"
     53248,         0,         0,   0.761,exact_mw,cb12ae119b9b2ba18d0216e7235b403229e92fd0743ede48fe7f1a2c6f45d594,"{""distance"":5,""physical_error_rate"":0.0005}","{""detection_events"":26719,""detectors_checked"":11927552}"
     28672,         0,         0,   0.428,exact_mw,70a969f5042aec17ac076c6379f4170fb7c69b8e925756ef3b7334e28a33338b,"{""distance"":5,""physical_error_rate"":0.0001}","{""detection_events"":2839,""detectors_checked"":6422528}"
     16384,         0,         0,   0.214,exact_mw,70a969f5042aec17ac076c6379f4170fb7c69b8e925756ef3b7334e28a33338b,"{""distance"":5,""physical_error_rate"":0.0001}","{""detection_events"":1681,""detectors_checked"":3670016}"
         1,         0,         0,   0.000,exact_mw,70a969f5042aec17ac076c6379f4170fb7c69b8e925756ef3b7334e28a33338b,"{""distance"":5,""physical_error_rate"":0.0001}","{""detectors_checked"":224}"
      1024,         0,         0,   0.003,exact_mw,70a969f5042aec17ac076c6379f4170fb7c69b8e925756ef3b7334e28a33338b,"{""distance"":5,""physical_error_rate"":0.0001}","{""detection_events"":77,""detectors_checked"":229376}"
      1024,         0,         0,   0.004,exact_mw,cb12ae119b9b2ba18d0216e7235b403229e92fd0743ede48fe7f1a2c6f45d594,"{""distance"":5,""physical_error_rate"":0.0005}","{""detection_events"":454,""detectors_checked"":229376}"
      2048,         0,         0,   0.049,exact_mw,cb12ae119b9b2ba18d0216e7235b403229e92fd0743ede48fe7f1a2c6f45d594,"{""distance"":5,""physical_error_rate"":0.0005}","{""detection_events"":997,""detectors_checked"":458752}"
      1024,         0,         0,   0.003,exact_mw,cb12ae119b9b2ba18d0216e7235b403229e92fd0743ede48fe7f1a2c6f45d594,"{""distance"":5,""physical_error_rate"":0.0005}","{""detection_events"":448,""detectors_checked"":229376}"
     10240,         0,         0,   0.147,exact_mw,cb12ae119b9b2ba18d0216e7235b403229e92fd0743ede48fe7f1a2c6f45d594,"{""distance"":5,""physical_error_rate"":0.0005}","{""detection_events"":5016,""detectors_checked"":2293760}"
      3072,         0,         0,   0.028,exact_mw,70a969f5042aec17ac076c6379f4170fb7c69b8e925756ef3b7334e28a33338b,"{""distance"":5,""physical_error_rate"":0.0001}","{""detection_events"":358,""detectors_checked"":688128}"
      2320,         0,         0,   0.015,exact_mw,70a969f5042aec17ac076c6379f4170fb7c69b8e925756ef3b7334e28a33338b,"{""distance"":5,""physical_error_rate"":0.0001}","{""detection_events"":270,""detectors_checked"":519680}"
    166441,         0,         0,    2.12,exact_mw,70a969f5042aec17ac076c6379f4170fb7c69b8e925756ef3b7334e28a33338b,"{""distance"":5,""physical_error_rate"":0.0001}","{""detection_events"":16553,""detectors_checked"":37282784}"
     10240,         0,         0,   0.128,exact_mw,cb12ae119b9b2ba18d0216e7235b403229e92fd0743ede48fe7f1a2c6f45d594,"{""distance"":5,""physical_error_rate"":0.0005}","{""detection_events"":4907,""detectors_checked"":2293760}"
     13312,         0,         0,   0.162,exact_mw,70a969f5042aec17ac076c6379f4170fb7c69b8e925756ef3b7334e28a33338b,"{""distance"":5,""physical_error_rate"":0.0001}","{""detection_events"":1272,""detectors_checked"":2981888}"
      7168,         0,         0,   0.112,exact_mw,70a969f5042aec17ac076c6379f4170fb7c69b8e925756ef3b7334e28a33338b,"{""distance"":5,""physical_error_rate"":0.0001}","{""detection_events"":706,""detectors_checked"":1605632}"
     25600,         0,         0,   0.291,exact_mw,70a969f5042aec17ac076c6379f4170fb7c69b8e925756ef3b7334e28a33338b,"{""distance"":5,""physical_error_rate"":0.0001}","{""detection_events"":2565,""detectors_checked"":5734400}"
    593920,         1,         0,    11.6,exact_mw,cb12ae119b9b2ba18d0216e7235b403229e92fd0743ede48fe7f1a2c6f45d594,"{""distance"":5,""physical_error_rate"":0.0005}","{""detection_events"":292321,""detectors_checked"":133038080,""obs_mistake_mask=E"":1}"
      9216,         0,         0,   0.308,exact_mw,cb12ae119b9b2ba18d0216e7235b403229e92fd0743ede48fe7f1a2c6f45d594,"{""distance"":5,""physical_error_rate"":0.0005}","{""detection_events"":4716,""detectors_checked"":2064384}"
      6144,         0,         0,   0.106,exact_mw,cb12ae119b9b2ba18d0216e7235b403229e92fd0743ede48fe7f1a2c6f45d594,"{""distance"":5,""physical_error_rate"":0.0005}","{""detection_events"":2829,""detectors_checked"":1376256}"
     11264,         0,         0,   0.276,exact_mw,cb12ae119b9b2ba18d0216e7235b403229e92fd0743ede48fe7f1a2c6f45d594,"{""distance"":5,""physical_error_rate"":0.0005}","{""detection_events"":5829,""detectors_checked"":2523136}"
      2048,         0,         0,   0.037,exact_mw,70a969f5042aec17ac076c6379f4170fb7c69b8e925756ef3b7334e28a33338b,"{""distance"":5,""physical_error_rate"":0.0001}","{""detection_events"":173,""detectors_checked"":458752}"
     11264,         0,         0,   0.149,exact_mw,70a969f5042aec17ac076c6379f4170fb7c69b8e925756ef3b7334e28a33338b,"{""distance"":5,""physical_error_rate"":0.0001}","{""detection_events"":1031,""detectors_checked"":2523136}"
      7168,         1,         0,   0.107,exact_mw,cb12ae119b9b2ba18d0216e7235b403229e92fd0743ede48fe7f1a2c6f45d594,"{""distance"":5,""physical_error_rate"":0.0005}","{""detection_events"":3285,""detectors_checked"":1605632,""obs_mistake_mask=E"":1}"
      5120,         0,         0,   0.059,exact_mw,70a969f5042aec17ac076c6379f4170fb7c69b8e925756ef3b7334e28a33338b,"{""distance"":5,""physical_error_rate"":0.0001}","{""detection_events"":503,""detectors_checked"":1146880}"
    232521,         0,         0,    2.72,exact_mw,70a969f5042aec17ac076c6379f4170fb7c69b8e925756ef3b7334e28a33338b,"{""distance"":5,""physical_error_rate"":0.0001}","{""detection_events"":22834,""detectors_checked"":52084704}"
      3072,         0,         0,   0.013,exact_mw,70a969f5042aec17ac076c6379f4170fb7c69b8e925756ef3b7334e28a33338b,"{""distance"":5,""physical_error_rate"":0.0001}","{""detection_events"":314,""detectors_checked"":688128}"
    661504,         0,         0,    11.6,exact_mw,cb12ae119b9b2ba18d0216e7235b403229e92fd0743ede48fe7f1a2c6f45d594,"{""distance"":5,""physical_error_rate"":0.0005}","{""detection_events"":324976,""detectors_checked"":148176896}"
    692224,         0,         0,    11.6,exact_mw,cb12ae119b9b2ba18d0216e7235b403229e92fd0743ede48fe7f1a2c6f45d594,"{""distance"":5,""physical_error_rate"":0.0005}","{""detection_events"":341067,""detectors_checked"":155058176}"
      4096,         0,         0,   0.046,exact_mw,cb12ae119b9b2ba18d0216e7235b403229e92fd0743ede48fe7f1a2c6f45d594,"{""distance"":5,""physical_error_rate"":0.0005}","{""detection_events"":1966,""detectors_checked"":917504}"
      1024,         0,         0,   0.003,exact_mw,cb12ae119b9b2ba18d0216e7235b403229e92fd0743ede48fe7f1a2c6f45d594,"{""distance"":5,""physical_error_rate"":0.0005}","{""detection_events"":512,""detectors_checked"":229376}"
      7168,         0,         0,   0.074,exact_mw,70a969f5042aec17ac076c6379f4170fb7c69b8e925756ef3b7334e28a33338b,"{""distance"":5,""physical_error_rate"":0.0001}","{""detection_events"":674,""detectors_checked"":1605632}"
     27648,         0,         0,   0.303,exact_mw,70a969f5042aec17ac076c6379f4170fb7c69b8e925756ef3b7334e28a33338b,"{""distance"":5,""physical_error_rate"":0.0001}","{""detection_events"":2639,""detectors_checked"":6193152}"
     17408,         0,         0,   0.207,exact_mw,70a969f5042aec17ac076c6379f4170fb7c69b8e925756ef3b7334e28a33338b,"{""distance"":5,""physical_error_rate"":0.0001}","{""detection_events"":1716,""detectors_checked"":3899392}"
     23552,         0,         0,   0.406,exact_mw,cb12ae119b9b2ba18d0216e7235b403229e92fd0743ede48fe7f1a2c6f45d594,"{""distance"":5,""physical_error_rate"":0.0005}","{""detection_events"":11748,""detectors_checked"":5275648}"
     22528,         0,         0,   0.285,exact_mw,70a969f5042aec17ac076c6379f4170fb7c69b8e925756ef3b7334e28a33338b,"{""distance"":5,""physical_error_rate"":0.0001}","{""detection_events"":2244,""detectors_checked"":5046272}"
      4096,         0,         0,   0.053,exact_mw,70a969f5042aec17ac076c6379f4170fb7c69b8e925756ef3b7334e28a33338b,"{""distance"":5,""physical_error_rate"":0.0001}","{""detection_events"":411,""detectors_checked"":917504}"
      5120,         0,         0,   0.071,exact_mw,cb12ae119b9b2ba18d0216e7235b403229e92fd0743ede48fe7f1a2c6f45d594,"{""distance"":5,""physical_error_rate"":0.0005}","{""detection_events"":2417,""detectors_checked"":1146880}"
         1,         0,         0,   0.000,exact_mw,cb12ae119b9b2ba18d0216e7235b403229e92fd0743ede48fe7f1a2c6f45d594,"{""distance"":5,""physical_error_rate"":0.0005}","{""detection_events"":11,""detectors_checked"":224}"
     21504,         0,         0,   0.307,exact_mw,70a969f5042aec17ac076c6379f4170fb7c69b8e925756ef3b7334e28a33338b,"{""distance"":5,""physical_error_rate"":0.0001}","{""detection_events"":2109,""detectors_checked"":4816896}"
      5120,         0,         0,   0.078,exact_mw,70a969f5042aec17ac076c6379f4170fb7c69b8e925756ef3b7334e28a33338b,"{""distance"":5,""physical_error_rate"":0.0001}","{""detection_events"":485,""detectors_checked"":1146880}"
     10240,         0,         0,   0.226,exact_mw,cb12ae119b9b2ba18d0216e7235b403229e92fd0743ede48fe7f1a2c6f45d594,"{""distance"":5,""physical_error_rate"":0.0005}","{""detection_events"":5014,""detectors_checked"":2293760}"
      4096,         0,         0,   0.041,exact_mw,70a969f5042aec17ac076c6379f4170fb7c69b8e925756ef3b7334e28a33338b,"{""distance"":5,""physical_error_rate"":0.0001}","{""detection_events"":347,""detectors_checked"":917504}"
     15360,         0,         0,   0.189,exact_mw,70a969f5042aec17ac076c6379f4170fb7c69b8e925756ef3b7334e28a33338b,"{""distance"":5,""physical_error_rate"":0.0001}","{""detection_events"":1536,""detectors_checked"":3440640}"
      1296,         0,         0,   0.032,exact_mw,cb12ae119b9b2ba18d0216e7235b403229e92fd0743ede48fe7f1a2c6f45d594,"{""distance"":5,""physical_error_rate"":0.0005}","{""detection_events"":654,""detectors_checked"":290304}"
      1297,         0,         0,   0.027,exact_mw,cb12ae119b9b2ba18d0216e7235b403229e92fd0743ede48fe7f1a2c6f45d594,"{""distance"":5,""physical_error_rate"":0.0005}","{""detection_events"":624,""detectors_checked"":290528}"
    249187,         0,         0,    5.96,exact_mw,70a969f5042aec17ac076c6379f4170fb7c69b8e925756ef3b7334e28a33338b,"{""distance"":5,""physical_error_rate"":0.0001}","{""detection_events"":24327,""detectors_checked"":55817888}"
    244736,         0,         0,    3.23,exact_mw,70a969f5042aec17ac076c6379f4170fb7c69b8e925756ef3b7334e28a33338b,"{""distance"":5,""physical_error_rate"":0.0001}","{""detection_events"":23980,""detectors_checked"":54820864}"
      4096,         0,         0,   0.079,exact_mw,cb12ae119b9b2ba18d0216e7235b403229e92fd0743ede48fe7f1a2c6f45d594,"{""distance"":5,""physical_error_rate"":0.0005}","{""detection_events"":1977,""detectors_checked"":917504}"
      4096,         0,         0,   0.059,exact_mw,70a969f5042aec17ac076c6379f4170fb7c69b8e925756ef3b7334e28a33338b,"{""distance"":5,""physical_error_rate"":0.0001}","{""detection_events"":430,""detectors_checked"":917504}"
      9216,         0,         0,   0.133,exact_mw,cb12ae119b9b2ba18d0216e7235b403229e92fd0743ede48fe7f1a2c6f45d594,"{""distance"":5,""physical_error_rate"":0.0005}","{""detection_events"":4589,""detectors_checked"":2064384}"
      3072,         0,         0,   0.061,exact_mw,cb12ae119b9b2ba18d0216e7235b403229e92fd0743ede48fe7f1a2c6f45d594,"{""distance"":5,""physical_error_rate"":0.0005}","{""detection_events"":1525,""detectors_checked"":688128}"
      1024,         0,         0,   0.028,exact_mw,cb12ae119b9b2ba18d0216e7235b403229e92fd0743ede48fe7f1a2c6f45d594,"{""distance"":5,""physical_error_rate"":0.0005}","{""detection_events"":501,""detectors_checked"":229376}"
      3072,         0,         0,   0.032,exact_mw,cb12ae119b9b2ba18d0216e7235b403229e92fd0743ede48fe7f1a2c6f45d594,"{""distance"":5,""physical_error_rate"":0.0005}","{""detection_events"":1615,""detectors_checked"":688128}"
     11264,         0,         0,   0.136,exact_mw,cb12ae119b9b2ba18d0216e7235b403229e92fd0743ede48fe7f1a2c6f45d594,"{""distance"":5,""physical_error_rate"":0.0005}","{""detection_events"":5476,""detectors_checked"":2523136}"
     13312,         0,         0,   0.152,exact_mw,70a969f5042aec17ac076c6379f4170fb7c69b8e925756ef3b7334e28a33338b,"{""distance"":5,""physical_error_rate"":0.0001}","{""detection_events"":1321,""detectors_checked"":2981888}"
     20480,         0,         0,   0.419,exact_mw,cb12ae119b9b2ba18d0216e7235b403229e92fd0743ede48fe7f1a2c6f45d594,"{""distance"":5,""physical_error_rate"":0.0005}","{""detection_events"":9933,""detectors_checked"":4587520}"
      1024,         0,         0,   0.030,exact_mw,cb12ae119b9b2ba18d0216e7235b403229e92fd0743ede48fe7f1a2c6f45d594,"{""distance"":5,""physical_error_rate"":0.0005}","{""detection_events"":530,""detectors_checked"":229376}"
     13312,         0,         0,   0.223,exact_mw,cb12ae119b9b2ba18d0216e7235b403229e92fd0743ede48fe7f1a2c6f45d594,"{""distance"":5,""physical_error_rate"":0.0005}","{""detection_events"":6543,""detectors_checked"":2981888}"
      2048,         0,         0,   0.034,exact_mw,cb12ae119b9b2ba18d0216e7235b403229e92fd0743ede48fe7f1a2c6f45d594,"{""distance"":5,""physical_error_rate"":0.0005}","{""detection_events"":1041,""detectors_checked"":458752}"
     19456,         0,         0,   0.206,exact_mw,70a969f5042aec17ac076c6379f4170fb7c69b8e925756ef3b7334e28a33338b,"{""distance"":5,""physical_error_rate"":0.0001}","{""detection_events"":2055,""detectors_checked"":4358144}"
      5120,         0,         0,   0.093,exact_mw,70a969f5042aec17ac076c6379f4170fb7c69b8e925756ef3b7334e28a33338b,"{""distance"":5,""physical_error_rate"":0.0001}","{""detection_events"":480,""detectors_checked"":1146880}"
     15360,         0,         0,   0.219,exact_mw,cb12ae119b9b2ba18d0216e7235b403229e92fd0743ede48fe7f1a2c6f45d594,"{""distance"":5,""physical_error_rate"":0.0005}","{""detection_events"":7416,""detectors_checked"":3440640}"
      1297,         0,         0,   0.004,exact_mw,70a969f5042aec17ac076c6379f4170fb7c69b8e925756ef3b7334e28a33338b,"{""distance"":5,""physical_error_rate"":0.0001}","{""detection_events"":171,""detectors_checked"":290528}"
     13312,         0,         0,   0.105,exact_mw,70a969f5042aec17ac076c6379f4170fb7c69b8e925756ef3b7334e28a33338b,"{""distance"":5,""physical_error_rate"":0.0001}","{""detection_events"":1248,""detectors_checked"":2981888}"
      2048,         0,         0,   0.029,exact_mw,cb12ae119b9b2ba18d0216e7235b403229e92fd0743ede48fe7f1a2c6f45d594,"{""distance"":5,""physical_error_rate"":0.0005}","{""detection_events"":994,""detectors_checked"":458752}"
      8192,         0,         0,   0.076,exact_mw,70a969f5042aec17ac076c6379f4170fb7c69b8e925756ef3b7334e28a33338b,"{""distance"":5,""physical_error_rate"":0.0001}","{""detection_events"":882,""detectors_checked"":1835008}"
     28672,         0,         0,   0.287,exact_mw,70a969f5042aec17ac076c6379f4170fb7c69b8e925756ef3b7334e28a33338b,"{""distance"":5,""physical_error_rate"":0.0001}","{""detection_events"":2901,""detectors_checked"":6422528}"
      3072,         0,         0,   0.062,exact_mw,cb12ae119b9b2ba18d0216e7235b403229e92fd0743ede48fe7f1a2c6f45d594,"{""distance"":5,""physical_error_rate"":0.0005}","{""detection_events"":1553,""detectors_checked"":688128}"
      1024,         0,         0,   0.003,exact_mw,70a969f5042aec17ac076c6379f4170fb7c69b8e925756ef3b7334e28a33338b,"{""distance"":5,""physical_error_rate"":0.0001}","{""detection_events"":131,""detectors_checked"":229376}"
     26624,         0,         0,   0.206,exact_mw,70a969f5042aec17ac076c6379f4170fb7c69b8e925756ef3b7334e28a33338b,"{""distance"":5,""physical_error_rate"":0.0001}","{""detection_events"":2517,""detectors_checked"":5963776}"
      1024,         0,         0,   0.003,exact_mw,70a969f5042aec17ac076c6379f4170fb7c69b8e925756ef3b7334e28a33338b,"{""distance"":5,""physical_error_rate"":0.0001}","{""detection_events"":110,""detectors_checked"":229376}"
      4096,         0,         0,   0.114,exact_mw,cb12ae119b9b2ba18d0216e7235b403229e92fd0743ede48fe7f1a2c6f45d594,"{""distance"":5,""physical_error_rate"":0.0005}","{""detection_events"":1949,""detectors_checked"":917504}"
      2048,         0,         0,   0.121,exact_mw,cb12ae119b9b2ba18d0216e7235b403229e92fd0743ede48fe7f1a2c6f45d594,"{""distance"":5,""physical_error_rate"":0.0005}","{""detection_events"":1030,""detectors_checked"":458752}"
      4096,         0,         0,   0.044,exact_mw,cb12ae119b9b2ba18d0216e7235b403229e92fd0743ede48fe7f1a2c6f45d594,"{""distance"":5,""physical_error_rate"":0.0005}","{""detection_events"":2105,""detectors_checked"":917504}"
     36864,         0,         0,   0.405,exact_mw,70a969f5042aec17ac076c6379f4170fb7c69b8e925756ef3b7334e28a33338b,"{""distance"":5,""physical_error_rate"":0.0001}","{""detection_events"":3699,""detectors_checked"":8257536}"
      3072,         0,         0,   0.038,exact_mw,70a969f5042aec17ac076c6379f4170fb7c69b8e925756ef3b7334e28a33338b,"{""distance"":5,""physical_error_rate"":0.0001}","{""detection_events"":348,""detectors_checked"":688128}"
      2048,         0,         0,   0.057,exact_mw,cb12ae119b9b2ba18d0216e7235b403229e92fd0743ede48fe7f1a2c6f45d594,"{""distance"":5,""physical_error_rate"":0.0005}","{""detection_events"":902,""detectors_checked"":458752}"
      7168,         0,         0,   0.120,exact_mw,70a969f5042aec17ac076c6379f4170fb7c69b8e925756ef3b7334e28a33338b,"{""distance"":5,""physical_error_rate"":0.0001}","{""detection_events"":683,""detectors_checked"":1605632}"
      4096,         0,         0,   0.057,exact_mw,cb12ae119b9b2ba18d0216e7235b403229e92fd0743ede48fe7f1a2c6f45d594,"{""distance"":5,""physical_error_rate"":0.0005}","{""detection_events"":2008,""detectors_checked"":917504}"
      3072,         0,         0,   0.048,exact_mw,70a969f5042aec17ac076c6379f4170fb7c69b8e925756ef3b7334e28a33338b,"{""distance"":5,""physical_error_rate"":0.0001}","{""detection_events"":245,""detectors_checked"":688128}"
     13312,         0,         0,   0.100,exact_mw,70a969f5042aec17ac076c6379f4170fb7c69b8e925756ef3b7334e28a33338b,"{""distance"":5,""physical_error_rate"":0.0001}","{""detection_events"":1351,""detectors_checked"":2981888}"
      1297,         0,         0,   0.028,exact_mw,70a969f5042aec17ac076c6379f4170fb7c69b8e925756ef3b7334e28a33338b,"{""distance"":5,""physical_error_rate"":0.0001}","{""detection_events"":116,""detectors_checked"":290528}"
     12288,         0,         0,   0.219,exact_mw,cb12ae119b9b2ba18d0216e7235b403229e92fd0743ede48fe7f1a2c6f45d594,"{""distance"":5,""physical_error_rate"":0.0005}","{""detection_events"":6343,""detectors_checked"":2752512}"
     13312,         0,         0,   0.134,exact_mw,70a969f5042aec17ac076c6379f4170fb7c69b8e925756ef3b7334e28a33338b,"{""distance"":5,""physical_error_rate"":0.0001}","{""detection_events"":1217,""detectors_checked"":2981888}"
     20480,         0,         0,   0.295,exact_mw,70a969f5042aec17ac076c6379f4170fb7c69b8e925756ef3b7334e28a33338b,"{""distance"":5,""physical_error_rate"":0.0001}","{""detection_events"":1996,""detectors_checked"":4587520}"
      1024,         0,         0,   0.027,exact_mw,70a969f5042aec17ac076c6379f4170fb7c69b8e925756ef3b7334e28a33338b,"{""distance"":5,""physical_error_rate"":0.0001}","{""detection_events"":126,""detectors_checked"":229376}"
     20480,         0,         0,   0.224,exact_mw,70a969f5042aec17ac076c6379f4170fb7c69b8e925756ef3b7334e28a33338b,"{""distance"":5,""physical_error_rate"":0.0001}","{""detection_events"":2104,""detectors_checked"":4587520}"
      5120,         0,         0,   0.054,exact_mw,70a969f5042aec17ac076c6379f4170fb7c69b8e925756ef3b7334e28a33338b,"{""distance"":5,""physical_error_rate"":0.0001}","{""detection_events"":487,""detectors_checked"":1146880}"
      4096,         0,         0,   0.090,exact_mw,cb12ae119b9b2ba18d0216e7235b403229e92fd0743ede48fe7f1a2c6f45d594,"{""distance"":5,""physical_error_rate"":0.0005}","{""detection_events"":1901,""detectors_checked"":917504}"
     30720,         0,         0,   0.384,exact_mw,70a969f5042aec17ac076c6379f4170fb7c69b8e925756ef3b7334e28a33338b,"{""distance"":5,""physical_error_rate"":0.0001}","{""detection_events"":3138,""detectors_checked"":6881280}"
    234120,         0,         0,    2.58,exact_mw,70a969f5042aec17ac076c6379f4170fb7c69b8e925756ef3b7334e28a33338b,"{""distance"":5,""physical_error_rate"":0.0001}","{""detection_events"":22769,""detectors_checked"":52442880}"
      9216,         1,         0,   0.249,exact_mw,cb12ae119b9b2ba18d0216e7235b403229e92fd0743ede48fe7f1a2c6f45d594,"{""distance"":5,""physical_error_rate"":0.0005}","{""detection_events"":4541,""detectors_checked"":2064384,""obs_mistake_mask=E"":1}"
     18432,         0,         0,   0.303,exact_mw,cb12ae119b9b2ba18d0216e7235b403229e92fd0743ede48fe7f1a2c6f45d594,"{""distance"":5,""physical_error_rate"":0.0005}","{""detection_events"":9264,""detectors_checked"":4128768}"
    234496,         0,         0,    3.87,exact_mw,70a969f5042aec17ac076c6379f4170fb7c69b8e925756ef3b7334e28a33338b,"{""distance"":5,""physical_error_rate"":0.0001}","{""detection_events"":23578,""detectors_checked"":52527104}"
      5120,         0,         0,   0.080,exact_mw,cb12ae119b9b2ba18d0216e7235b403229e92fd0743ede48fe7f1a2c6f45d594,"{""distance"":5,""physical_error_rate"":0.0005}","{""detection_events"":2550,""detectors_checked"":1146880}"
    577536,         0,         0,    11.6,exact_mw,cb12ae119b9b2ba18d0216e7235b403229e92fd0743ede48fe7f1a2c6f45d594,"{""distance"":5,""physical_error_rate"":0.0005}","{""detection_events"":282727,""detectors_checked"":129368064}"
     27648,         0,         0,   0.288,exact_mw,70a969f5042aec17ac076c6379f4170fb7c69b8e925756ef3b7334e28a33338b,"{""distance"":5,""physical_error_rate"":0.0001}","{""detection_events"":2579,""detectors_checked"":6193152}"
     13312,         0,         0,   0.397,exact_mw,cb12ae119b9b2ba18d0216e7235b403229e92fd0743ede48fe7f1a2c6f45d594,"{""distance"":5,""physical_error_rate"":0.0005}","{""detection_events"":6755,""detectors_checked"":2981888}"
     21504,         0,         0,   0.426,exact_mw,cb12ae119b9b2ba18d0216e7235b403229e92fd0743ede48fe7f1a2c6f45d594,"{""distance"":5,""physical_error_rate"":0.0005}","{""detection_events"":10766,""detectors_checked"":4816896}"
      2048,         0,         0,   0.029,exact_mw,70a969f5042aec17ac076c6379f4170fb7c69b8e925756ef3b7334e28a33338b,"{""distance"":5,""physical_error_rate"":0.0001}","{""detection_events"":229,""detectors_checked"":458752}"
         1,         0,         0,   0.000,exact_mw,cb12ae119b9b2ba18d0216e7235b403229e92fd0743ede48fe7f1a2c6f45d594,"{""distance"":5,""physical_error_rate"":0.0005}","{""detectors_checked"":224}"
      1024,         0,         0,   0.003,exact_mw,70a969f5042aec17ac076c6379f4170fb7c69b8e925756ef3b7334e28a33338b,"{""distance"":5,""physical_error_rate"":0.0001}","{""detection_events"":89,""detectors_checked"":229376}"
    236900,         0,         0,    3.13,exact_mw,70a969f5042aec17ac076c6379f4170fb7c69b8e925756ef3b7334e28a33338b,"{""distance"":5,""physical_error_rate"":0.0001}","{""detection_events"":23710,""detectors_checked"":53065600}"
     28672,         0,         0,   0.364,exact_mw,70a969f5042aec17ac076c6379f4170fb7c69b8e925756ef3b7334e28a33338b,"{""distance"":5,""physical_error_rate"":0.0001}","{""detection_events"":2897,""detectors_checked"":6422528}"
     10240,         0,         0,   0.149,exact_mw,70a969f5042aec17ac076c6379f4170fb7c69b8e925756ef3b7334e28a33338b,"{""distance"":5,""physical_error_rate"":0.0001}","{""detection_events"":985,""detectors_checked"":2293760}"
      3072,         0,         0,   0.032,exact_mw,70a969f5042aec17ac076c6379f4170fb7c69b8e925756ef3b7334e28a33338b,"{""distance"":5,""physical_error_rate"":0.0001}","{""detection_events"":297,""detectors_checked"":688128}"
    232448,         0,         0,    6.06,exact_mw,70a969f5042aec17ac076c6379f4170fb7c69b8e925756ef3b7334e28a33338b,"{""distance"":5,""physical_error_rate"":0.0001}","{""detection_events"":22663,""detectors_checked"":52068352}"
      6144,         0,         0,   0.168,exact_mw,cb12ae119b9b2ba18d0216e7235b403229e92fd0743ede48fe7f1a2c6f45d594,"{""distance"":5,""physical_error_rate"":0.0005}","{""detection_events"":3080,""detectors_checked"":1376256}"
     79872,         0,         0,    1.06,exact_mw,70a969f5042aec17ac076c6379f4170fb7c69b8e925756ef3b7334e28a33338b,"{""distance"":5,""physical_error_rate"":0.0001}","{""detection_events"":7825,""detectors_checked"":17891328}"
     22528,         0,         0,   0.292,exact_mw,70a969f5042aec17ac076c6379f4170fb7c69b8e925756ef3b7334e28a33338b,"{""distance"":5,""physical_error_rate"":0.0001}","{""detection_events"":2311,""detectors_checked"":5046272}"
     19456,         0,         0,   0.237,exact_mw,cb12ae119b9b2ba18d0216e7235b403229e92fd0743ede48fe7f1a2c6f45d594,"{""distance"":5,""physical_error_rate"":0.0005}","{""detection_events"":9693,""detectors_checked"":4358144}"
    167346,         0,         0,    1.77,exact_mw,70a969f5042aec17ac076c6379f4170fb7c69b8e925756ef3b7334e28a33338b,"{""distance"":5,""physical_error_rate"":0.0001}","{""detection_events"":16311,""detectors_checked"":37485504}"
      2320,         0,         0,   0.026,exact_mw,cb12ae119b9b2ba18d0216e7235b403229e92fd0743ede48fe7f1a2c6f45d594,"{""distance"":5,""physical_error_rate"":0.0005}","{""detection_events"":1127,""detectors_checked"":519680}"
     27648,         0,         0,   0.401,exact_mw,70a969f5042aec17ac076c6379f4170fb7c69b8e925756ef3b7334e28a33338b,"{""distance"":5,""physical_error_rate"":0.0001}","{""detection_events"":2574,""detectors_checked"":6193152}"
      4096,         0,         0,   0.032,exact_mw,70a969f5042aec17ac076c6379f4170fb7c69b8e925756ef3b7334e28a33338b,"{""distance"":5,""physical_error_rate"":0.0001}","{""detection_events"":391,""detectors_checked"":917504}"
     18432,         0,         0,   0.161,exact_mw,70a969f5042aec17ac076c6379f4170fb7c69b8e925756ef3b7334e28a33338b,"{""distance"":5,""physical_error_rate"":0.0001}","{""detection_events"":1874,""detectors_checked"":4128768}"
      1024,         0,         0,   0.005,exact_mw,cb12ae119b9b2ba18d0216e7235b403229e92fd0743ede48fe7f1a2c6f45d594,"{""distance"":5,""physical_error_rate"":0.0005}","{""detection_events"":485,""detectors_checked"":229376}"
     23552,         0,         0,   0.379,exact_mw,70a969f5042aec17ac076c6379f4170fb7c69b8e925756ef3b7334e28a33338b,"{""distance"":5,""physical_error_rate"":0.0001}","{""detection_events"":2275,""detectors_checked"":5275648}"
      3072,         0,         0,   0.170,exact_mw,cb12ae119b9b2ba18d0216e7235b403229e92fd0743ede48fe7f1a2c6f45d594,"{""distance"":5,""physical_error_rate"":0.0005}","{""detection_events"":1477,""detectors_checked"":688128}"
      9216,         0,         0,   0.112,exact_mw,cb12ae119b9b2ba18d0216e7235b403229e92fd0743ede48fe7f1a2c6f45d594,"{""distance"":5,""physical_error_rate"":0.0005}","{""detection_events"":4616,""detectors_checked"":2064384}"
     17408,         0,         0,   0.299,exact_mw,cb12ae119b9b2ba18d0216e7235b403229e92fd0743ede48fe7f1a2c6f45d594,"{""distance"":5,""physical_error_rate"":0.0005}","{""detection_events"":8635,""detectors_checked"":3899392}"
     32768,         0,         0,   0.276,exact_mw,70a969f5042aec17ac076c6379f4170fb7c69b8e925756ef3b7334e28a33338b,"{""distance"":5,""physical_error_rate"":0.0001}","{""detection_events"":3188,""detectors_checked"":7340032}"
      8192,         0,         0,   0.101,exact_mw,cb12ae119b9b2ba18d0216e7235b403229e92fd0743ede48fe7f1a2c6f45d594,"{""distance"":5,""physical_error_rate"":0.0005}","{""detection_events"":3992,""detectors_checked"":1835008}"
     29696,         0,         0,   0.530,exact_mw,70a969f5042aec17ac076c6379f4170fb7c69b8e925756ef3b7334e28a33338b,"{""distance"":5,""physical_error_rate"":0.0001}","{""detection_events"":2941,""detectors_checked"":6651904}"
         1,         0,         0,   0.000,exact_mw,cb12ae119b9b2ba18d0216e7235b403229e92fd0743ede48fe7f1a2c6f45d594,"{""distance"":5,""physical_error_rate"":0.0005}","{""detection_events"":2,""detectors_checked"":224}"
      2048,         0,         0,   0.035,exact_mw,cb12ae119b9b2ba18d0216e7235b403229e92fd0743ede48fe7f1a2c6f45d594,"{""distance"":5,""physical_error_rate"":0.0005}","{""detection_events"":1084,""detectors_checked"":458752}"
      1296,         0,         0,   0.028,exact_mw,cb12ae119b9b2ba18d0216e7235b403229e92fd0743ede48fe7f1a2c6f45d594,"{""distance"":5,""physical_error_rate"":0.0005}","{""detection_events"":643,""detectors_checked"":290304}"
      7168,         0,         0,   0.106,exact_mw,70a969f5042aec17ac076c6379f4170fb7c69b8e925756ef3b7334e28a33338b,"{""distance"":5,""physical_error_rate"":0.0001}","{""detection_events"":643,""detectors_checked"":1605632}"
      4096,         0,         0,   0.072,exact_mw,70a969f5042aec17ac076c6379f4170fb7c69b8e925756ef3b7334e28a33338b,"{""distance"":5,""physical_error_rate"":0.0001}","{""detection_events"":439,""detectors_checked"":917504}"
      2048,         0,         0,   0.030,exact_mw,cb12ae119b9b2ba18d0216e7235b403229e92fd0743ede48fe7f1a2c6f45d594,"{""distance"":5,""physical_error_rate"":0.0005}","{""detection_events"":975,""detectors_checked"":458752}"
     18432,         0,         0,   0.228,exact_mw,70a969f5042aec17ac076c6379f4170fb7c69b8e925756ef3b7334e28a33338b,"{""distance"":5,""physical_error_rate"":0.0001}","{""detection_events"":1797,""detectors_checked"":4128768}"
      3072,         0,         0,   0.055,exact_mw,cb12ae119b9b2ba18d0216e7235b403229e92fd0743ede48fe7f1a2c6f45d594,"{""distance"":5,""physical_error_rate"":0.0005}","{""detection_events"":1450,""detectors_checked"":688128}"
    162635,         0,         0,    1.76,exact_mw,70a969f5042aec17ac076c6379f4170fb7c69b8e925756ef3b7334e28a33338b,"{""distance"":5,""physical_error_rate"":0.0001}","{""detection_events"":15942,""detectors_checked"":36430240}"
      2048,         0,         0,   0.029,exact_mw,cb12ae119b9b2ba18d0216e7235b403229e92fd0743ede48fe7f1a2c6f45d594,"{""distance"":5,""physical_error_rate"":0.0005}","{""detection_events"":928,""detectors_checked"":458752}"
     29696,         0,         0,   0.531,exact_mw,cb12ae119b9b2ba18d0216e7235b403229e92fd0743ede48fe7f1a2c6f45d594,"{""distance"":5,""physical_error_rate"":0.0005}","{""detection_events"":14518,""detectors_checked"":6651904}"
      6144,         0,         0,   0.126,exact_mw,cb12ae119b9b2ba18d0216e7235b403229e92fd0743ede48fe7f1a2c6f45d594,"{""distance"":5,""physical_error_rate"":0.0005}","{""detection_events"":3096,""detectors_checked"":1376256}"
      8192,         0,         0,   0.171,exact_mw,cb12ae119b9b2ba18d0216e7235b403229e92fd0743ede48fe7f1a2c6f45d594,"{""distance"":5,""physical_error_rate"":0.0005}","{""detection_events"":4064,""detectors_checked"":1835008}"
      7168,         0,         0,   0.131,exact_mw,cb12ae119b9b2ba18d0216e7235b403229e92fd0743ede48fe7f1a2c6f45d594,"{""distance"":5,""physical_error_rate"":0.0005}","{""detection_events"":3309,""detectors_checked"":1605632}"
     25600,         0,         0,   0.416,exact_mw,70a969f5042aec17ac076c6379f4170fb7c69b8e925756ef3b7334e28a33338b,"{""distance"":5,""physical_error_rate"":0.0001}","{""detection_events"":2453,""detectors_checked"":5734400}"
      4096,         0,         0,   0.056,exact_mw,cb12ae119b9b2ba18d0216e7235b403229e92fd0743ede48fe7f1a2c6f45d594,"{""distance"":5,""physical_error_rate"":0.0005}","{""detection_events"":1996,""detectors_checked"":917504}"
    557056,         0,         0,    11.5,exact_mw,cb12ae119b9b2ba18d0216e7235b403229e92fd0743ede48fe7f1a2c6f45d594,"{""distance"":5,""physical_error_rate"":0.0005}","{""detection_events"":272878,""detectors_checked"":124780544}"
    171845,         0,         0,    2.29,exact_mw,70a969f5042aec17ac076c6379f4170fb7c69b8e925756ef3b7334e28a33338b,"{""distance"":5,""physical_error_rate"":0.0001}","{""detection_events"":17236,""detectors_checked"":38493280}"
      5120,         0,         0,   0.088,exact_mw,70a969f5042aec17ac076c6379f4170fb7c69b8e925756ef3b7334e28a33338b,"{""distance"":5,""physical_error_rate"":0.0001}","{""detection_events"":496,""detectors_checked"":1146880}"
     10240,         0,         0,   0.201,exact_mw,70a969f5042aec17ac076c6379f4170fb7c69b8e925756ef3b7334e28a33338b,"{""distance"":5,""physical_error_rate"":0.0001}","{""detection_events"":1065,""detectors_checked"":2293760}"
      3072,         0,         0,   0.056,exact_mw,cb12ae119b9b2ba18d0216e7235b403229e92fd0743ede48fe7f1a2c6f45d594,"{""distance"":5,""physical_error_rate"":0.0005}","{""detection_events"":1670,""detectors_checked"":688128}"
     17408,         0,         0,   0.191,exact_mw,70a969f5042aec17ac076c6379f4170fb7c69b8e925756ef3b7334e28a33338b,"{""distance"":5,""physical_error_rate"":0.0001}","{""detection_events"":1721,""detectors_checked"":3899392}"
     13312,         0,         0,   0.333,exact_mw,cb12ae119b9b2ba18d0216e7235b403229e92fd0743ede48fe7f1a2c6f45d594,"{""distance"":5,""physical_error_rate"":0.0005}","{""detection_events"":6930,""detectors_checked"":2981888}"
     14336,         0,         0,   0.273,exact_mw,cb12ae119b9b2ba18d0216e7235b403229e92fd0743ede48fe7f1a2c6f45d594,"{""distance"":5,""physical_error_rate"":0.0005}","{""detection_events"":7006,""detectors_checked"":3211264}"
     27648,         0,         0,   0.303,exact_mw,70a969f5042aec17ac076c6379f4170fb7c69b8e925756ef3b7334e28a33338b,"{""distance"":5,""physical_error_rate"":0.0001}","{""detection_events"":3070,""detectors_checked"":6193152}"
    206900,         0,         0,    4.27,exact_mw,70a969f5042aec17ac076c6379f4170fb7c69b8e925756ef3b7334e28a33338b,"{""distance"":5,""physical_error_rate"":0.0001}","{""detection_events"":21069,""detectors_checked"":46345600}"
      7168,         0,         0,   0.149,exact_mw,cb12ae119b9b2ba18d0216e7235b403229e92fd0743ede48fe7f1a2c6f45d594,"{""distance"":5,""physical_error_rate"":0.0005}","{""detection_events"":3493,""detectors_checked"":1605632}"
      6144,         0,         0,   0.113,exact_mw,70a969f5042aec17ac076c6379f4170fb7c69b8e925756ef3b7334e28a33338b,"{""distance"":5,""physical_error_rate"":0.0001}","{""detection_events"":592,""detectors_checked"":1376256}"
      3072,         0,         0,   0.048,exact_mw,cb12ae119b9b2ba18d0216e7235b403229e92fd0743ede48fe7f1a2c6f45d594,"{""distance"":5,""physical_error_rate"":0.0005}","{""detection_events"":1494,""detectors_checked"":688128}"
      5120,         0,         0,   0.085,exact_mw,cb12ae119b9b2ba18d0216e7235b403229e92fd0743ede48fe7f1a2c6f45d594,"{""distance"":5,""physical_error_rate"":0.0005}","{""detection_events"":2441,""detectors_checked"":1146880}"
     26624,         0,         0,   0.557,exact_mw,cb12ae119b9b2ba18d0216e7235b403229e92fd0743ede48fe7f1a2c6f45d594,"{""distance"":5,""physical_error_rate"":0.0005}","{""detection_events"":12945,""detectors_checked"":5963776}"
    202724,         0,         0,    4.14,exact_mw,70a969f5042aec17ac076c6379f4170fb7c69b8e925756ef3b7334e28a33338b,"{""distance"":5,""physical_error_rate"":0.0001}","{""detection_events"":19827,""detectors_checked"":45410176}"
     30720,         0,         0,   0.413,exact_mw,70a969f5042aec17ac076c6379f4170fb7c69b8e925756ef3b7334e28a33338b,"{""distance"":5,""physical_error_rate"":0.0001}","{""detection_events"":3005,""detectors_checked"":6881280}"
      6144,         0,         0,   0.089,exact_mw,70a969f5042aec17ac076c6379f4170fb7c69b8e925756ef3b7334e28a33338b,"{""distance"":5,""physical_error_rate"":0.0001}","{""detection_events"":575,""detectors_checked"":1376256}"
     25600,         0,         0,   0.406,exact_mw,cb12ae119b9b2ba18d0216e7235b403229e92fd0743ede48fe7f1a2c6f45d594,"{""distance"":5,""physical_error_rate"":0.0005}","{""detection_events"":12655,""detectors_checked"":5734400}"
      4096,         0,         0,   0.097,exact_mw,cb12ae119b9b2ba18d0216e7235b403229e92fd0743ede48fe7f1a2c6f45d594,"{""distance"":5,""physical_error_rate"":0.0005}","{""detection_events"":1909,""detectors_checked"":917504}"
     63488,         0,         0,   0.560,exact_mw,70a969f5042aec17ac076c6379f4170fb7c69b8e925756ef3b7334e28a33338b,"{""distance"":5,""physical_error_rate"":0.0001}","{""detection_events"":6159,""detectors_checked"":14221312}"
      7168,         0,         0,   0.116,exact_mw,cb12ae119b9b2ba18d0216e7235b403229e92fd0743ede48fe7f1a2c6f45d594,"{""distance"":5,""physical_error_rate"":0.0005}","{""detection_events"":3583,""detectors_checked"":1605632}"
      8192,         0,         0,   0.212,exact_mw,cb12ae119b9b2ba18d0216e7235b403229e92fd0743ede48fe7f1a2c6f45d594,"{""distance"":5,""physical_error_rate"":0.0005}","{""detection_events"":4187,""detectors_checked"":1835008}"
    159933,         0,         0,    1.95,exact_mw,70a969f5042aec17ac076c6379f4170fb7c69b8e925756ef3b7334e28a33338b,"{""distance"":5,""physical_error_rate"":0.0001}","{""detection_events"":15832,""detectors_checked"":35824992}"
     36864,         0,         0,   0.405,exact_mw,70a969f5042aec17ac076c6379f4170fb7c69b8e925756ef3b7334e28a33338b,"{""distance"":5,""physical_error_rate"":0.0001}","{""detection_events"":3574,""detectors_checked"":8257536}"
     10240,         0,         0,   0.170,exact_mw,cb12ae119b9b2ba18d0216e7235b403229e92fd0743ede48fe7f1a2c6f45d594,"{""distance"":5,""physical_error_rate"":0.0005}","{""detection_events"":5185,""detectors_checked"":2293760}"
     67584,         0,         0,   0.387,exact_mw,70a969f5042aec17ac076c6379f4170fb7c69b8e925756ef3b7334e28a33338b,"{""distance"":5,""physical_error_rate"":0.0001}","{""detection_events"":6543,""detectors_checked"":15138816}"
     35840,         0,         0,   0.288,exact_mw,70a969f5042aec17ac076c6379f4170fb7c69b8e925756ef3b7334e28a33338b,"{""distance"":5,""physical_error_rate"":0.0001}","{""detection_events"":3562,""detectors_checked"":8028160}"
     23552,         0,         0,   0.397,exact_mw,cb12ae119b9b2ba18d0216e7235b403229e92fd0743ede48fe7f1a2c6f45d594,"{""distance"":5,""physical_error_rate"":0.0005}","{""detection_events"":11556,""detectors_checked"":5275648}"
     51200,         0,         0,   0.386,exact_mw,cb12ae119b9b2ba18d0216e7235b403229e92fd0743ede48fe7f1a2c6f45d594,"{""distance"":5,""physical_error_rate"":0.0005}","{""detection_events"":25118,""detectors_checked"":11468800}"
     28672,         0,         0,   0.404,exact_mw,70a969f5042aec17ac076c6379f4170fb7c69b8e925756ef3b7334e28a33338b,"{""distance"":5,""physical_error_rate"":0.0001}","{""detection_events"":2856,""detectors_checked"":6422528}"
     10240,         0,         0,   0.294,exact_mw,cb12ae119b9b2ba18d0216e7235b403229e92fd0743ede48fe7f1a2c6f45d594,"{""distance"":5,""physical_error_rate"":0.0005}","{""detection_events"":5188,""detectors_checked"":2293760}"
     17408,         0,         0,   0.300,exact_mw,cb12ae119b9b2ba18d0216e7235b403229e92fd0743ede48fe7f1a2c6f45d594,"{""distance"":5,""physical_error_rate"":0.0005}","{""detection_events"":8366,""detectors_checked"":3899392}"
     13312,         0,         0,   0.225,exact_mw,70a969f5042aec17ac076c6379f4170fb7c69b8e925756ef3b7334e28a33338b,"{""distance"":5,""physical_error_rate"":0.0001}","{""detection_events"":1275,""detectors_checked"":2981888}"
      6144,         0,         0,   0.125,exact_mw,cb12ae119b9b2ba18d0216e7235b403229e92fd0743ede48fe7f1a2c6f45d594,"{""distance"":5,""physical_error_rate"":0.0005}","{""detection_events"":3049,""detectors_checked"":1376256}"
      8192,         0,         0,   0.144,exact_mw,70a969f5042aec17ac076c6379f4170fb7c69b8e925756ef3b7334e28a33338b,"{""distance"":5,""physical_error_rate"":0.0001}","{""detection_events"":847,""detectors_checked"":1835008}"
     39936,         0,         0,   0.576,exact_mw,70a969f5042aec17ac076c6379f4170fb7c69b8e925756ef3b7334e28a33338b,"{""distance"":5,""physical_error_rate"":0.0001}","{""detection_events"":3897,""detectors_checked"":8945664}"
    703488,         0,         0,    11.5,exact_mw,cb12ae119b9b2ba18d0216e7235b403229e92fd0743ede48fe7f1a2c6f45d594,"{""distance"":5,""physical_error_rate"":0.0005}","{""detection_events"":346115,""detectors_checked"":157581312}"
     75776,         0,         0,    1.12,exact_mw,cb12ae119b9b2ba18d0216e7235b403229e92fd0743ede48fe7f1a2c6f45d594,"{""distance"":5,""physical_error_rate"":0.0005}","{""detection_events"":37403,""detectors_checked"":16973824}"
    164408,         0,         0,    2.23,exact_mw,70a969f5042aec17ac076c6379f4170fb7c69b8e925756ef3b7334e28a33338b,"{""distance"":5,""physical_error_rate"":0.0001}","{""detection_events"":16154,""detectors_checked"":36827392}"
     19456,         0,         0,   0.289,exact_mw,70a969f5042aec17ac076c6379f4170fb7c69b8e925756ef3b7334e28a33338b,"{""distance"":5,""physical_error_rate"":0.0001}","{""detection_events"":1992,""detectors_checked"":4358144}"
     39936,         0,         0,   0.544,exact_mw,70a969f5042aec17ac076c6379f4170fb7c69b8e925756ef3b7334e28a33338b,"{""distance"":5,""physical_error_rate"":0.0001}","{""detection_events"":4214,""detectors_checked"":8945664}"
     26624,         0,         0,   0.547,exact_mw,cb12ae119b9b2ba18d0216e7235b403229e92fd0743ede48fe7f1a2c6f45d594,"{""distance"":5,""physical_error_rate"":0.0005}","{""detection_events"":12861,""detectors_checked"":5963776}"
      7168,         0,         0,   0.165,exact_mw,cb12ae119b9b2ba18d0216e7235b403229e92fd0743ede48fe7f1a2c6f45d594,"{""distance"":5,""physical_error_rate"":0.0005}","{""detection_events"":3630,""detectors_checked"":1605632}"
     24576,         0,         0,   0.560,exact_mw,cb12ae119b9b2ba18d0216e7235b403229e92fd0743ede48fe7f1a2c6f45d594,"{""distance"":5,""physical_error_rate"":0.0005}","{""detection_events"":12063,""detectors_checked"":5505024}"
     32768,         0,         0,   0.518,exact_mw,70a969f5042aec17ac076c6379f4170fb7c69b8e925756ef3b7334e28a33338b,"{""distance"":5,""physical_error_rate"":0.0001}","{""detection_events"":3334,""detectors_checked"":7340032}"
    189224,         0,         0,    2.03,exact_mw,70a969f5042aec17ac076c6379f4170fb7c69b8e925756ef3b7334e28a33338b,"{""distance"":5,""physical_error_rate"":0.0001}","{""detection_events"":18408,""detectors_checked"":42386176}"
      8192,         0,         0,   0.334,exact_mw,70a969f5042aec17ac076c6379f4170fb7c69b8e925756ef3b7334e28a33338b,"{""distance"":5,""physical_error_rate"":0.0001}","{""detection_events"":773,""detectors_checked"":1835008}"
    172969,         0,         0,    2.67,exact_mw,70a969f5042aec17ac076c6379f4170fb7c69b8e925756ef3b7334e28a33338b,"{""distance"":5,""physical_error_rate"":0.0001}","{""detection_events"":17383,""detectors_checked"":38745056}"
     78848,         0,         0,    1.12,exact_mw,cb12ae119b9b2ba18d0216e7235b403229e92fd0743ede48fe7f1a2c6f45d594,"{""distance"":5,""physical_error_rate"":0.0005}","{""detection_events"":38491,""detectors_checked"":17661952}"
    187392,         0,         0,    2.04,exact_mw,70a969f5042aec17ac076c6379f4170fb7c69b8e925756ef3b7334e28a33338b,"{""distance"":5,""physical_error_rate"":0.0001}","{""detection_events"":18474,""detectors_checked"":41975808}"
    185344,         0,         0,    1.98,exact_mw,70a969f5042aec17ac076c6379f4170fb7c69b8e925756ef3b7334e28a33338b,"{""distance"":5,""physical_error_rate"":0.0001}","{""detection_events"":18199,""detectors_checked"":41517056}"
     50176,         0,         0,   0.570,exact_mw,70a969f5042aec17ac076c6379f4170fb7c69b8e925756ef3b7334e28a33338b,"{""distance"":5,""physical_error_rate"":0.0001}","{""detection_events"":4836,""detectors_checked"":11239424}"
      6144,         0,         0,   0.151,exact_mw,cb12ae119b9b2ba18d0216e7235b403229e92fd0743ede48fe7f1a2c6f45d594,"{""distance"":5,""physical_error_rate"":0.0005}","{""detection_events"":3044,""detectors_checked"":1376256}"
     29696,         0,         0,   0.387,exact_mw,70a969f5042aec17ac076c6379f4170fb7c69b8e925756ef3b7334e28a33338b,"{""distance"":5,""physical_error_rate"":0.0001}","{""detection_events"":2884,""detectors_checked"":6651904}"
     23552,         0,         0,   0.385,exact_mw,cb12ae119b9b2ba18d0216e7235b403229e92fd0743ede48fe7f1a2c6f45d594,"{""distance"":5,""physical_error_rate"":0.0005}","{""detection_events"":11334,""detectors_checked"":5275648}"
    186368,         0,         0,    4.55,exact_mw,70a969f5042aec17ac076c6379f4170fb7c69b8e925756ef3b7334e28a33338b,"{""distance"":5,""physical_error_rate"":0.0001}","{""detection_events"":18965,""detectors_checked"":41746432}"
    162759,         0,         0,    2.15,exact_mw,70a969f5042aec17ac076c6379f4170fb7c69b8e925756ef3b7334e28a33338b,"{""distance"":5,""physical_error_rate"":0.0001}","{""detection_events"":15589,""detectors_checked"":36458016}"
    175104,         0,         0,    1.93,exact_mw,70a969f5042aec17ac076c6379f4170fb7c69b8e925756ef3b7334e28a33338b,"{""distance"":5,""physical_error_rate"":0.0001}","{""detection_events"":16920,""detectors_checked"":39223296}"
    169470,         0,         0,    4.06,exact_mw,70a969f5042aec17ac076c6379f4170fb7c69b8e925756ef3b7334e28a33338b,"{""distance"":5,""physical_error_rate"":0.0001}","{""detection_events"":16853,""detectors_checked"":37961280}"
      8192,         0,         0,   0.446,exact_mw,cb12ae119b9b2ba18d0216e7235b403229e92fd0743ede48fe7f1a2c6f45d594,"{""distance"":5,""physical_error_rate"":0.0005}","{""detection_events"":4064,""detectors_checked"":1835008}"
     11264,         0,         0,   0.220,exact_mw,cb12ae119b9b2ba18d0216e7235b403229e92fd0743ede48fe7f1a2c6f45d594,"{""distance"":5,""physical_error_rate"":0.0005}","{""detection_events"":5484,""detectors_checked"":2523136}"
    169984,         0,         0,    2.29,exact_mw,70a969f5042aec17ac076c6379f4170fb7c69b8e925756ef3b7334e28a33338b,"{""distance"":5,""physical_error_rate"":0.0001}","{""detection_events"":16424,""detectors_checked"":38076416}"
     13312,         0,         0,   0.202,exact_mw,70a969f5042aec17ac076c6379f4170fb7c69b8e925756ef3b7334e28a33338b,"{""distance"":5,""physical_error_rate"":0.0001}","{""detection_events"":1306,""detectors_checked"":2981888}"
     15360,         0,         0,   0.294,exact_mw,cb12ae119b9b2ba18d0216e7235b403229e92fd0743ede48fe7f1a2c6f45d594,"{""distance"":5,""physical_error_rate"":0.0005}","{""detection_events"":7547,""detectors_checked"":3440640}"
    592896,         0,         0,    11.5,exact_mw,cb12ae119b9b2ba18d0216e7235b403229e92fd0743ede48fe7f1a2c6f45d594,"{""distance"":5,""physical_error_rate"":0.0005}","{""detection_events"":291890,""detectors_checked"":132808704}"
         1,         0,         0,   0.000,exact_mw,cb12ae119b9b2ba18d0216e7235b403229e92fd0743ede48fe7f1a2c6f45d594,"{""distance"":5,""physical_error_rate"":0.0005}","{""detectors_checked"":224}"
    169470,         0,         0,    3.30,exact_mw,70a969f5042aec17ac076c6379f4170fb7c69b8e925756ef3b7334e28a33338b,"{""distance"":5,""physical_error_rate"":0.0001}","{""detection_events"":16764,""detectors_checked"":37961280}"
    160768,         0,         0,    2.43,exact_mw,70a969f5042aec17ac076c6379f4170fb7c69b8e925756ef3b7334e28a33338b,"{""distance"":5,""physical_error_rate"":0.0001}","{""detection_events"":16011,""detectors_checked"":36012032}"
      2320,         0,         0,   0.020,exact_mw,cb12ae119b9b2ba18d0216e7235b403229e92fd0743ede48fe7f1a2c6f45d594,"{""distance"":5,""physical_error_rate"":0.0005}","{""detection_events"":1156,""detectors_checked"":519680}"
     12288,         0,         0,   0.201,exact_mw,cb12ae119b9b2ba18d0216e7235b403229e92fd0743ede48fe7f1a2c6f45d594,"{""distance"":5,""physical_error_rate"":0.0005}","{""detection_events"":5881,""detectors_checked"":2752512}"
     19456,         0,         0,   0.296,exact_mw,70a969f5042aec17ac076c6379f4170fb7c69b8e925756ef3b7334e28a33338b,"{""distance"":5,""physical_error_rate"":0.0001}","{""detection_events"":1932,""detectors_checked"":4358144}"
    158574,         0,         0,    1.70,exact_mw,70a969f5042aec17ac076c6379f4170fb7c69b8e925756ef3b7334e28a33338b,"{""distance"":5,""physical_error_rate"":0.0001}","{""detection_events"":15550,""detectors_checked"":35520576}"
     15360,         0,         0,   0.606,exact_mw,70a969f5042aec17ac076c6379f4170fb7c69b8e925756ef3b7334e28a33338b,"{""distance"":5,""physical_error_rate"":0.0001}","{""detection_events"":1463,""detectors_checked"":3440640}"
    158574,         0,         0,    2.11,exact_mw,70a969f5042aec17ac076c6379f4170fb7c69b8e925756ef3b7334e28a33338b,"{""distance"":5,""physical_error_rate"":0.0001}","{""detection_events"":15472,""detectors_checked"":35520576}"
     47104,         0,         0,   0.729,exact_mw,70a969f5042aec17ac076c6379f4170fb7c69b8e925756ef3b7334e28a33338b,"{""distance"":5,""physical_error_rate"":0.0001}","{""detection_events"":4609,""detectors_checked"":10551296}"
      2048,         0,         0,   0.044,exact_mw,cb12ae119b9b2ba18d0216e7235b403229e92fd0743ede48fe7f1a2c6f45d594,"{""distance"":5,""physical_error_rate"":0.0005}","{""detection_events"":982,""detectors_checked"":458752}"
    153600,         0,         0,    2.42,exact_mw,70a969f5042aec17ac076c6379f4170fb7c69b8e925756ef3b7334e28a33338b,"{""distance"":5,""physical_error_rate"":0.0001}","{""detection_events"":15338,""detectors_checked"":34406400}"
     54272,         0,         0,   0.407,exact_mw,70a969f5042aec17ac076c6379f4170fb7c69b8e925756ef3b7334e28a33338b,"{""distance"":5,""physical_error_rate"":0.0001}","{""detection_events"":5384,""detectors_checked"":12156928}"
    153600,         0,         0,    2.02,exact_mw,70a969f5042aec17ac076c6379f4170fb7c69b8e925756ef3b7334e28a33338b,"{""distance"":5,""physical_error_rate"":0.0001}","{""detection_events"":15075,""detectors_checked"":34406400}"
    154624,         0,         0,    2.06,exact_mw,70a969f5042aec17ac076c6379f4170fb7c69b8e925756ef3b7334e28a33338b,"{""distance"":5,""physical_error_rate"":0.0001}","{""detection_events"":15397,""detectors_checked"":34635776}"
    153280,         0,         0,    1.93,exact_mw,70a969f5042aec17ac076c6379f4170fb7c69b8e925756ef3b7334e28a33338b,"{""distance"":5,""physical_error_rate"":0.0001}","{""detection_events"":15018,""detectors_checked"":34334720}"
    156672,         0,         0,    1.92,exact_mw,70a969f5042aec17ac076c6379f4170fb7c69b8e925756ef3b7334e28a33338b,"{""distance"":5,""physical_error_rate"":0.0001}","{""detection_events"":15177,""detectors_checked"":35094528}"
     13312,         0,         0,   0.217,exact_mw,cb12ae119b9b2ba18d0216e7235b403229e92fd0743ede48fe7f1a2c6f45d594,"{""distance"":5,""physical_error_rate"":0.0005}","{""detection_events"":6462,""detectors_checked"":2981888}"
    149504,         0,         0,    2.20,exact_mw,70a969f5042aec17ac076c6379f4170fb7c69b8e925756ef3b7334e28a33338b,"{""distance"":5,""physical_error_rate"":0.0001}","{""detection_events"":14747,""detectors_checked"":33488896}"
      3072,         0,         0,   0.049,exact_mw,cb12ae119b9b2ba18d0216e7235b403229e92fd0743ede48fe7f1a2c6f45d594,"{""distance"":5,""physical_error_rate"":0.0005}","{""detection_events"":1535,""detectors_checked"":688128}"
     16384,         0,         0,   0.405,exact_mw,cb12ae119b9b2ba18d0216e7235b403229e92fd0743ede48fe7f1a2c6f45d594,"{""distance"":5,""physical_error_rate"":0.0005}","{""detection_events"":7990,""detectors_checked"":3670016}"
     19456,         0,         0,   0.424,exact_mw,cb12ae119b9b2ba18d0216e7235b403229e92fd0743ede48fe7f1a2c6f45d594,"{""distance"":5,""physical_error_rate"":0.0005}","{""detection_events"":9465,""detectors_checked"":4358144}"
    149504,         0,         0,    1.83,exact_mw,70a969f5042aec17ac076c6379f4170fb7c69b8e925756ef3b7334e28a33338b,"{""distance"":5,""physical_error_rate"":0.0001}","{""detection_events"":14818,""detectors_checked"":33488896}"
     45056,         0,         0,   0.532,exact_mw,70a969f5042aec17ac076c6379f4170fb7c69b8e925756ef3b7334e28a33338b,"{""distance"":5,""physical_error_rate"":0.0001}","{""detection_events"":4308,""detectors_checked"":10092544}"
      4096,         0,         0,   0.057,exact_mw,cb12ae119b9b2ba18d0216e7235b403229e92fd0743ede48fe7f1a2c6f45d594,"{""distance"":5,""physical_error_rate"":0.0005}","{""detection_events"":1988,""detectors_checked"":917504}"
     31744,         0,         0,   0.405,exact_mw,70a969f5042aec17ac076c6379f4170fb7c69b8e925756ef3b7334e28a33338b,"{""distance"":5,""physical_error_rate"":0.0001}","{""detection_events"":3121,""detectors_checked"":7110656}"
     28672,         0,         0,   0.580,exact_mw,cb12ae119b9b2ba18d0216e7235b403229e92fd0743ede48fe7f1a2c6f45d594,"{""distance"":5,""physical_error_rate"":0.0005}","{""detection_events"":14040,""detectors_checked"":6422528}"
     35840,         0,         0,   0.798,exact_mw,cb12ae119b9b2ba18d0216e7235b403229e92fd0743ede48fe7f1a2c6f45d594,"{""distance"":5,""physical_error_rate"":0.0005}","{""detection_events"":17693,""detectors_checked"":8028160}"
     39936,         0,         0,   0.586,exact_mw,70a969f5042aec17ac076c6379f4170fb7c69b8e925756ef3b7334e28a33338b,"{""distance"":5,""physical_error_rate"":0.0001}","{""detection_events"":3978,""detectors_checked"":8945664}"
     22528,         0,         0,   0.344,exact_mw,70a969f5042aec17ac076c6379f4170fb7c69b8e925756ef3b7334e28a33338b,"{""distance"":5,""physical_error_rate"":0.0001}","{""detection_events"":2369,""detectors_checked"":5046272}"
      4096,         0,         0,   0.057,exact_mw,cb12ae119b9b2ba18d0216e7235b403229e92fd0743ede48fe7f1a2c6f45d594,"{""distance"":5,""physical_error_rate"":0.0005}","{""detection_events"":2102,""detectors_checked"":917504}"
    139368,         0,         0,    1.62,exact_mw,70a969f5042aec17ac076c6379f4170fb7c69b8e925756ef3b7334e28a33338b,"{""distance"":5,""physical_error_rate"":0.0001}","{""detection_events"":13586,""detectors_checked"":31218432}"
     80896,         0,         0,   0.569,exact_mw,70a969f5042aec17ac076c6379f4170fb7c69b8e925756ef3b7334e28a33338b,"{""distance"":5,""physical_error_rate"":0.0001}","{""detection_events"":7857,""detectors_checked"":18120704}"
     25600,         0,         0,   0.567,exact_mw,cb12ae119b9b2ba18d0216e7235b403229e92fd0743ede48fe7f1a2c6f45d594,"{""distance"":5,""physical_error_rate"":0.0005}","{""detection_events"":12782,""detectors_checked"":5734400}"
     56320,         0,         0,   0.558,exact_mw,cb12ae119b9b2ba18d0216e7235b403229e92fd0743ede48fe7f1a2c6f45d594,"{""distance"":5,""physical_error_rate"":0.0005}","{""detection_events"":27634,""detectors_checked"":12615680}"
    143360,         0,         0,    2.10,exact_mw,70a969f5042aec17ac076c6379f4170fb7c69b8e925756ef3b7334e28a33338b,"{""distance"":5,""physical_error_rate"":0.0001}","{""detection_events"":14127,""detectors_checked"":32112640}"
     21504,         0,         0,   0.260,exact_mw,70a969f5042aec17ac076c6379f4170fb7c69b8e925756ef3b7334e28a33338b,"{""distance"":5,""physical_error_rate"":0.0001}","{""detection_events"":2094,""detectors_checked"":4816896}"
     44032,         0,         0,   0.546,exact_mw,70a969f5042aec17ac076c6379f4170fb7c69b8e925756ef3b7334e28a33338b,"{""distance"":5,""physical_error_rate"":0.0001}","{""detection_events"":4168,""detectors_checked"":9863168}"
    146432,         0,         0,    2.08,exact_mw,70a969f5042aec17ac076c6379f4170fb7c69b8e925756ef3b7334e28a33338b,"{""distance"":5,""physical_error_rate"":0.0001}","{""detection_events"":14087,""detectors_checked"":32800768}"
    146432,         0,         0,    2.03,exact_mw,70a969f5042aec17ac076c6379f4170fb7c69b8e925756ef3b7334e28a33338b,"{""distance"":5,""physical_error_rate"":0.0001}","{""detection_events"":14304,""detectors_checked"":32800768}"
     41984,         0,         0,   0.792,exact_mw,cb12ae119b9b2ba18d0216e7235b403229e92fd0743ede48fe7f1a2c6f45d594,"{""distance"":5,""physical_error_rate"":0.0005}","{""detection_events"":20864,""detectors_checked"":9404416}"
     22528,         0,         0,   0.413,exact_mw,cb12ae119b9b2ba18d0216e7235b403229e92fd0743ede48fe7f1a2c6f45d594,"{""distance"":5,""physical_error_rate"":0.0005}","{""detection_events"":11082,""detectors_checked"":5046272}"
     11264,         0,         0,   0.311,exact_mw,cb12ae119b9b2ba18d0216e7235b403229e92fd0743ede48fe7f1a2c6f45d594,"{""distance"":5,""physical_error_rate"":0.0005}","{""detection_events"":5460,""detectors_checked"":2523136}"
      5120,         0,         0,   0.099,exact_mw,cb12ae119b9b2ba18d0216e7235b403229e92fd0743ede48fe7f1a2c6f45d594,"{""distance"":5,""physical_error_rate"":0.0005}","{""detection_events"":2550,""detectors_checked"":1146880}"
     51200,         0,         0,   0.388,exact_mw,cb12ae119b9b2ba18d0216e7235b403229e92fd0743ede48fe7f1a2c6f45d594,"{""distance"":5,""physical_error_rate"":0.0005}","{""detection_events"":25291,""detectors_checked"":11468800}"
     15360,         0,         0,   0.294,exact_mw,cb12ae119b9b2ba18d0216e7235b403229e92fd0743ede48fe7f1a2c6f45d594,"{""distance"":5,""physical_error_rate"":0.0005}","{""detection_events"":7466,""detectors_checked"":3440640}"
     82944,         0,         0,   0.792,exact_mw,70a969f5042aec17ac076c6379f4170fb7c69b8e925756ef3b7334e28a33338b,"{""distance"":5,""physical_error_rate"":0.0001}","{""detection_events"":8324,""detectors_checked"":18579456}"
     27648,         0,         0,   0.369,exact_mw,70a969f5042aec17ac076c6379f4170fb7c69b8e925756ef3b7334e28a33338b,"{""distance"":5,""physical_error_rate"":0.0001}","{""detection_events"":2671,""detectors_checked"":6193152}"
     28672,         0,         0,   0.546,exact_mw,cb12ae119b9b2ba18d0216e7235b403229e92fd0743ede48fe7f1a2c6f45d594,"{""distance"":5,""physical_error_rate"":0.0005}","{""detection_events"":14218,""detectors_checked"":6422528}"
      6144,         0,         0,   0.068,exact_mw,cb12ae119b9b2ba18d0216e7235b403229e92fd0743ede48fe7f1a2c6f45d594,"{""distance"":5,""physical_error_rate"":0.0005}","{""detection_events"":3015,""detectors_checked"":1376256}"
     36864,         0,         0,   0.506,exact_mw,70a969f5042aec17ac076c6379f4170fb7c69b8e925756ef3b7334e28a33338b,"{""distance"":5,""physical_error_rate"":0.0001}","{""detection_events"":3629,""detectors_checked"":8257536}"
     10240,         0,         0,   0.603,exact_mw,cb12ae119b9b2ba18d0216e7235b403229e92fd0743ede48fe7f1a2c6f45d594,"{""distance"":5,""physical_error_rate"":0.0005}","{""detection_events"":5141,""detectors_checked"":2293760}"
    127894,         0,         0,    1.70,exact_mw,70a969f5042aec17ac076c6379f4170fb7c69b8e925756ef3b7334e28a33338b,"{""distance"":5,""physical_error_rate"":0.0001}","{""detection_events"":12399,""detectors_checked"":28648256}"
     41984,         0,         0,   0.735,exact_mw,70a969f5042aec17ac076c6379f4170fb7c69b8e925756ef3b7334e28a33338b,"{""distance"":5,""physical_error_rate"":0.0001}","{""detection_events"":4120,""detectors_checked"":9404416}"
    124928,         0,         0,    1.61,exact_mw,70a969f5042aec17ac076c6379f4170fb7c69b8e925756ef3b7334e28a33338b,"{""distance"":5,""physical_error_rate"":0.0001}","{""detection_events"":12446,""detectors_checked"":27983872}"
    122880,         0,         0,    2.01,exact_mw,70a969f5042aec17ac076c6379f4170fb7c69b8e925756ef3b7334e28a33338b,"{""distance"":5,""physical_error_rate"":0.0001}","{""detection_events"":12263,""detectors_checked"":27525120}"
    119808,         0,         0,    1.16,exact_mw,70a969f5042aec17ac076c6379f4170fb7c69b8e925756ef3b7334e28a33338b,"{""distance"":5,""physical_error_rate"":0.0001}","{""detection_events"":11707,""detectors_checked"":26836992}"
     35840,         0,         0,   0.791,exact_mw,cb12ae119b9b2ba18d0216e7235b403229e92fd0743ede48fe7f1a2c6f45d594,"{""distance"":5,""physical_error_rate"":0.0005}","{""detection_events"":17922,""detectors_checked"":8028160}"
      1297,         0,         0,   0.031,exact_mw,cb12ae119b9b2ba18d0216e7235b403229e92fd0743ede48fe7f1a2c6f45d594,"{""distance"":5,""physical_error_rate"":0.0005}","{""detection_events"":652,""detectors_checked"":290528}"
    115712,         0,         0,    1.67,exact_mw,70a969f5042aec17ac076c6379f4170fb7c69b8e925756ef3b7334e28a33338b,"{""distance"":5,""physical_error_rate"":0.0001}","{""detection_events"":11396,""detectors_checked"":25919488}"
     40960,         0,         0,   0.787,exact_mw,70a969f5042aec17ac076c6379f4170fb7c69b8e925756ef3b7334e28a33338b,"{""distance"":5,""physical_error_rate"":0.0001}","{""detection_events"":4166,""detectors_checked"":9175040}"
    123904,         0,         0,    2.74,exact_mw,70a969f5042aec17ac076c6379f4170fb7c69b8e925756ef3b7334e28a33338b,"{""distance"":5,""physical_error_rate"":0.0001}","{""detection_events"":12204,""detectors_checked"":27754496}"
      9216,         0,         0,   0.166,exact_mw,cb12ae119b9b2ba18d0216e7235b403229e92fd0743ede48fe7f1a2c6f45d594,"{""distance"":5,""physical_error_rate"":0.0005}","{""detection_events"":4452,""detectors_checked"":2064384}"
     52224,         0,         0,   0.793,exact_mw,cb12ae119b9b2ba18d0216e7235b403229e92fd0743ede48fe7f1a2c6f45d594,"{""distance"":5,""physical_error_rate"":0.0005}","{""detection_events"":26144,""detectors_checked"":11698176}"
      1024,         0,         0,   0.028,exact_mw,cb12ae119b9b2ba18d0216e7235b403229e92fd0743ede48fe7f1a2c6f45d594,"{""distance"":5,""physical_error_rate"":0.0005}","{""detection_events"":539,""detectors_checked"":229376}"
     60416,         0,         0,   0.743,exact_mw,70a969f5042aec17ac076c6379f4170fb7c69b8e925756ef3b7334e28a33338b,"{""distance"":5,""physical_error_rate"":0.0001}","{""detection_events"":6032,""detectors_checked"":13533184}"
      1024,         0,         0,   0.028,exact_mw,cb12ae119b9b2ba18d0216e7235b403229e92fd0743ede48fe7f1a2c6f45d594,"{""distance"":5,""physical_error_rate"":0.0005}","{""detection_events"":489,""detectors_checked"":229376}"
     67313,         0,         0,   0.793,exact_mw,70a969f5042aec17ac076c6379f4170fb7c69b8e925756ef3b7334e28a33338b,"{""distance"":5,""physical_error_rate"":0.0001}","{""detection_events"":6704,""detectors_checked"":15078112}"
     50176,         0,         0,   0.729,exact_mw,70a969f5042aec17ac076c6379f4170fb7c69b8e925756ef3b7334e28a33338b,"{""distance"":5,""physical_error_rate"":0.0001}","{""detection_events"":4979,""detectors_checked"":11239424}"
    109568,         0,         0,    1.56,exact_mw,70a969f5042aec17ac076c6379f4170fb7c69b8e925756ef3b7334e28a33338b,"{""distance"":5,""physical_error_rate"":0.0001}","{""detection_events"":10543,""detectors_checked"":24543232}"
    114488,         0,         0,    1.28,exact_mw,70a969f5042aec17ac076c6379f4170fb7c69b8e925756ef3b7334e28a33338b,"{""distance"":5,""physical_error_rate"":0.0001}","{""detection_events"":11161,""detectors_checked"":25645312}"
    101708,         0,         0,    1.38,exact_mw,70a969f5042aec17ac076c6379f4170fb7c69b8e925756ef3b7334e28a33338b,"{""distance"":5,""physical_error_rate"":0.0001}","{""detection_events"":9825,""detectors_checked"":22782592}"
     30720,         0,         0,   0.404,exact_mw,70a969f5042aec17ac076c6379f4170fb7c69b8e925756ef3b7334e28a33338b,"{""distance"":5,""physical_error_rate"":0.0001}","{""detection_events"":2951,""detectors_checked"":6881280}"
     21504,         0,         0,   0.549,exact_mw,cb12ae119b9b2ba18d0216e7235b403229e92fd0743ede48fe7f1a2c6f45d594,"{""distance"":5,""physical_error_rate"":0.0005}","{""detection_events"":10659,""detectors_checked"":4816896}"
      1024,         0,         0,   0.028,exact_mw,cb12ae119b9b2ba18d0216e7235b403229e92fd0743ede48fe7f1a2c6f45d594,"{""distance"":5,""physical_error_rate"":0.0005}","{""detection_events"":539,""detectors_checked"":229376}"
    101708,         0,         0,   0.998,exact_mw,70a969f5042aec17ac076c6379f4170fb7c69b8e925756ef3b7334e28a33338b,"{""distance"":5,""physical_error_rate"":0.0001}","{""detection_events"":9964,""detectors_checked"":22782592}"
     58231,         0,         0,   0.605,exact_mw,70a969f5042aec17ac076c6379f4170fb7c69b8e925756ef3b7334e28a33338b,"{""distance"":5,""physical_error_rate"":0.0001}","{""detection_events"":5590,""detectors_checked"":13043744}"
     25600,         0,         0,   0.557,exact_mw,70a969f5042aec17ac076c6379f4170fb7c69b8e925756ef3b7334e28a33338b,"{""distance"":5,""physical_error_rate"":0.0001}","{""detection_events"":2389,""detectors_checked"":5734400}"
     36864,         0,         0,   0.554,exact_mw,cb12ae119b9b2ba18d0216e7235b403229e92fd0743ede48fe7f1a2c6f45d594,"{""distance"":5,""physical_error_rate"":0.0005}","{""detection_events"":18248,""detectors_checked"":8257536}"
    101708,         0,         0,    1.56,exact_mw,70a969f5042aec17ac076c6379f4170fb7c69b8e925756ef3b7334e28a33338b,"{""distance"":5,""physical_error_rate"":0.0001}","{""detection_events"":10129,""detectors_checked"":22782592}"
      2048,         0,         0,   0.029,exact_mw,cb12ae119b9b2ba18d0216e7235b403229e92fd0743ede48fe7f1a2c6f45d594,"{""distance"":5,""physical_error_rate"":0.0005}","{""detection_events"":1088,""detectors_checked"":458752}"
     94208,         0,         0,    1.37,exact_mw,70a969f5042aec17ac076c6379f4170fb7c69b8e925756ef3b7334e28a33338b,"{""distance"":5,""physical_error_rate"":0.0001}","{""detection_events"":9342,""detectors_checked"":21102592}"
     99328,         0,         0,    1.37,exact_mw,70a969f5042aec17ac076c6379f4170fb7c69b8e925756ef3b7334e28a33338b,"{""distance"":5,""physical_error_rate"":0.0001}","{""detection_events"":9918,""detectors_checked"":22249472}"
     14336,         0,         0,   0.402,exact_mw,cb12ae119b9b2ba18d0216e7235b403229e92fd0743ede48fe7f1a2c6f45d594,"{""distance"":5,""physical_error_rate"":0.0005}","{""detection_events"":7080,""detectors_checked"":3211264}"
     93765,         0,         0,    1.20,exact_mw,70a969f5042aec17ac076c6379f4170fb7c69b8e925756ef3b7334e28a33338b,"{""distance"":5,""physical_error_rate"":0.0001}","{""detection_events"":8944,""detectors_checked"":21003360}"
     37888,         0,         0,   0.543,exact_mw,70a969f5042aec17ac076c6379f4170fb7c69b8e925756ef3b7334e28a33338b,"{""distance"":5,""physical_error_rate"":0.0001}","{""detection_events"":3500,""detectors_checked"":8486912}"
     91136,         0,         0,    1.38,exact_mw,70a969f5042aec17ac076c6379f4170fb7c69b8e925756ef3b7334e28a33338b,"{""distance"":5,""physical_error_rate"":0.0001}","{""detection_events"":9148,""detectors_checked"":20414464}"
     69497,         0,         0,   0.769,exact_mw,70a969f5042aec17ac076c6379f4170fb7c69b8e925756ef3b7334e28a33338b,"{""distance"":5,""physical_error_rate"":0.0001}","{""detection_events"":7055,""detectors_checked"":15567328}"
     88064,         0,         0,    1.45,exact_mw,70a969f5042aec17ac076c6379f4170fb7c69b8e925756ef3b7334e28a33338b,"{""distance"":5,""physical_error_rate"":0.0001}","{""detection_events"":8777,""detectors_checked"":19726336}"
     92160,         0,         0,    1.18,exact_mw,70a969f5042aec17ac076c6379f4170fb7c69b8e925756ef3b7334e28a33338b,"{""distance"":5,""physical_error_rate"":0.0001}","{""detection_events"":9251,""detectors_checked"":20643840}"
     57849,         0,         0,   0.633,exact_mw,70a969f5042aec17ac076c6379f4170fb7c69b8e925756ef3b7334e28a33338b,"{""distance"":5,""physical_error_rate"":0.0001}","{""detection_events"":5673,""detectors_checked"":12958176}"
     72943,         0,         0,   0.809,exact_mw,70a969f5042aec17ac076c6379f4170fb7c69b8e925756ef3b7334e28a33338b,"{""distance"":5,""physical_error_rate"":0.0001}","{""detection_events"":7284,""detectors_checked"":16339232}"
     62006,         0,         0,   0.654,exact_mw,70a969f5042aec17ac076c6379f4170fb7c69b8e925756ef3b7334e28a33338b,"{""distance"":5,""physical_error_rate"":0.0001}","{""detection_events"":5974,""detectors_checked"":13889344}"
     86376,         0,         0,    1.22,exact_mw,70a969f5042aec17ac076c6379f4170fb7c69b8e925756ef3b7334e28a33338b,"{""distance"":5,""physical_error_rate"":0.0001}","{""detection_events"":8522,""detectors_checked"":19348224}"
     87040,         0,         0,    2.28,exact_mw,70a969f5042aec17ac076c6379f4170fb7c69b8e925756ef3b7334e28a33338b,"{""distance"":5,""physical_error_rate"":0.0001}","{""detection_events"":8963,""detectors_checked"":19496960}"
     74253,         0,         0,   0.839,exact_mw,70a969f5042aec17ac076c6379f4170fb7c69b8e925756ef3b7334e28a33338b,"{""distance"":5,""physical_error_rate"":0.0001}","{""detection_events"":7082,""detectors_checked"":16632672}"
     65733,         0,         0,   0.862,exact_mw,70a969f5042aec17ac076c6379f4170fb7c69b8e925756ef3b7334e28a33338b,"{""distance"":5,""physical_error_rate"":0.0001}","{""detection_events"":6398,""detectors_checked"":14724192}"
     45056,         0,         0,   0.509,exact_mw,70a969f5042aec17ac076c6379f4170fb7c69b8e925756ef3b7334e28a33338b,"{""distance"":5,""physical_error_rate"":0.0001}","{""detection_events"":4615,""detectors_checked"":10092544}"
     17408,         0,         0,   0.374,exact_mw,cb12ae119b9b2ba18d0216e7235b403229e92fd0743ede48fe7f1a2c6f45d594,"{""distance"":5,""physical_error_rate"":0.0005}","{""detection_events"":8519,""detectors_checked"":3899392}"
      9216,         0,         0,   0.189,exact_mw,cb12ae119b9b2ba18d0216e7235b403229e92fd0743ede48fe7f1a2c6f45d594,"{""distance"":5,""physical_error_rate"":0.0005}","{""detection_events"":4275,""detectors_checked"":2064384}"
      4096,         0,         0,   0.091,exact_mw,cb12ae119b9b2ba18d0216e7235b403229e92fd0743ede48fe7f1a2c6f45d594,"{""distance"":5,""physical_error_rate"":0.0005}","{""detection_events"":2026,""detectors_checked"":917504}"
     62521,         0,         0,   0.756,exact_mw,70a969f5042aec17ac076c6379f4170fb7c69b8e925756ef3b7334e28a33338b,"{""distance"":5,""physical_error_rate"":0.0001}","{""detection_events"":6181,""detectors_checked"":14004704}"
     60032,         0,         0,   0.644,exact_mw,70a969f5042aec17ac076c6379f4170fb7c69b8e925756ef3b7334e28a33338b,"{""distance"":5,""physical_error_rate"":0.0001}","{""detection_events"":5964,""detectors_checked"":13447168}"
     65447,         0,         0,   0.945,exact_mw,70a969f5042aec17ac076c6379f4170fb7c69b8e925756ef3b7334e28a33338b,"{""distance"":5,""physical_error_rate"":0.0001}","{""detection_events"":6462,""detectors_checked"":14660128}"
     39936,         0,         0,   0.760,exact_mw,70a969f5042aec17ac076c6379f4170fb7c69b8e925756ef3b7334e28a33338b,"{""distance"":5,""physical_error_rate"":0.0001}","{""detection_events"":3862,""detectors_checked"":8945664}"
     27366,         0,         0,   0.260,exact_mw,70a969f5042aec17ac076c6379f4170fb7c69b8e925756ef3b7334e28a33338b,"{""distance"":5,""physical_error_rate"":0.0001}","{""detection_events"":2707,""detectors_checked"":6129984}"
     70868,         0,         0,   0.818,exact_mw,70a969f5042aec17ac076c6379f4170fb7c69b8e925756ef3b7334e28a33338b,"{""distance"":5,""physical_error_rate"":0.0001}","{""detection_events"":6962,""detectors_checked"":15874432}"
      1027,         0,         0,   0.003,exact_mw,70a969f5042aec17ac076c6379f4170fb7c69b8e925756ef3b7334e28a33338b,"{""distance"":5,""physical_error_rate"":0.0001}","{""detection_events"":63,""detectors_checked"":230048}"
     54233,         0,         0,   0.592,exact_mw,70a969f5042aec17ac076c6379f4170fb7c69b8e925756ef3b7334e28a33338b,"{""distance"":5,""physical_error_rate"":0.0001}","{""detection_events"":5293,""detectors_checked"":12148192}"
      3687,         0,         0,   0.011,exact_mw,70a969f5042aec17ac076c6379f4170fb7c69b8e925756ef3b7334e28a33338b,"{""distance"":5,""physical_error_rate"":0.0001}","{""detection_events"":364,""detectors_checked"":825888}"
     58462,         0,         0,   0.750,exact_mw,70a969f5042aec17ac076c6379f4170fb7c69b8e925756ef3b7334e28a33338b,"{""distance"":5,""physical_error_rate"":0.0001}","{""detection_events"":5500,""detectors_checked"":13095488}"
     70656,         0,         0,   0.978,exact_mw,70a969f5042aec17ac076c6379f4170fb7c69b8e925756ef3b7334e28a33338b,"{""distance"":5,""physical_error_rate"":0.0001}","{""detection_events"":6921,""detectors_checked"":15826944}"
      5120,         0,         0,   0.056,exact_mw,cb12ae119b9b2ba18d0216e7235b403229e92fd0743ede48fe7f1a2c6f45d594,"{""distance"":5,""physical_error_rate"":0.0005}","{""detection_events"":2385,""detectors_checked"":1146880}"
     12268,         0,         0,   0.111,exact_mw,70a969f5042aec17ac076c6379f4170fb7c69b8e925756ef3b7334e28a33338b,"{""distance"":5,""physical_error_rate"":0.0001}","{""detection_events"":1239,""detectors_checked"":2748032}"
     24962,         0,         0,   0.330,exact_mw,70a969f5042aec17ac076c6379f4170fb7c69b8e925756ef3b7334e28a33338b,"{""distance"":5,""physical_error_rate"":0.0001}","{""detection_events"":2509,""detectors_checked"":5591488}"
       212,         0,         0,   0.010,exact_mw,70a969f5042aec17ac076c6379f4170fb7c69b8e925756ef3b7334e28a33338b,"{""distance"":5,""physical_error_rate"":0.0001}","{""detection_events"":15,""detectors_checked"":47488}"
     41984,         0,         0,   0.564,exact_mw,cb12ae119b9b2ba18d0216e7235b403229e92fd0743ede48fe7f1a2c6f45d594,"{""distance"":5,""physical_error_rate"":0.0005}","{""detection_events"":20728,""detectors_checked"":9404416}"
     12117,         0,         0,   0.117,exact_mw,70a969f5042aec17ac076c6379f4170fb7c69b8e925756ef3b7334e28a33338b,"{""distance"":5,""physical_error_rate"":0.0001}","{""detection_events"":1188,""detectors_checked"":2714208}"
     75776,         0,         0,   0.587,exact_mw,cb12ae119b9b2ba18d0216e7235b403229e92fd0743ede48fe7f1a2c6f45d594,"{""distance"":5,""physical_error_rate"":0.0005}","{""detection_events"":36721,""detectors_checked"":16973824}"
      5979,         0,         0,   0.067,exact_mw,70a969f5042aec17ac076c6379f4170fb7c69b8e925756ef3b7334e28a33338b,"{""distance"":5,""physical_error_rate"":0.0001}","{""detection_events"":567,""detectors_checked"":1339296}"
      7400,         0,         0,   0.044,exact_mw,70a969f5042aec17ac076c6379f4170fb7c69b8e925756ef3b7334e28a33338b,"{""distance"":5,""physical_error_rate"":0.0001}","{""detection_events"":717,""detectors_checked"":1657600}"
     13090,         0,         0,   0.160,exact_mw,70a969f5042aec17ac076c6379f4170fb7c69b8e925756ef3b7334e28a33338b,"{""distance"":5,""physical_error_rate"":0.0001}","{""detection_events"":1315,""detectors_checked"":2932160}"
      9758,         0,         0,   0.059,exact_mw,70a969f5042aec17ac076c6379f4170fb7c69b8e925756ef3b7334e28a33338b,"{""distance"":5,""physical_error_rate"":0.0001}","{""detection_events"":992,""detectors_checked"":2185792}"
      6387,         0,         0,   0.033,exact_mw,70a969f5042aec17ac076c6379f4170fb7c69b8e925756ef3b7334e28a33338b,"{""distance"":5,""physical_error_rate"":0.0001}","{""detection_events"":596,""detectors_checked"":1430688}"
      7691,         0,         0,   0.048,exact_mw,70a969f5042aec17ac076c6379f4170fb7c69b8e925756ef3b7334e28a33338b,"{""distance"":5,""physical_error_rate"":0.0001}","{""detection_events"":789,""detectors_checked"":1722784}"
     62464,         0,         0,   0.740,exact_mw,70a969f5042aec17ac076c6379f4170fb7c69b8e925756ef3b7334e28a33338b,"{""distance"":5,""physical_error_rate"":0.0001}","{""detection_events"":6324,""detectors_checked"":13991936}"
       764,         0,         0,   0.002,exact_mw,70a969f5042aec17ac076c6379f4170fb7c69b8e925756ef3b7334e28a33338b,"{""distance"":5,""physical_error_rate"":0.0001}","{""detection_events"":119,""detectors_checked"":171136}"
     66560,         0,         0,   0.868,exact_mw,70a969f5042aec17ac076c6379f4170fb7c69b8e925756ef3b7334e28a33338b,"{""distance"":5,""physical_error_rate"":0.0001}","{""detection_events"":6482,""detectors_checked"":14909440}"
     62464,         0,         0,    1.06,exact_mw,70a969f5042aec17ac076c6379f4170fb7c69b8e925756ef3b7334e28a33338b,"{""distance"":5,""physical_error_rate"":0.0001}","{""detection_events"":6033,""detectors_checked"":13991936}"
     20027,         0,         0,   0.229,exact_mw,70a969f5042aec17ac076c6379f4170fb7c69b8e925756ef3b7334e28a33338b,"{""distance"":5,""physical_error_rate"":0.0001}","{""detection_events"":1909,""detectors_checked"":4486048}"
      1183,         0,         0,   0.003,exact_mw,70a969f5042aec17ac076c6379f4170fb7c69b8e925756ef3b7334e28a33338b,"{""distance"":5,""physical_error_rate"":0.0001}","{""detection_events"":142,""detectors_checked"":264992}"
     62250,         0,         0,   0.682,exact_mw,70a969f5042aec17ac076c6379f4170fb7c69b8e925756ef3b7334e28a33338b,"{""distance"":5,""physical_error_rate"":0.0001}","{""detection_events"":6020,""detectors_checked"":13944000}"
      1295,         0,         0,   0.004,exact_mw,70a969f5042aec17ac076c6379f4170fb7c69b8e925756ef3b7334e28a33338b,"{""distance"":5,""physical_error_rate"":0.0001}","{""detection_events"":119,""detectors_checked"":290080}"
       589,         0,         0,   0.002,exact_mw,70a969f5042aec17ac076c6379f4170fb7c69b8e925756ef3b7334e28a33338b,"{""distance"":5,""physical_error_rate"":0.0001}","{""detection_events"":42,""detectors_checked"":131936}"
      1357,         0,         0,   0.004,exact_mw,70a969f5042aec17ac076c6379f4170fb7c69b8e925756ef3b7334e28a33338b,"{""distance"":5,""physical_error_rate"":0.0001}","{""detection_events"":129,""detectors_checked"":303968}"
     63488,         0,         0,   0.796,exact_mw,70a969f5042aec17ac076c6379f4170fb7c69b8e925756ef3b7334e28a33338b,"{""distance"":5,""physical_error_rate"":0.0001}","{""detection_events"":5963,""detectors_checked"":14221312}"
      8082,         0,         0,   0.029,exact_mw,70a969f5042aec17ac076c6379f4170fb7c69b8e925756ef3b7334e28a33338b,"{""distance"":5,""physical_error_rate"":0.0001}","{""detection_events"":849,""detectors_checked"":1810368}"
       583,         0,         0,   0.002,exact_mw,70a969f5042aec17ac076c6379f4170fb7c69b8e925756ef3b7334e28a33338b,"{""distance"":5,""physical_error_rate"":0.0001}","{""detection_events"":69,""detectors_checked"":130592}"
      4308,         0,         0,   0.012,exact_mw,70a969f5042aec17ac076c6379f4170fb7c69b8e925756ef3b7334e28a33338b,"{""distance"":5,""physical_error_rate"":0.0001}","{""detection_events"":451,""detectors_checked"":964992}"
     15957,         0,         0,   0.215,exact_mw,70a969f5042aec17ac076c6379f4170fb7c69b8e925756ef3b7334e28a33338b,"{""distance"":5,""physical_error_rate"":0.0001}","{""detection_events"":1594,""detectors_checked"":3574368}"
       792,         0,         0,   0.002,exact_mw,70a969f5042aec17ac076c6379f4170fb7c69b8e925756ef3b7334e28a33338b,"{""distance"":5,""physical_error_rate"":0.0001}","{""detection_events"":80,""detectors_checked"":177408}"
      2087,         0,         0,   0.006,exact_mw,70a969f5042aec17ac076c6379f4170fb7c69b8e925756ef3b7334e28a33338b,"{""distance"":5,""physical_error_rate"":0.0001}","{""detection_events"":197,""detectors_checked"":467488}"
      1369,         0,         0,   0.004,exact_mw,70a969f5042aec17ac076c6379f4170fb7c69b8e925756ef3b7334e28a33338b,"{""distance"":5,""physical_error_rate"":0.0001}","{""detection_events"":122,""detectors_checked"":306656}"
      2450,         0,         0,   0.008,exact_mw,70a969f5042aec17ac076c6379f4170fb7c69b8e925756ef3b7334e28a33338b,"{""distance"":5,""physical_error_rate"":0.0001}","{""detection_events"":266,""detectors_checked"":548800}"
     16078,         0,         0,   0.167,exact_mw,70a969f5042aec17ac076c6379f4170fb7c69b8e925756ef3b7334e28a33338b,"{""distance"":5,""physical_error_rate"":0.0001}","{""detection_events"":1522,""detectors_checked"":3601472}"
     38912,         0,         0,   0.819,exact_mw,cb12ae119b9b2ba18d0216e7235b403229e92fd0743ede48fe7f1a2c6f45d594,"{""distance"":5,""physical_error_rate"":0.0005}","{""detection_events"":19132,""detectors_checked"":8716288}"
     54512,         0,         0,   0.827,exact_mw,70a969f5042aec17ac076c6379f4170fb7c69b8e925756ef3b7334e28a33338b,"{""distance"":5,""physical_error_rate"":0.0001}","{""detection_events"":5527,""detectors_checked"":12210688}"
       597,         0,         0,   0.002,exact_mw,70a969f5042aec17ac076c6379f4170fb7c69b8e925756ef3b7334e28a33338b,"{""distance"":5,""physical_error_rate"":0.0001}","{""detection_events"":45,""detectors_checked"":133728}"
     60416,         0,         0,   0.887,exact_mw,70a969f5042aec17ac076c6379f4170fb7c69b8e925756ef3b7334e28a33338b,"{""distance"":5,""physical_error_rate"":0.0001}","{""detection_events"":5754,""detectors_checked"":13533184}"
       559,         0,         0,   0.002,exact_mw,70a969f5042aec17ac076c6379f4170fb7c69b8e925756ef3b7334e28a33338b,"{""distance"":5,""physical_error_rate"":0.0001}","{""detection_events"":63,""detectors_checked"":125216}"
      1495,         0,         0,   0.004,exact_mw,70a969f5042aec17ac076c6379f4170fb7c69b8e925756ef3b7334e28a33338b,"{""distance"":5,""physical_error_rate"":0.0001}","{""detection_events"":117,""detectors_checked"":334880}"
     13658,         0,         0,   0.203,exact_mw,70a969f5042aec17ac076c6379f4170fb7c69b8e925756ef3b7334e28a33338b,"{""distance"":5,""physical_error_rate"":0.0001}","{""detection_events"":1342,""detectors_checked"":3059392}"
      6345,         0,         0,   0.040,exact_mw,70a969f5042aec17ac076c6379f4170fb7c69b8e925756ef3b7334e28a33338b,"{""distance"":5,""physical_error_rate"":0.0001}","{""detection_events"":573,""detectors_checked"":1421280}"
      2724,         0,         0,   0.021,exact_mw,70a969f5042aec17ac076c6379f4170fb7c69b8e925756ef3b7334e28a33338b,"{""distance"":5,""physical_error_rate"":0.0001}","{""detection_events"":253,""detectors_checked"":610176}"
     38912,         0,         0,   0.507,exact_mw,70a969f5042aec17ac076c6379f4170fb7c69b8e925756ef3b7334e28a33338b,"{""distance"":5,""physical_error_rate"":0.0001}","{""detection_events"":3850,""detectors_checked"":8716288}"
      6144,         0,         0,   0.123,exact_mw,cb12ae119b9b2ba18d0216e7235b403229e92fd0743ede48fe7f1a2c6f45d594,"{""distance"":5,""physical_error_rate"":0.0005}","{""detection_events"":3157,""detectors_checked"":1376256}"
      7691,         0,         0,   0.063,exact_mw,70a969f5042aec17ac076c6379f4170fb7c69b8e925756ef3b7334e28a33338b,"{""distance"":5,""physical_error_rate"":0.0001}","{""detection_events"":766,""detectors_checked"":1722784}"
      1543,         0,         0,   0.004,exact_mw,70a969f5042aec17ac076c6379f4170fb7c69b8e925756ef3b7334e28a33338b,"{""distance"":5,""physical_error_rate"":0.0001}","{""detection_events"":133,""detectors_checked"":345632}"
      3894,         0,         0,   0.033,exact_mw,70a969f5042aec17ac076c6379f4170fb7c69b8e925756ef3b7334e28a33338b,"{""distance"":5,""physical_error_rate"":0.0001}","{""detection_events"":371,""detectors_checked"":872256}"
      3894,         0,         0,   0.021,exact_mw,70a969f5042aec17ac076c6379f4170fb7c69b8e925756ef3b7334e28a33338b,"{""distance"":5,""physical_error_rate"":0.0001}","{""detection_events"":337,""detectors_checked"":872256}"
      3320,         0,         0,   0.025,exact_mw,70a969f5042aec17ac076c6379f4170fb7c69b8e925756ef3b7334e28a33338b,"{""distance"":5,""physical_error_rate"":0.0001}","{""detection_events"":382,""detectors_checked"":743680}"
     49152,         0,         0,   0.716,exact_mw,70a969f5042aec17ac076c6379f4170fb7c69b8e925756ef3b7334e28a33338b,"{""distance"":5,""physical_error_rate"":0.0001}","{""detection_events"":5051,""detectors_checked"":11010048}"
     19267,         0,         0,   0.255,exact_mw,70a969f5042aec17ac076c6379f4170fb7c69b8e925756ef3b7334e28a33338b,"{""distance"":5,""physical_error_rate"":0.0001}","{""detection_events"":1795,""detectors_checked"":4315808}"
     13219,         0,         0,   0.116,exact_mw,70a969f5042aec17ac076c6379f4170fb7c69b8e925756ef3b7334e28a33338b,"{""distance"":5,""physical_error_rate"":0.0001}","{""detection_events"":1339,""detectors_checked"":2961056}"
      2237,         0,         0,   0.017,exact_mw,70a969f5042aec17ac076c6379f4170fb7c69b8e925756ef3b7334e28a33338b,"{""distance"":5,""physical_error_rate"":0.0001}","{""detection_events"":213,""detectors_checked"":501088}"
      3894,         0,         0,   0.015,exact_mw,70a969f5042aec17ac076c6379f4170fb7c69b8e925756ef3b7334e28a33338b,"{""distance"":5,""physical_error_rate"":0.0001}","{""detection_events"":331,""detectors_checked"":872256}"
     23713,         0,         0,   0.277,exact_mw,70a969f5042aec17ac076c6379f4170fb7c69b8e925756ef3b7334e28a33338b,"{""distance"":5,""physical_error_rate"":0.0001}","{""detection_events"":2293,""detectors_checked"":5311712}"
      4217,         0,         0,   0.040,exact_mw,70a969f5042aec17ac076c6379f4170fb7c69b8e925756ef3b7334e28a33338b,"{""distance"":5,""physical_error_rate"":0.0001}","{""detection_events"":446,""detectors_checked"":944608}"
     20239,         0,         0,   0.291,exact_mw,70a969f5042aec17ac076c6379f4170fb7c69b8e925756ef3b7334e28a33338b,"{""distance"":5,""physical_error_rate"":0.0001}","{""detection_events"":1925,""detectors_checked"":4533536}"
     54254,         0,         0,   0.605,exact_mw,70a969f5042aec17ac076c6379f4170fb7c69b8e925756ef3b7334e28a33338b,"{""distance"":5,""physical_error_rate"":0.0001}","{""detection_events"":5488,""detectors_checked"":12152896}"
      7306,         0,         0,   0.078,exact_mw,70a969f5042aec17ac076c6379f4170fb7c69b8e925756ef3b7334e28a33338b,"{""distance"":5,""physical_error_rate"":0.0001}","{""detection_events"":718,""detectors_checked"":1636544}"
      3203,         0,         0,   0.025,exact_mw,70a969f5042aec17ac076c6379f4170fb7c69b8e925756ef3b7334e28a33338b,"{""distance"":5,""physical_error_rate"":0.0001}","{""detection_events"":273,""detectors_checked"":717472}"
      6438,         0,         0,   0.053,exact_mw,70a969f5042aec17ac076c6379f4170fb7c69b8e925756ef3b7334e28a33338b,"{""distance"":5,""physical_error_rate"":0.0001}","{""detection_events"":539,""detectors_checked"":1442112}"
     58368,         0,         0,   0.768,exact_mw,cb12ae119b9b2ba18d0216e7235b403229e92fd0743ede48fe7f1a2c6f45d594,"{""distance"":5,""physical_error_rate"":0.0005}","{""detection_events"":28770,""detectors_checked"":13074432}"
     20762,         0,         0,   0.242,exact_mw,70a969f5042aec17ac076c6379f4170fb7c69b8e925756ef3b7334e28a33338b,"{""distance"":5,""physical_error_rate"":0.0001}","{""detection_events"":2030,""detectors_checked"":4650688}"
     31744,         0,         0,   0.798,exact_mw,cb12ae119b9b2ba18d0216e7235b403229e92fd0743ede48fe7f1a2c6f45d594,"{""distance"":5,""physical_error_rate"":0.0005}","{""detection_events"":15751,""detectors_checked"":7110656}"
      4295,         0,         0,   0.033,exact_mw,70a969f5042aec17ac076c6379f4170fb7c69b8e925756ef3b7334e28a33338b,"{""distance"":5,""physical_error_rate"":0.0001}","{""detection_events"":454,""detectors_checked"":962080}"
      8662,         0,         0,   0.072,exact_mw,70a969f5042aec17ac076c6379f4170fb7c69b8e925756ef3b7334e28a33338b,"{""distance"":5,""physical_error_rate"":0.0001}","{""detection_events"":759,""detectors_checked"":1940288}"
     53248,         0,         0,   0.883,exact_mw,70a969f5042aec17ac076c6379f4170fb7c69b8e925756ef3b7334e28a33338b,"{""distance"":5,""physical_error_rate"":0.0001}","{""detection_events"":5176,""detectors_checked"":11927552}"
     29391,         0,         0,   0.350,exact_mw,70a969f5042aec17ac076c6379f4170fb7c69b8e925756ef3b7334e28a33338b,"{""distance"":5,""physical_error_rate"":0.0001}","{""detection_events"":2976,""detectors_checked"":6583584}"
      1522,         0,         0,   0.004,exact_mw,70a969f5042aec17ac076c6379f4170fb7c69b8e925756ef3b7334e28a33338b,"{""distance"":5,""physical_error_rate"":0.0001}","{""detection_events"":176,""detectors_checked"":340928}"
     21329,         0,         0,   0.273,exact_mw,70a969f5042aec17ac076c6379f4170fb7c69b8e925756ef3b7334e28a33338b,"{""distance"":5,""physical_error_rate"":0.0001}","{""detection_events"":2124,""detectors_checked"":4777696}"
      2842,         0,         0,   0.009,exact_mw,70a969f5042aec17ac076c6379f4170fb7c69b8e925756ef3b7334e28a33338b,"{""distance"":5,""physical_error_rate"":0.0001}","{""detection_events"":346,""detectors_checked"":636608}"
     23386,         0,         0,   0.317,exact_mw,70a969f5042aec17ac076c6379f4170fb7c69b8e925756ef3b7334e28a33338b,"{""distance"":5,""physical_error_rate"":0.0001}","{""detection_events"":2295,""detectors_checked"":5238464}"
     53171,         0,         0,   0.472,exact_mw,70a969f5042aec17ac076c6379f4170fb7c69b8e925756ef3b7334e28a33338b,"{""distance"":5,""physical_error_rate"":0.0001}","{""detection_events"":5135,""detectors_checked"":11910304}"
      2854,         0,         0,   0.010,exact_mw,70a969f5042aec17ac076c6379f4170fb7c69b8e925756ef3b7334e28a33338b,"{""distance"":5,""physical_error_rate"":0.0001}","{""detection_events"":301,""detectors_checked"":639296}"
      2237,         0,         0,   0.009,exact_mw,70a969f5042aec17ac076c6379f4170fb7c69b8e925756ef3b7334e28a33338b,"{""distance"":5,""physical_error_rate"":0.0001}","{""detection_events"":228,""detectors_checked"":501088}"
      2380,         0,         0,   0.010,exact_mw,70a969f5042aec17ac076c6379f4170fb7c69b8e925756ef3b7334e28a33338b,"{""distance"":5,""physical_error_rate"":0.0001}","{""detection_events"":231,""detectors_checked"":533120}"
     50176,         0,         0,   0.780,exact_mw,70a969f5042aec17ac076c6379f4170fb7c69b8e925756ef3b7334e28a33338b,"{""distance"":5,""physical_error_rate"":0.0001}","{""detection_events"":4858,""detectors_checked"":11239424}"
     10732,         0,         0,   0.103,exact_mw,70a969f5042aec17ac076c6379f4170fb7c69b8e925756ef3b7334e28a33338b,"{""distance"":5,""physical_error_rate"":0.0001}","{""detection_events"":1073,""detectors_checked"":2403968}"
       453,         0,         0,   0.001,exact_mw,70a969f5042aec17ac076c6379f4170fb7c69b8e925756ef3b7334e28a33338b,"{""distance"":5,""physical_error_rate"":0.0001}","{""detection_events"":32,""detectors_checked"":101472}"
      5685,         0,         0,   0.015,exact_mw,70a969f5042aec17ac076c6379f4170fb7c69b8e925756ef3b7334e28a33338b,"{""distance"":5,""physical_error_rate"":0.0001}","{""detection_events"":544,""detectors_checked"":1273440}"
      8432,         0,         0,   0.093,exact_mw,70a969f5042aec17ac076c6379f4170fb7c69b8e925756ef3b7334e28a33338b,"{""distance"":5,""physical_error_rate"":0.0001}","{""detection_events"":739,""detectors_checked"":1888768}"
      6634,         0,         0,   0.057,exact_mw,70a969f5042aec17ac076c6379f4170fb7c69b8e925756ef3b7334e28a33338b,"{""distance"":5,""physical_error_rate"":0.0001}","{""detection_events"":644,""detectors_checked"":1486016}"
      5158,         0,         0,   0.014,exact_mw,70a969f5042aec17ac076c6379f4170fb7c69b8e925756ef3b7334e28a33338b,"{""distance"":5,""physical_error_rate"":0.0001}","{""detection_events"":512,""detectors_checked"":1155392}"
      8844,         0,         0,   0.104,exact_mw,70a969f5042aec17ac076c6379f4170fb7c69b8e925756ef3b7334e28a33338b,"{""distance"":5,""physical_error_rate"":0.0001}","{""detection_events"":864,""detectors_checked"":1981056}"
       539,         0,         0,   0.002,exact_mw,70a969f5042aec17ac076c6379f4170fb7c69b8e925756ef3b7334e28a33338b,"{""distance"":5,""physical_error_rate"":0.0001}","{""detection_events"":43,""detectors_checked"":120736}"
       953,         0,         0,   0.003,exact_mw,70a969f5042aec17ac076c6379f4170fb7c69b8e925756ef3b7334e28a33338b,"{""distance"":5,""physical_error_rate"":0.0001}","{""detection_events"":106,""detectors_checked"":213472}"
        38,         0,         0,   0.000,exact_mw,70a969f5042aec17ac076c6379f4170fb7c69b8e925756ef3b7334e28a33338b,"{""distance"":5,""physical_error_rate"":0.0001}","{""detection_events"":4,""detectors_checked"":8512}"
     53899,         0,         0,   0.941,exact_mw,70a969f5042aec17ac076c6379f4170fb7c69b8e925756ef3b7334e28a33338b,"{""distance"":5,""physical_error_rate"":0.0001}","{""detection_events"":5431,""detectors_checked"":12073376}"
      2843,         0,         0,   0.008,exact_mw,70a969f5042aec17ac076c6379f4170fb7c69b8e925756ef3b7334e28a33338b,"{""distance"":5,""physical_error_rate"":0.0001}","{""detection_events"":299,""detectors_checked"":636832}"
     50176,         0,         0,   0.667,exact_mw,70a969f5042aec17ac076c6379f4170fb7c69b8e925756ef3b7334e28a33338b,"{""distance"":5,""physical_error_rate"":0.0001}","{""detection_events"":4972,""detectors_checked"":11239424}"
        31,         0,         0,   0.000,exact_mw,70a969f5042aec17ac076c6379f4170fb7c69b8e925756ef3b7334e28a33338b,"{""distance"":5,""physical_error_rate"":0.0001}","{""detection_events"":12,""detectors_checked"":6944}"
     27507,         0,         0,   0.329,exact_mw,70a969f5042aec17ac076c6379f4170fb7c69b8e925756ef3b7334e28a33338b,"{""distance"":5,""physical_error_rate"":0.0001}","{""detection_events"":2630,""detectors_checked"":6161568}"
       301,         0,         0,   0.001,exact_mw,70a969f5042aec17ac076c6379f4170fb7c69b8e925756ef3b7334e28a33338b,"{""distance"":5,""physical_error_rate"":0.0001}","{""detection_events"":45,""detectors_checked"":67424}"
      2029,         0,         0,   0.006,exact_mw,70a969f5042aec17ac076c6379f4170fb7c69b8e925756ef3b7334e28a33338b,"{""distance"":5,""physical_error_rate"":0.0001}","{""detection_events"":145,""detectors_checked"":454496}"
      3172,         0,         0,   0.009,exact_mw,70a969f5042aec17ac076c6379f4170fb7c69b8e925756ef3b7334e28a33338b,"{""distance"":5,""physical_error_rate"":0.0001}","{""detection_events"":320,""detectors_checked"":710528}"
      3295,         0,         0,   0.009,exact_mw,70a969f5042aec17ac076c6379f4170fb7c69b8e925756ef3b7334e28a33338b,"{""distance"":5,""physical_error_rate"":0.0001}","{""detection_events"":308,""detectors_checked"":738080}"
       539,         0,         0,   0.002,exact_mw,70a969f5042aec17ac076c6379f4170fb7c69b8e925756ef3b7334e28a33338b,"{""distance"":5,""physical_error_rate"":0.0001}","{""detection_events"":51,""detectors_checked"":120736}"
      3525,         0,         0,   0.011,exact_mw,70a969f5042aec17ac076c6379f4170fb7c69b8e925756ef3b7334e28a33338b,"{""distance"":5,""physical_error_rate"":0.0001}","{""detection_events"":347,""detectors_checked"":789600}"
     27629,         0,         0,   0.349,exact_mw,70a969f5042aec17ac076c6379f4170fb7c69b8e925756ef3b7334e28a33338b,"{""distance"":5,""physical_error_rate"":0.0001}","{""detection_events"":2627,""detectors_checked"":6188896}"
      2754,         0,         0,   0.008,exact_mw,70a969f5042aec17ac076c6379f4170fb7c69b8e925756ef3b7334e28a33338b,"{""distance"":5,""physical_error_rate"":0.0001}","{""detection_events"":270,""detectors_checked"":616896}"
      1297,         0,         0,   0.060,exact_mw,70a969f5042aec17ac076c6379f4170fb7c69b8e925756ef3b7334e28a33338b,"{""distance"":5,""physical_error_rate"":0.0001}","{""detection_events"":178,""detectors_checked"":290528}"
      2505,         0,         0,   0.019,exact_mw,70a969f5042aec17ac076c6379f4170fb7c69b8e925756ef3b7334e28a33338b,"{""distance"":5,""physical_error_rate"":0.0001}","{""detection_events"":254,""detectors_checked"":561120}"
      2874,         0,         0,   0.022,exact_mw,70a969f5042aec17ac076c6379f4170fb7c69b8e925756ef3b7334e28a33338b,"{""distance"":5,""physical_error_rate"":0.0001}","{""detection_events"":269,""detectors_checked"":643776}"
      2519,         0,         0,   0.009,exact_mw,70a969f5042aec17ac076c6379f4170fb7c69b8e925756ef3b7334e28a33338b,"{""distance"":5,""physical_error_rate"":0.0001}","{""detection_events"":253,""detectors_checked"":564256}"
      4528,         0,         0,   0.022,exact_mw,70a969f5042aec17ac076c6379f4170fb7c69b8e925756ef3b7334e28a33338b,"{""distance"":5,""physical_error_rate"":0.0001}","{""detection_events"":461,""detectors_checked"":1014272}"
        40,         0,         0,   0.000,exact_mw,70a969f5042aec17ac076c6379f4170fb7c69b8e925756ef3b7334e28a33338b,"{""distance"":5,""physical_error_rate"":0.0001}","{""detectors_checked"":8960}"
        40,         0,         0,   0.000,exact_mw,70a969f5042aec17ac076c6379f4170fb7c69b8e925756ef3b7334e28a33338b,"{""distance"":5,""physical_error_rate"":0.0001}","{""detectors_checked"":8960}"
       124,         0,         0,   0.001,exact_mw,70a969f5042aec17ac076c6379f4170fb7c69b8e925756ef3b7334e28a33338b,"{""distance"":5,""physical_error_rate"":0.0001}","{""detection_events"":25,""detectors_checked"":27776}"
     12288,         0,         0,   0.288,exact_mw,cb12ae119b9b2ba18d0216e7235b403229e92fd0743ede48fe7f1a2c6f45d594,"{""distance"":5,""physical_error_rate"":0.0005}","{""detection_events"":6097,""detectors_checked"":2752512}"
       124,         0,         0,   0.001,exact_mw,70a969f5042aec17ac076c6379f4170fb7c69b8e925756ef3b7334e28a33338b,"{""distance"":5,""physical_error_rate"":0.0001}","{""detection_events"":27,""detectors_checked"":27776}"
       110,         0,         0,   0.000,exact_mw,70a969f5042aec17ac076c6379f4170fb7c69b8e925756ef3b7334e28a33338b,"{""distance"":5,""physical_error_rate"":0.0001}","{""detection_events"":9,""detectors_checked"":24640}"
        84,         0,         0,   0.000,exact_mw,70a969f5042aec17ac076c6379f4170fb7c69b8e925756ef3b7334e28a33338b,"{""distance"":5,""physical_error_rate"":0.0001}","{""detection_events"":9,""detectors_checked"":18816}"
       162,         0,         0,   0.001,exact_mw,70a969f5042aec17ac076c6379f4170fb7c69b8e925756ef3b7334e28a33338b,"{""distance"":5,""physical_error_rate"":0.0001}","{""detection_events"":16,""detectors_checked"":36288}"
       195,         0,         0,   0.001,exact_mw,70a969f5042aec17ac076c6379f4170fb7c69b8e925756ef3b7334e28a33338b,"{""distance"":5,""physical_error_rate"":0.0001}","{""detection_events"":15,""detectors_checked"":43680}"
       151,         0,         0,   0.001,exact_mw,70a969f5042aec17ac076c6379f4170fb7c69b8e925756ef3b7334e28a33338b,"{""distance"":5,""physical_error_rate"":0.0001}","{""detection_events"":15,""detectors_checked"":33824}"
       120,         0,         0,   0.001,exact_mw,70a969f5042aec17ac076c6379f4170fb7c69b8e925756ef3b7334e28a33338b,"{""distance"":5,""physical_error_rate"":0.0001}","{""detection_events"":11,""detectors_checked"":26880}"
       155,         0,         0,   0.001,exact_mw,70a969f5042aec17ac076c6379f4170fb7c69b8e925756ef3b7334e28a33338b,"{""distance"":5,""physical_error_rate"":0.0001}","{""detection_events"":12,""detectors_checked"":34720}"
       195,         0,         0,   0.001,exact_mw,70a969f5042aec17ac076c6379f4170fb7c69b8e925756ef3b7334e28a33338b,"{""distance"":5,""physical_error_rate"":0.0001}","{""detection_events"":11,""detectors_checked"":43680}"
      4367,         0,         0,   0.021,exact_mw,70a969f5042aec17ac076c6379f4170fb7c69b8e925756ef3b7334e28a33338b,"{""distance"":5,""physical_error_rate"":0.0001}","{""detection_events"":451,""detectors_checked"":978208}"
      5610,         0,         0,   0.027,exact_mw,70a969f5042aec17ac076c6379f4170fb7c69b8e925756ef3b7334e28a33338b,"{""distance"":5,""physical_error_rate"":0.0001}","{""detection_events"":533,""detectors_checked"":1256640}"
       179,         0,         0,   0.001,exact_mw,70a969f5042aec17ac076c6379f4170fb7c69b8e925756ef3b7334e28a33338b,"{""distance"":5,""physical_error_rate"":0.0001}","{""detection_events"":7,""detectors_checked"":40096}"
     23356,         0,         0,   0.318,exact_mw,70a969f5042aec17ac076c6379f4170fb7c69b8e925756ef3b7334e28a33338b,"{""distance"":5,""physical_error_rate"":0.0001}","{""detection_events"":2274,""detectors_checked"":5231744}"
       155,         0,         0,   0.001,exact_mw,70a969f5042aec17ac076c6379f4170fb7c69b8e925756ef3b7334e28a33338b,"{""distance"":5,""physical_error_rate"":0.0001}","{""detection_events"":5,""detectors_checked"":34720}"
       158,         0,         0,   0.001,exact_mw,70a969f5042aec17ac076c6379f4170fb7c69b8e925756ef3b7334e28a33338b,"{""distance"":5,""physical_error_rate"":0.0001}","{""detection_events"":11,""detectors_checked"":35392}"
     46080,         0,         0,   0.803,exact_mw,70a969f5042aec17ac076c6379f4170fb7c69b8e925756ef3b7334e28a33338b,"{""distance"":5,""physical_error_rate"":0.0001}","{""detection_events"":4354,""detectors_checked"":10321920}"
      6263,         0,         0,   0.102,exact_mw,70a969f5042aec17ac076c6379f4170fb7c69b8e925756ef3b7334e28a33338b,"{""distance"":5,""physical_error_rate"":0.0001}","{""detection_events"":626,""detectors_checked"":1402912}"
      7093,         0,         0,   0.048,exact_mw,70a969f5042aec17ac076c6379f4170fb7c69b8e925756ef3b7334e28a33338b,"{""distance"":5,""physical_error_rate"":0.0001}","{""detection_events"":754,""detectors_checked"":1588832}"
      4667,         0,         0,   0.013,exact_mw,70a969f5042aec17ac076c6379f4170fb7c69b8e925756ef3b7334e28a33338b,"{""distance"":5,""physical_error_rate"":0.0001}","{""detection_events"":380,""detectors_checked"":1045408}"
      4790,         0,         0,   0.106,exact_mw,70a969f5042aec17ac076c6379f4170fb7c69b8e925756ef3b7334e28a33338b,"{""distance"":5,""physical_error_rate"":0.0001}","{""detection_events"":453,""detectors_checked"":1072960}"
      2995,         0,         0,   0.036,exact_mw,70a969f5042aec17ac076c6379f4170fb7c69b8e925756ef3b7334e28a33338b,"{""distance"":5,""physical_error_rate"":0.0001}","{""detection_events"":311,""detectors_checked"":670880}"
      5346,         0,         0,   0.020,exact_mw,70a969f5042aec17ac076c6379f4170fb7c69b8e925756ef3b7334e28a33338b,"{""distance"":5,""physical_error_rate"":0.0001}","{""detection_events"":556,""detectors_checked"":1197504}"
      6023,         0,         0,   0.040,exact_mw,70a969f5042aec17ac076c6379f4170fb7c69b8e925756ef3b7334e28a33338b,"{""distance"":5,""physical_error_rate"":0.0001}","{""detection_events"":585,""detectors_checked"":1349152}"
      5762,         0,         0,   0.061,exact_mw,70a969f5042aec17ac076c6379f4170fb7c69b8e925756ef3b7334e28a33338b,"{""distance"":5,""physical_error_rate"":0.0001}","{""detection_events"":603,""detectors_checked"":1290688}"
      4708,         0,         0,   0.039,exact_mw,70a969f5042aec17ac076c6379f4170fb7c69b8e925756ef3b7334e28a33338b,"{""distance"":5,""physical_error_rate"":0.0001}","{""detection_events"":461,""detectors_checked"":1054592}"
      6967,         0,         0,   0.045,exact_mw,70a969f5042aec17ac076c6379f4170fb7c69b8e925756ef3b7334e28a33338b,"{""distance"":5,""physical_error_rate"":0.0001}","{""detection_events"":684,""detectors_checked"":1560608}"
     42432,         0,         0,   0.656,exact_mw,70a969f5042aec17ac076c6379f4170fb7c69b8e925756ef3b7334e28a33338b,"{""distance"":5,""physical_error_rate"":0.0001}","{""detection_events"":4160,""detectors_checked"":9504768}"
       818,         0,         0,   0.002,exact_mw,70a969f5042aec17ac076c6379f4170fb7c69b8e925756ef3b7334e28a33338b,"{""distance"":5,""physical_error_rate"":0.0001}","{""detection_events"":125,""detectors_checked"":183232}"
      1024,         0,         0,   0.059,exact_mw,70a969f5042aec17ac076c6379f4170fb7c69b8e925756ef3b7334e28a33338b,"{""distance"":5,""physical_error_rate"":0.0001}","{""detection_events"":104,""detectors_checked"":229376}"
       124,         0,         0,   0.001,exact_mw,70a969f5042aec17ac076c6379f4170fb7c69b8e925756ef3b7334e28a33338b,"{""distance"":5,""physical_error_rate"":0.0001}","{""detection_events"":11,""detectors_checked"":27776}"
       211,         0,         0,   0.001,exact_mw,70a969f5042aec17ac076c6379f4170fb7c69b8e925756ef3b7334e28a33338b,"{""distance"":5,""physical_error_rate"":0.0001}","{""detection_events"":22,""detectors_checked"":47264}"
      1024,         0,         0,   0.003,exact_mw,70a969f5042aec17ac076c6379f4170fb7c69b8e925756ef3b7334e28a33338b,"{""distance"":5,""physical_error_rate"":0.0001}","{""detection_events"":77,""detectors_checked"":229376}"
       161,         0,         0,   0.001,exact_mw,70a969f5042aec17ac076c6379f4170fb7c69b8e925756ef3b7334e28a33338b,"{""distance"":5,""physical_error_rate"":0.0001}","{""detection_events"":18,""detectors_checked"":36064}"
       171,         0,         0,   0.001,exact_mw,70a969f5042aec17ac076c6379f4170fb7c69b8e925756ef3b7334e28a33338b,"{""distance"":5,""physical_error_rate"":0.0001}","{""detection_events"":11,""detectors_checked"":38304}"
      1353,         0,         0,   0.004,exact_mw,70a969f5042aec17ac076c6379f4170fb7c69b8e925756ef3b7334e28a33338b,"{""distance"":5,""physical_error_rate"":0.0001}","{""detection_events"":93,""detectors_checked"":303072}"
      4932,         0,         0,   0.070,exact_mw,70a969f5042aec17ac076c6379f4170fb7c69b8e925756ef3b7334e28a33338b,"{""distance"":5,""physical_error_rate"":0.0001}","{""detection_events"":478,""detectors_checked"":1104768}"
     22499,         0,         0,   0.333,exact_mw,70a969f5042aec17ac076c6379f4170fb7c69b8e925756ef3b7334e28a33338b,"{""distance"":5,""physical_error_rate"":0.0001}","{""detection_events"":2164,""detectors_checked"":5039776}"
     30855,         0,         0,   0.457,exact_mw,70a969f5042aec17ac076c6379f4170fb7c69b8e925756ef3b7334e28a33338b,"{""distance"":5,""physical_error_rate"":0.0001}","{""detection_events"":2889,""detectors_checked"":6911520}"
      6390,         0,         0,   0.067,exact_mw,70a969f5042aec17ac076c6379f4170fb7c69b8e925756ef3b7334e28a33338b,"{""distance"":5,""physical_error_rate"":0.0001}","{""detection_events"":525,""detectors_checked"":1431360}"
      1524,         0,         0,   0.004,exact_mw,70a969f5042aec17ac076c6379f4170fb7c69b8e925756ef3b7334e28a33338b,"{""distance"":5,""physical_error_rate"":0.0001}","{""detection_events"":183,""detectors_checked"":341376}"
     41842,         0,         0,   0.543,exact_mw,70a969f5042aec17ac076c6379f4170fb7c69b8e925756ef3b7334e28a33338b,"{""distance"":5,""physical_error_rate"":0.0001}","{""detection_events"":4162,""detectors_checked"":9372608}"
     41136,         0,         0,    1.16,exact_mw,70a969f5042aec17ac076c6379f4170fb7c69b8e925756ef3b7334e28a33338b,"{""distance"":5,""physical_error_rate"":0.0001}","{""detection_events"":4093,""detectors_checked"":9214464}"
      1631,         0,         0,   0.005,exact_mw,70a969f5042aec17ac076c6379f4170fb7c69b8e925756ef3b7334e28a33338b,"{""distance"":5,""physical_error_rate"":0.0001}","{""detection_events"":117,""detectors_checked"":365344}"
      1628,         0,         0,   0.005,exact_mw,70a969f5042aec17ac076c6379f4170fb7c69b8e925756ef3b7334e28a33338b,"{""distance"":5,""physical_error_rate"":0.0001}","{""detection_events"":183,""detectors_checked"":364672}"
       169,         0,         0,   0.001,exact_mw,70a969f5042aec17ac076c6379f4170fb7c69b8e925756ef3b7334e28a33338b,"{""distance"":5,""physical_error_rate"":0.0001}","{""detection_events"":11,""detectors_checked"":37856}"
      4322,         0,         0,   0.012,exact_mw,70a969f5042aec17ac076c6379f4170fb7c69b8e925756ef3b7334e28a33338b,"{""distance"":5,""physical_error_rate"":0.0001}","{""detection_events"":440,""detectors_checked"":968128}"
       169,         0,         0,   0.001,exact_mw,70a969f5042aec17ac076c6379f4170fb7c69b8e925756ef3b7334e28a33338b,"{""distance"":5,""physical_error_rate"":0.0001}","{""detection_events"":35,""detectors_checked"":37856}"
      1551,         0,         0,   0.004,exact_mw,70a969f5042aec17ac076c6379f4170fb7c69b8e925756ef3b7334e28a33338b,"{""distance"":5,""physical_error_rate"":0.0001}","{""detection_events"":133,""detectors_checked"":347424}"
      1448,         0,         0,   0.005,exact_mw,70a969f5042aec17ac076c6379f4170fb7c69b8e925756ef3b7334e28a33338b,"{""distance"":5,""physical_error_rate"":0.0001}","{""detection_events"":140,""detectors_checked"":324352}"
      2338,         0,         0,   0.012,exact_mw,70a969f5042aec17ac076c6379f4170fb7c69b8e925756ef3b7334e28a33338b,"{""distance"":5,""physical_error_rate"":0.0001}","{""detection_events"":251,""detectors_checked"":523712}"
      1537,         0,         0,   0.016,exact_mw,70a969f5042aec17ac076c6379f4170fb7c69b8e925756ef3b7334e28a33338b,"{""distance"":5,""physical_error_rate"":0.0001}","{""detection_events"":152,""detectors_checked"":344288}"
      3769,         0,         0,   0.010,exact_mw,70a969f5042aec17ac076c6379f4170fb7c69b8e925756ef3b7334e28a33338b,"{""distance"":5,""physical_error_rate"":0.0001}","{""detection_events"":349,""detectors_checked"":844256}"
      6147,         0,         0,   0.083,exact_mw,70a969f5042aec17ac076c6379f4170fb7c69b8e925756ef3b7334e28a33338b,"{""distance"":5,""physical_error_rate"":0.0001}","{""detection_events"":633,""detectors_checked"":1376928}"
      3403,         0,         0,   0.012,exact_mw,70a969f5042aec17ac076c6379f4170fb7c69b8e925756ef3b7334e28a33338b,"{""distance"":5,""physical_error_rate"":0.0001}","{""detection_events"":336,""detectors_checked"":762272}"
     16328,         0,         0,   0.161,exact_mw,70a969f5042aec17ac076c6379f4170fb7c69b8e925756ef3b7334e28a33338b,"{""distance"":5,""physical_error_rate"":0.0001}","{""detection_events"":1579,""detectors_checked"":3657472}"
      6001,         0,         0,   0.070,exact_mw,70a969f5042aec17ac076c6379f4170fb7c69b8e925756ef3b7334e28a33338b,"{""distance"":5,""physical_error_rate"":0.0001}","{""detection_events"":498,""detectors_checked"":1344224}"
      3044,         0,         0,   0.020,exact_mw,70a969f5042aec17ac076c6379f4170fb7c69b8e925756ef3b7334e28a33338b,"{""distance"":5,""physical_error_rate"":0.0001}","{""detection_events"":299,""detectors_checked"":681856}"
     40960,         0,         0,   0.554,exact_mw,70a969f5042aec17ac076c6379f4170fb7c69b8e925756ef3b7334e28a33338b,"{""distance"":5,""physical_error_rate"":0.0001}","{""detection_events"":3966,""detectors_checked"":9175040}"
       218,         0,         0,   0.001,exact_mw,70a969f5042aec17ac076c6379f4170fb7c69b8e925756ef3b7334e28a33338b,"{""distance"":5,""physical_error_rate"":0.0001}","{""detection_events"":28,""detectors_checked"":48832}"
       163,         0,         0,   0.001,exact_mw,70a969f5042aec17ac076c6379f4170fb7c69b8e925756ef3b7334e28a33338b,"{""distance"":5,""physical_error_rate"":0.0001}","{""detection_events"":11,""detectors_checked"":36512}"
      1448,         0,         0,   0.018,exact_mw,70a969f5042aec17ac076c6379f4170fb7c69b8e925756ef3b7334e28a33338b,"{""distance"":5,""physical_error_rate"":0.0001}","{""detection_events"":113,""detectors_checked"":324352}"
      6496,         0,         0,   0.064,exact_mw,70a969f5042aec17ac076c6379f4170fb7c69b8e925756ef3b7334e28a33338b,"{""distance"":5,""physical_error_rate"":0.0001}","{""detection_events"":636,""detectors_checked"":1455104}"
        75,         0,         0,   0.000,exact_mw,70a969f5042aec17ac076c6379f4170fb7c69b8e925756ef3b7334e28a33338b,"{""distance"":5,""physical_error_rate"":0.0001}","{""detection_events"":18,""detectors_checked"":16800}"
         2,         0,         0,   0.000,exact_mw,70a969f5042aec17ac076c6379f4170fb7c69b8e925756ef3b7334e28a33338b,"{""distance"":5,""physical_error_rate"":0.0001}","{""detectors_checked"":448}"
      2921,         0,         0,   0.028,exact_mw,70a969f5042aec17ac076c6379f4170fb7c69b8e925756ef3b7334e28a33338b,"{""distance"":5,""physical_error_rate"":0.0001}","{""detection_events"":316,""detectors_checked"":654304}"
      1285,         0,         0,   0.004,exact_mw,70a969f5042aec17ac076c6379f4170fb7c69b8e925756ef3b7334e28a33338b,"{""distance"":5,""physical_error_rate"":0.0001}","{""detection_events"":147,""detectors_checked"":287840}"
      5946,         0,         0,   0.076,exact_mw,70a969f5042aec17ac076c6379f4170fb7c69b8e925756ef3b7334e28a33338b,"{""distance"":5,""physical_error_rate"":0.0001}","{""detection_events"":612,""detectors_checked"":1331904}"
     36864,         0,         0,   0.548,exact_mw,70a969f5042aec17ac076c6379f4170fb7c69b8e925756ef3b7334e28a33338b,"{""distance"":5,""physical_error_rate"":0.0001}","{""detection_events"":3636,""detectors_checked"":8257536}"
      1612,         0,         0,   0.005,exact_mw,70a969f5042aec17ac076c6379f4170fb7c69b8e925756ef3b7334e28a33338b,"{""distance"":5,""physical_error_rate"":0.0001}","{""detection_events"":159,""detectors_checked"":361088}"
       543,         0,         0,   0.002,exact_mw,70a969f5042aec17ac076c6379f4170fb7c69b8e925756ef3b7334e28a33338b,"{""distance"":5,""physical_error_rate"":0.0001}","{""detection_events"":49,""detectors_checked"":121632}"
      7398,         0,         0,   0.078,exact_mw,70a969f5042aec17ac076c6379f4170fb7c69b8e925756ef3b7334e28a33338b,"{""distance"":5,""physical_error_rate"":0.0001}","{""detection_events"":790,""detectors_checked"":1657152}"
     36864,         0,         0,   0.503,exact_mw,70a969f5042aec17ac076c6379f4170fb7c69b8e925756ef3b7334e28a33338b,"{""distance"":5,""physical_error_rate"":0.0001}","{""detection_events"":3645,""detectors_checked"":8257536}"
      1337,         0,         0,   0.004,exact_mw,70a969f5042aec17ac076c6379f4170fb7c69b8e925756ef3b7334e28a33338b,"{""distance"":5,""physical_error_rate"":0.0001}","{""detection_events"":130,""detectors_checked"":299488}"
       711,         0,         0,   0.002,exact_mw,70a969f5042aec17ac076c6379f4170fb7c69b8e925756ef3b7334e28a33338b,"{""distance"":5,""physical_error_rate"":0.0001}","{""detection_events"":59,""detectors_checked"":159264}"
      8796,         0,         0,   0.102,exact_mw,70a969f5042aec17ac076c6379f4170fb7c69b8e925756ef3b7334e28a33338b,"{""distance"":5,""physical_error_rate"":0.0001}","{""detection_events"":782,""detectors_checked"":1970304}"
      9216,         0,         0,   0.181,exact_mw,cb12ae119b9b2ba18d0216e7235b403229e92fd0743ede48fe7f1a2c6f45d594,"{""distance"":5,""physical_error_rate"":0.0005}","{""detection_events"":4516,""detectors_checked"":2064384}"
      1548,         0,         0,   0.004,exact_mw,70a969f5042aec17ac076c6379f4170fb7c69b8e925756ef3b7334e28a33338b,"{""distance"":5,""physical_error_rate"":0.0001}","{""detection_events"":172,""detectors_checked"":346752}"
      2656,         0,         0,   0.012,exact_mw,70a969f5042aec17ac076c6379f4170fb7c69b8e925756ef3b7334e28a33338b,"{""distance"":5,""physical_error_rate"":0.0001}","{""detection_events"":235,""detectors_checked"":594944}"
         2,         0,         0,   0.000,exact_mw,70a969f5042aec17ac076c6379f4170fb7c69b8e925756ef3b7334e28a33338b,"{""distance"":5,""physical_error_rate"":0.0001}","{""detectors_checked"":448}"
      2640,         0,         0,   0.009,exact_mw,70a969f5042aec17ac076c6379f4170fb7c69b8e925756ef3b7334e28a33338b,"{""distance"":5,""physical_error_rate"":0.0001}","{""detection_events"":285,""detectors_checked"":591360}"
      2797,         0,         0,   0.008,exact_mw,70a969f5042aec17ac076c6379f4170fb7c69b8e925756ef3b7334e28a33338b,"{""distance"":5,""physical_error_rate"":0.0001}","{""detection_events"":299,""detectors_checked"":626528}"
      1980,         0,         0,   0.006,exact_mw,70a969f5042aec17ac076c6379f4170fb7c69b8e925756ef3b7334e28a33338b,"{""distance"":5,""physical_error_rate"":0.0001}","{""detection_events"":177,""detectors_checked"":443520}"
      1612,         0,         0,   0.005,exact_mw,70a969f5042aec17ac076c6379f4170fb7c69b8e925756ef3b7334e28a33338b,"{""distance"":5,""physical_error_rate"":0.0001}","{""detection_events"":177,""detectors_checked"":361088}"
      2526,         0,         0,   0.007,exact_mw,70a969f5042aec17ac076c6379f4170fb7c69b8e925756ef3b7334e28a33338b,"{""distance"":5,""physical_error_rate"":0.0001}","{""detection_events"":266,""detectors_checked"":565824}"
      1459,         0,         0,   0.005,exact_mw,70a969f5042aec17ac076c6379f4170fb7c69b8e925756ef3b7334e28a33338b,"{""distance"":5,""physical_error_rate"":0.0001}","{""detection_events"":175,""detectors_checked"":326816}"
     32510,         0,         0,   0.466,exact_mw,70a969f5042aec17ac076c6379f4170fb7c69b8e925756ef3b7334e28a33338b,"{""distance"":5,""physical_error_rate"":0.0001}","{""detection_events"":3029,""detectors_checked"":7282240}"
      1024,         0,         0,   0.059,exact_mw,70a969f5042aec17ac076c6379f4170fb7c69b8e925756ef3b7334e28a33338b,"{""distance"":5,""physical_error_rate"":0.0001}","{""detection_events"":98,""detectors_checked"":229376}"
      2659,         0,         0,   0.007,exact_mw,70a969f5042aec17ac076c6379f4170fb7c69b8e925756ef3b7334e28a33338b,"{""distance"":5,""physical_error_rate"":0.0001}","{""detection_events"":290,""detectors_checked"":595616}"
      3114,         0,         0,   0.030,exact_mw,70a969f5042aec17ac076c6379f4170fb7c69b8e925756ef3b7334e28a33338b,"{""distance"":5,""physical_error_rate"":0.0001}","{""detection_events"":312,""detectors_checked"":697536}"
     34839,         0,         0,   0.535,exact_mw,70a969f5042aec17ac076c6379f4170fb7c69b8e925756ef3b7334e28a33338b,"{""distance"":5,""physical_error_rate"":0.0001}","{""detection_events"":3563,""detectors_checked"":7803936}"
      2820,         0,         0,   0.014,exact_mw,70a969f5042aec17ac076c6379f4170fb7c69b8e925756ef3b7334e28a33338b,"{""distance"":5,""physical_error_rate"":0.0001}","{""detection_events"":280,""detectors_checked"":631680}"
      2505,         0,         0,   0.007,exact_mw,70a969f5042aec17ac076c6379f4170fb7c69b8e925756ef3b7334e28a33338b,"{""distance"":5,""physical_error_rate"":0.0001}","{""detection_events"":272,""detectors_checked"":561120}"
      1194,         0,         0,   0.003,exact_mw,70a969f5042aec17ac076c6379f4170fb7c69b8e925756ef3b7334e28a33338b,"{""distance"":5,""physical_error_rate"":0.0001}","{""detection_events"":102,""detectors_checked"":267456}"
      6421,         0,         0,   0.035,exact_mw,70a969f5042aec17ac076c6379f4170fb7c69b8e925756ef3b7334e28a33338b,"{""distance"":5,""physical_error_rate"":0.0001}","{""detection_events"":576,""detectors_checked"":1438304}"
      8782,         0,         0,   0.068,exact_mw,70a969f5042aec17ac076c6379f4170fb7c69b8e925756ef3b7334e28a33338b,"{""distance"":5,""physical_error_rate"":0.0001}","{""detection_events"":923,""detectors_checked"":1967168}"
     34816,         0,         0,   0.545,exact_mw,70a969f5042aec17ac076c6379f4170fb7c69b8e925756ef3b7334e28a33338b,"{""distance"":5,""physical_error_rate"":0.0001}","{""detection_events"":3485,""detectors_checked"":7798784}"
      2194,         0,         0,   0.006,exact_mw,70a969f5042aec17ac076c6379f4170fb7c69b8e925756ef3b7334e28a33338b,"{""distance"":5,""physical_error_rate"":0.0001}","{""detection_events"":182,""detectors_checked"":491456}"
      2006,         0,         0,   0.006,exact_mw,70a969f5042aec17ac076c6379f4170fb7c69b8e925756ef3b7334e28a33338b,"{""distance"":5,""physical_error_rate"":0.0001}","{""detection_events"":218,""detectors_checked"":449344}"
      3691,         0,         0,   0.037,exact_mw,70a969f5042aec17ac076c6379f4170fb7c69b8e925756ef3b7334e28a33338b,"{""distance"":5,""physical_error_rate"":0.0001}","{""detection_events"":356,""detectors_checked"":826784}"
      3575,         0,         0,   0.011,exact_mw,70a969f5042aec17ac076c6379f4170fb7c69b8e925756ef3b7334e28a33338b,"{""distance"":5,""physical_error_rate"":0.0001}","{""detection_events"":326,""detectors_checked"":800800}"
      4030,         0,         0,   0.011,exact_mw,70a969f5042aec17ac076c6379f4170fb7c69b8e925756ef3b7334e28a33338b,"{""distance"":5,""physical_error_rate"":0.0001}","{""detection_events"":393,""detectors_checked"":902720}"
       166,         0,         0,   0.001,exact_mw,70a969f5042aec17ac076c6379f4170fb7c69b8e925756ef3b7334e28a33338b,"{""distance"":5,""physical_error_rate"":0.0001}","{""detection_events"":19,""detectors_checked"":37184}"
     33256,         0,         0,   0.423,exact_mw,70a969f5042aec17ac076c6379f4170fb7c69b8e925756ef3b7334e28a33338b,"{""distance"":5,""physical_error_rate"":0.0001}","{""detection_events"":3168,""detectors_checked"":7449344}"
     52224,         0,         0,   0.801,exact_mw,cb12ae119b9b2ba18d0216e7235b403229e92fd0743ede48fe7f1a2c6f45d594,"{""distance"":5,""physical_error_rate"":0.0005}","{""detection_events"":25560,""detectors_checked"":11698176}"
      1264,         0,         0,   0.004,exact_mw,70a969f5042aec17ac076c6379f4170fb7c69b8e925756ef3b7334e28a33338b,"{""distance"":5,""physical_error_rate"":0.0001}","{""detection_events"":111,""detectors_checked"":283136}"
      2243,         0,         0,   0.013,exact_mw,70a969f5042aec17ac076c6379f4170fb7c69b8e925756ef3b7334e28a33338b,"{""distance"":5,""physical_error_rate"":0.0001}","{""detection_events"":230,""detectors_checked"":502432}"
     32987,         0,         0,   0.478,exact_mw,70a969f5042aec17ac076c6379f4170fb7c69b8e925756ef3b7334e28a33338b,"{""distance"":5,""physical_error_rate"":0.0001}","{""detection_events"":3269,""detectors_checked"":7389088}"
       669,         0,         0,   0.002,exact_mw,70a969f5042aec17ac076c6379f4170fb7c69b8e925756ef3b7334e28a33338b,"{""distance"":5,""physical_error_rate"":0.0001}","{""detection_events"":53,""detectors_checked"":149856}"
      2500,         0,         0,   0.011,exact_mw,70a969f5042aec17ac076c6379f4170fb7c69b8e925756ef3b7334e28a33338b,"{""distance"":5,""physical_error_rate"":0.0001}","{""detection_events"":245,""detectors_checked"":560000}"
       712,         0,         0,   0.002,exact_mw,70a969f5042aec17ac076c6379f4170fb7c69b8e925756ef3b7334e28a33338b,"{""distance"":5,""physical_error_rate"":0.0001}","{""detection_events"":63,""detectors_checked"":159488}"
      2048,         0,         0,   0.024,exact_mw,70a969f5042aec17ac076c6379f4170fb7c69b8e925756ef3b7334e28a33338b,"{""distance"":5,""physical_error_rate"":0.0001}","{""detection_events"":180,""detectors_checked"":458752}"
       757,         0,         0,   0.002,exact_mw,70a969f5042aec17ac076c6379f4170fb7c69b8e925756ef3b7334e28a33338b,"{""distance"":5,""physical_error_rate"":0.0001}","{""detection_events"":80,""detectors_checked"":169568}"
      1163,         0,         0,   0.003,exact_mw,70a969f5042aec17ac076c6379f4170fb7c69b8e925756ef3b7334e28a33338b,"{""distance"":5,""physical_error_rate"":0.0001}","{""detection_events"":99,""detectors_checked"":260512}"
       395,         0,         0,   0.001,exact_mw,70a969f5042aec17ac076c6379f4170fb7c69b8e925756ef3b7334e28a33338b,"{""distance"":5,""physical_error_rate"":0.0001}","{""detection_events"":52,""detectors_checked"":88480}"
       694,         0,         0,   0.002,exact_mw,70a969f5042aec17ac076c6379f4170fb7c69b8e925756ef3b7334e28a33338b,"{""distance"":5,""physical_error_rate"":0.0001}","{""detection_events"":112,""detectors_checked"":155456}"
       134,         0,         0,   0.001,exact_mw,70a969f5042aec17ac076c6379f4170fb7c69b8e925756ef3b7334e28a33338b,"{""distance"":5,""physical_error_rate"":0.0001}","{""detection_events"":12,""detectors_checked"":30016}"
       103,         0,         0,   0.000,exact_mw,70a969f5042aec17ac076c6379f4170fb7c69b8e925756ef3b7334e28a33338b,"{""distance"":5,""physical_error_rate"":0.0001}","{""detection_events"":7,""detectors_checked"":23072}"
      1988,         0,         0,   0.005,exact_mw,70a969f5042aec17ac076c6379f4170fb7c69b8e925756ef3b7334e28a33338b,"{""distance"":5,""physical_error_rate"":0.0001}","{""detection_events"":191,""detectors_checked"":445312}"
      2850,         0,         0,   0.013,exact_mw,70a969f5042aec17ac076c6379f4170fb7c69b8e925756ef3b7334e28a33338b,"{""distance"":5,""physical_error_rate"":0.0001}","{""detection_events"":244,""detectors_checked"":638400}"
      2762,         0,         0,   0.008,exact_mw,70a969f5042aec17ac076c6379f4170fb7c69b8e925756ef3b7334e28a33338b,"{""distance"":5,""physical_error_rate"":0.0001}","{""detection_events"":294,""detectors_checked"":618688}"
       946,         0,         0,   0.003,exact_mw,70a969f5042aec17ac076c6379f4170fb7c69b8e925756ef3b7334e28a33338b,"{""distance"":5,""physical_error_rate"":0.0001}","{""detection_events"":98,""detectors_checked"":211904}"
      1753,         0,         0,   0.005,exact_mw,70a969f5042aec17ac076c6379f4170fb7c69b8e925756ef3b7334e28a33338b,"{""distance"":5,""physical_error_rate"":0.0001}","{""detection_events"":186,""detectors_checked"":392672}"
      3715,         0,         0,   0.015,exact_mw,70a969f5042aec17ac076c6379f4170fb7c69b8e925756ef3b7334e28a33338b,"{""distance"":5,""physical_error_rate"":0.0001}","{""detection_events"":335,""detectors_checked"":832160}"
      4765,         0,         0,   0.019,exact_mw,70a969f5042aec17ac076c6379f4170fb7c69b8e925756ef3b7334e28a33338b,"{""distance"":5,""physical_error_rate"":0.0001}","{""detection_events"":409,""detectors_checked"":1067360}"
      3070,         0,         0,   0.012,exact_mw,70a969f5042aec17ac076c6379f4170fb7c69b8e925756ef3b7334e28a33338b,"{""distance"":5,""physical_error_rate"":0.0001}","{""detection_events"":335,""detectors_checked"":687680}"
        69,         0,         0,   0.000,exact_mw,70a969f5042aec17ac076c6379f4170fb7c69b8e925756ef3b7334e28a33338b,"{""distance"":5,""physical_error_rate"":0.0001}","{""detection_events"":1,""detectors_checked"":15456}"
      1648,         0,         0,   0.006,exact_mw,70a969f5042aec17ac076c6379f4170fb7c69b8e925756ef3b7334e28a33338b,"{""distance"":5,""physical_error_rate"":0.0001}","{""detection_events"":158,""detectors_checked"":369152}"
      2399,         0,         0,   0.013,exact_mw,70a969f5042aec17ac076c6379f4170fb7c69b8e925756ef3b7334e28a33338b,"{""distance"":5,""physical_error_rate"":0.0001}","{""detection_events"":227,""detectors_checked"":537376}"
      2811,         0,         0,   0.008,exact_mw,70a969f5042aec17ac076c6379f4170fb7c69b8e925756ef3b7334e28a33338b,"{""distance"":5,""physical_error_rate"":0.0001}","{""detection_events"":297,""detectors_checked"":629664}"
      4740,         0,         0,   0.022,exact_mw,70a969f5042aec17ac076c6379f4170fb7c69b8e925756ef3b7334e28a33338b,"{""distance"":5,""physical_error_rate"":0.0001}","{""detection_events"":447,""detectors_checked"":1061760}"
      2962,         0,         0,   0.009,exact_mw,70a969f5042aec17ac076c6379f4170fb7c69b8e925756ef3b7334e28a33338b,"{""distance"":5,""physical_error_rate"":0.0001}","{""detection_events"":209,""detectors_checked"":663488}"
      2239,         0,         0,   0.013,exact_mw,70a969f5042aec17ac076c6379f4170fb7c69b8e925756ef3b7334e28a33338b,"{""distance"":5,""physical_error_rate"":0.0001}","{""detection_events"":169,""detectors_checked"":501536}"
         6,         0,         0,   0.000,exact_mw,70a969f5042aec17ac076c6379f4170fb7c69b8e925756ef3b7334e28a33338b,"{""distance"":5,""physical_error_rate"":0.0001}","{""detectors_checked"":1344}"
      2243,         0,         0,   0.020,exact_mw,70a969f5042aec17ac076c6379f4170fb7c69b8e925756ef3b7334e28a33338b,"{""distance"":5,""physical_error_rate"":0.0001}","{""detection_events"":237,""detectors_checked"":502432}"
      2258,         0,         0,   0.007,exact_mw,70a969f5042aec17ac076c6379f4170fb7c69b8e925756ef3b7334e28a33338b,"{""distance"":5,""physical_error_rate"":0.0001}","{""detection_events"":207,""detectors_checked"":505792}"
      2400,         0,         0,   0.008,exact_mw,70a969f5042aec17ac076c6379f4170fb7c69b8e925756ef3b7334e28a33338b,"{""distance"":5,""physical_error_rate"":0.0001}","{""detection_events"":251,""detectors_checked"":537600}"
       898,         0,         0,   0.003,exact_mw,70a969f5042aec17ac076c6379f4170fb7c69b8e925756ef3b7334e28a33338b,"{""distance"":5,""physical_error_rate"":0.0001}","{""detection_events"":73,""detectors_checked"":201152}"
       211,         0,         0,   0.001,exact_mw,70a969f5042aec17ac076c6379f4170fb7c69b8e925756ef3b7334e28a33338b,"{""distance"":5,""physical_error_rate"":0.0001}","{""detection_events"":18,""detectors_checked"":47264}"
       576,         0,         0,   0.002,exact_mw,70a969f5042aec17ac076c6379f4170fb7c69b8e925756ef3b7334e28a33338b,"{""distance"":5,""physical_error_rate"":0.0001}","{""detection_events"":71,""detectors_checked"":129024}"
        94,         0,         0,   0.000,exact_mw,70a969f5042aec17ac076c6379f4170fb7c69b8e925756ef3b7334e28a33338b,"{""distance"":5,""physical_error_rate"":0.0001}","{""detection_events"":13,""detectors_checked"":21056}"
       722,         0,         0,   0.002,exact_mw,70a969f5042aec17ac076c6379f4170fb7c69b8e925756ef3b7334e28a33338b,"{""distance"":5,""physical_error_rate"":0.0001}","{""detection_events"":79,""detectors_checked"":161728}"
     33049,         0,         0,   0.467,exact_mw,70a969f5042aec17ac076c6379f4170fb7c69b8e925756ef3b7334e28a33338b,"{""distance"":5,""physical_error_rate"":0.0001}","{""detection_events"":3253,""detectors_checked"":7402976}"
      9846,         0,         0,   0.106,exact_mw,70a969f5042aec17ac076c6379f4170fb7c69b8e925756ef3b7334e28a33338b,"{""distance"":5,""physical_error_rate"":0.0001}","{""detection_events"":1072,""detectors_checked"":2205504}"
     35840,         0,         0,    1.01,exact_mw,70a969f5042aec17ac076c6379f4170fb7c69b8e925756ef3b7334e28a33338b,"{""distance"":5,""physical_error_rate"":0.0001}","{""detection_events"":3458,""detectors_checked"":8028160}"
       357,         0,         0,   0.001,exact_mw,70a969f5042aec17ac076c6379f4170fb7c69b8e925756ef3b7334e28a33338b,"{""distance"":5,""physical_error_rate"":0.0001}","{""detection_events"":29,""detectors_checked"":79968}"
       690,         0,         0,   0.002,exact_mw,70a969f5042aec17ac076c6379f4170fb7c69b8e925756ef3b7334e28a33338b,"{""distance"":5,""physical_error_rate"":0.0001}","{""detection_events"":72,""detectors_checked"":154560}"
     30161,         0,         0,   0.447,exact_mw,70a969f5042aec17ac076c6379f4170fb7c69b8e925756ef3b7334e28a33338b,"{""distance"":5,""physical_error_rate"":0.0001}","{""detection_events"":2885,""detectors_checked"":6756064}"
      4336,         0,         0,   0.016,exact_mw,70a969f5042aec17ac076c6379f4170fb7c69b8e925756ef3b7334e28a33338b,"{""distance"":5,""physical_error_rate"":0.0001}","{""detection_events"":428,""detectors_checked"":971264}"
      3268,         0,         0,   0.016,exact_mw,70a969f5042aec17ac076c6379f4170fb7c69b8e925756ef3b7334e28a33338b,"{""distance"":5,""physical_error_rate"":0.0001}","{""detection_events"":314,""detectors_checked"":732032}"
      3271,         0,         0,   0.010,exact_mw,70a969f5042aec17ac076c6379f4170fb7c69b8e925756ef3b7334e28a33338b,"{""distance"":5,""physical_error_rate"":0.0001}","{""detection_events"":296,""detectors_checked"":732704}"
      5383,         0,         0,   0.036,exact_mw,70a969f5042aec17ac076c6379f4170fb7c69b8e925756ef3b7334e28a33338b,"{""distance"":5,""physical_error_rate"":0.0001}","{""detection_events"":491,""detectors_checked"":1205792}"
        36,         0,         0,   0.000,exact_mw,70a969f5042aec17ac076c6379f4170fb7c69b8e925756ef3b7334e28a33338b,"{""distance"":5,""physical_error_rate"":0.0001}","{""detection_events"":5,""detectors_checked"":8064}"
      4014,         0,         0,   0.011,exact_mw,70a969f5042aec17ac076c6379f4170fb7c69b8e925756ef3b7334e28a33338b,"{""distance"":5,""physical_error_rate"":0.0001}","{""detection_events"":422,""detectors_checked"":899136}"
       297,         0,         0,   0.001,exact_mw,70a969f5042aec17ac076c6379f4170fb7c69b8e925756ef3b7334e28a33338b,"{""distance"":5,""physical_error_rate"":0.0001}","{""detection_events"":25,""detectors_checked"":66528}"
       640,         0,         0,   0.002,exact_mw,70a969f5042aec17ac076c6379f4170fb7c69b8e925756ef3b7334e28a33338b,"{""distance"":5,""physical_error_rate"":0.0001}","{""detection_events"":47,""detectors_checked"":143360}"
      4819,         0,         0,   0.043,exact_mw,70a969f5042aec17ac076c6379f4170fb7c69b8e925756ef3b7334e28a33338b,"{""distance"":5,""physical_error_rate"":0.0001}","{""detection_events"":553,""detectors_checked"":1079456}"
       612,         0,         0,   0.002,exact_mw,70a969f5042aec17ac076c6379f4170fb7c69b8e925756ef3b7334e28a33338b,"{""distance"":5,""physical_error_rate"":0.0001}","{""detection_events"":69,""detectors_checked"":137088}"
        36,         0,         0,   0.000,exact_mw,70a969f5042aec17ac076c6379f4170fb7c69b8e925756ef3b7334e28a33338b,"{""distance"":5,""physical_error_rate"":0.0001}","{""detection_events"":3,""detectors_checked"":8064}"
        88,         0,         0,   0.000,exact_mw,70a969f5042aec17ac076c6379f4170fb7c69b8e925756ef3b7334e28a33338b,"{""distance"":5,""physical_error_rate"":0.0001}","{""detection_events"":3,""detectors_checked"":19712}"
      3043,         0,         0,   0.015,exact_mw,70a969f5042aec17ac076c6379f4170fb7c69b8e925756ef3b7334e28a33338b,"{""distance"":5,""physical_error_rate"":0.0001}","{""detection_events"":300,""detectors_checked"":681632}"
      3181,         0,         0,   0.023,exact_mw,70a969f5042aec17ac076c6379f4170fb7c69b8e925756ef3b7334e28a33338b,"{""distance"":5,""physical_error_rate"":0.0001}","{""detection_events"":303,""detectors_checked"":712544}"
        91,         0,         0,   0.000,exact_mw,70a969f5042aec17ac076c6379f4170fb7c69b8e925756ef3b7334e28a33338b,"{""distance"":5,""physical_error_rate"":0.0001}","{""detection_events"":11,""detectors_checked"":20384}"
      3072,         0,         0,   0.048,exact_mw,70a969f5042aec17ac076c6379f4170fb7c69b8e925756ef3b7334e28a33338b,"{""distance"":5,""physical_error_rate"":0.0001}","{""detection_events"":338,""detectors_checked"":688128}"
      5295,         0,         0,   0.050,exact_mw,70a969f5042aec17ac076c6379f4170fb7c69b8e925756ef3b7334e28a33338b,"{""distance"":5,""physical_error_rate"":0.0001}","{""detection_events"":550,""detectors_checked"":1186080}"
       741,         0,         0,   0.002,exact_mw,70a969f5042aec17ac076c6379f4170fb7c69b8e925756ef3b7334e28a33338b,"{""distance"":5,""physical_error_rate"":0.0001}","{""detection_events"":72,""detectors_checked"":165984}"
      2749,         0,         0,   0.008,exact_mw,70a969f5042aec17ac076c6379f4170fb7c69b8e925756ef3b7334e28a33338b,"{""distance"":5,""physical_error_rate"":0.0001}","{""detection_events"":271,""detectors_checked"":615776}"
        42,         0,         0,   0.000,exact_mw,70a969f5042aec17ac076c6379f4170fb7c69b8e925756ef3b7334e28a33338b,"{""distance"":5,""physical_error_rate"":0.0001}","{""detection_events"":4,""detectors_checked"":9408}"
      6267,         0,         0,   0.018,exact_mw,70a969f5042aec17ac076c6379f4170fb7c69b8e925756ef3b7334e28a33338b,"{""distance"":5,""physical_error_rate"":0.0001}","{""detection_events"":575,""detectors_checked"":1403808}"
      2316,         0,         0,   0.009,exact_mw,70a969f5042aec17ac076c6379f4170fb7c69b8e925756ef3b7334e28a33338b,"{""distance"":5,""physical_error_rate"":0.0001}","{""detection_events"":237,""detectors_checked"":518784}"
       641,         0,         0,   0.011,exact_mw,70a969f5042aec17ac076c6379f4170fb7c69b8e925756ef3b7334e28a33338b,"{""distance"":5,""physical_error_rate"":0.0001}","{""detection_events"":86,""detectors_checked"":143584}"
      3652,         0,         0,   0.018,exact_mw,70a969f5042aec17ac076c6379f4170fb7c69b8e925756ef3b7334e28a33338b,"{""distance"":5,""physical_error_rate"":0.0001}","{""detection_events"":340,""detectors_checked"":818048}"
       181,         0,         0,   0.001,exact_mw,70a969f5042aec17ac076c6379f4170fb7c69b8e925756ef3b7334e28a33338b,"{""distance"":5,""physical_error_rate"":0.0001}","{""detection_events"":28,""detectors_checked"":40544}"
        84,         0,         0,   0.000,exact_mw,70a969f5042aec17ac076c6379f4170fb7c69b8e925756ef3b7334e28a33338b,"{""distance"":5,""physical_error_rate"":0.0001}","{""detection_events"":12,""detectors_checked"":18816}"
      3097,         0,         0,   0.030,exact_mw,70a969f5042aec17ac076c6379f4170fb7c69b8e925756ef3b7334e28a33338b,"{""distance"":5,""physical_error_rate"":0.0001}","{""detection_events"":315,""detectors_checked"":693728}"
      1262,         0,         0,   0.004,exact_mw,70a969f5042aec17ac076c6379f4170fb7c69b8e925756ef3b7334e28a33338b,"{""distance"":5,""physical_error_rate"":0.0001}","{""detection_events"":107,""detectors_checked"":282688}"
      1257,         0,         0,   0.004,exact_mw,70a969f5042aec17ac076c6379f4170fb7c69b8e925756ef3b7334e28a33338b,"{""distance"":5,""physical_error_rate"":0.0001}","{""detection_events"":112,""detectors_checked"":281568}"
      2000,         0,         0,   0.013,exact_mw,70a969f5042aec17ac076c6379f4170fb7c69b8e925756ef3b7334e28a33338b,"{""distance"":5,""physical_error_rate"":0.0001}","{""detection_events"":171,""detectors_checked"":448000}"
      1444,         0,         0,   0.004,exact_mw,70a969f5042aec17ac076c6379f4170fb7c69b8e925756ef3b7334e28a33338b,"{""distance"":5,""physical_error_rate"":0.0001}","{""detection_events"":116,""detectors_checked"":323456}"
      3945,         0,         0,   0.016,exact_mw,70a969f5042aec17ac076c6379f4170fb7c69b8e925756ef3b7334e28a33338b,"{""distance"":5,""physical_error_rate"":0.0001}","{""detection_events"":398,""detectors_checked"":883680}"
       600,         0,         0,   0.002,exact_mw,70a969f5042aec17ac076c6379f4170fb7c69b8e925756ef3b7334e28a33338b,"{""distance"":5,""physical_error_rate"":0.0001}","{""detection_events"":81,""detectors_checked"":134400}"
      3618,         0,         0,   0.026,exact_mw,70a969f5042aec17ac076c6379f4170fb7c69b8e925756ef3b7334e28a33338b,"{""distance"":5,""physical_error_rate"":0.0001}","{""detection_events"":365,""detectors_checked"":810432}"
      1166,         0,         0,   0.003,exact_mw,70a969f5042aec17ac076c6379f4170fb7c69b8e925756ef3b7334e28a33338b,"{""distance"":5,""physical_error_rate"":0.0001}","{""detection_events"":93,""detectors_checked"":261184}"
      3865,         0,         0,   0.013,exact_mw,70a969f5042aec17ac076c6379f4170fb7c69b8e925756ef3b7334e28a33338b,"{""distance"":5,""physical_error_rate"":0.0001}","{""detection_events"":373,""detectors_checked"":865760}"
       182,         0,         0,   0.001,exact_mw,70a969f5042aec17ac076c6379f4170fb7c69b8e925756ef3b7334e28a33338b,"{""distance"":5,""physical_error_rate"":0.0001}","{""detection_events"":20,""detectors_checked"":40768}"
        91,         0,         0,   0.000,exact_mw,70a969f5042aec17ac076c6379f4170fb7c69b8e925756ef3b7334e28a33338b,"{""distance"":5,""physical_error_rate"":0.0001}","{""detection_events"":2,""detectors_checked"":20384}"
        37,         0,         0,   0.000,exact_mw,70a969f5042aec17ac076c6379f4170fb7c69b8e925756ef3b7334e28a33338b,"{""distance"":5,""physical_error_rate"":0.0001}","{""detection_events"":2,""detectors_checked"":8288}"
      3788,         0,         0,   0.024,exact_mw,70a969f5042aec17ac076c6379f4170fb7c69b8e925756ef3b7334e28a33338b,"{""distance"":5,""physical_error_rate"":0.0001}","{""detection_events"":338,""detectors_checked"":848512}"
      2318,         0,         0,   0.021,exact_mw,70a969f5042aec17ac076c6379f4170fb7c69b8e925756ef3b7334e28a33338b,"{""distance"":5,""physical_error_rate"":0.0001}","{""detection_events"":206,""detectors_checked"":519232}"
      4066,         0,         0,   0.041,exact_mw,70a969f5042aec17ac076c6379f4170fb7c69b8e925756ef3b7334e28a33338b,"{""distance"":5,""physical_error_rate"":0.0001}","{""detection_events"":388,""detectors_checked"":910784}"
        26,         0,         0,   0.000,exact_mw,70a969f5042aec17ac076c6379f4170fb7c69b8e925756ef3b7334e28a33338b,"{""distance"":5,""physical_error_rate"":0.0001}","{""detection_events"":12,""detectors_checked"":5824}"
     25600,         0,         0,   0.546,exact_mw,cb12ae119b9b2ba18d0216e7235b403229e92fd0743ede48fe7f1a2c6f45d594,"{""distance"":5,""physical_error_rate"":0.0005}","{""detection_events"":12690,""detectors_checked"":5734400}"
      2052,         0,         0,   0.017,exact_mw,70a969f5042aec17ac076c6379f4170fb7c69b8e925756ef3b7334e28a33338b,"{""distance"":5,""physical_error_rate"":0.0001}","{""detection_events"":257,""detectors_checked"":459648}"
     77824,         0,         0,    1.08,exact_mw,cb12ae119b9b2ba18d0216e7235b403229e92fd0743ede48fe7f1a2c6f45d594,"{""distance"":5,""physical_error_rate"":0.0005}","{""detection_events"":38389,""detectors_checked"":17432576}"
      1739,         0,         0,   0.005,exact_mw,70a969f5042aec17ac076c6379f4170fb7c69b8e925756ef3b7334e28a33338b,"{""distance"":5,""physical_error_rate"":0.0001}","{""detection_events"":162,""detectors_checked"":389536}"
       481,         0,         0,   0.002,exact_mw,70a969f5042aec17ac076c6379f4170fb7c69b8e925756ef3b7334e28a33338b,"{""distance"":5,""physical_error_rate"":0.0001}","{""detection_events"":70,""detectors_checked"":107744}"
      1913,         0,         0,   0.005,exact_mw,70a969f5042aec17ac076c6379f4170fb7c69b8e925756ef3b7334e28a33338b,"{""distance"":5,""physical_error_rate"":0.0001}","{""detection_events"":189,""detectors_checked"":428512}"
      2147,         0,         0,   0.006,exact_mw,70a969f5042aec17ac076c6379f4170fb7c69b8e925756ef3b7334e28a33338b,"{""distance"":5,""physical_error_rate"":0.0001}","{""detection_events"":208,""detectors_checked"":480928}"
      5477,         0,         0,   0.079,exact_mw,70a969f5042aec17ac076c6379f4170fb7c69b8e925756ef3b7334e28a33338b,"{""distance"":5,""physical_error_rate"":0.0001}","{""detection_events"":552,""detectors_checked"":1226848}"
      7355,         0,         0,   0.076,exact_mw,70a969f5042aec17ac076c6379f4170fb7c69b8e925756ef3b7334e28a33338b,"{""distance"":5,""physical_error_rate"":0.0001}","{""detection_events"":702,""detectors_checked"":1647520}"
     35840,         0,         0,    1.52,exact_mw,cb12ae119b9b2ba18d0216e7235b403229e92fd0743ede48fe7f1a2c6f45d594,"{""distance"":5,""physical_error_rate"":0.0005}","{""detection_events"":17550,""detectors_checked"":8028160}"
      3008,         0,         0,   0.016,exact_mw,70a969f5042aec17ac076c6379f4170fb7c69b8e925756ef3b7334e28a33338b,"{""distance"":5,""physical_error_rate"":0.0001}","{""detection_events"":312,""detectors_checked"":673792}"
     26827,         0,         0,   0.230,exact_mw,70a969f5042aec17ac076c6379f4170fb7c69b8e925756ef3b7334e28a33338b,"{""distance"":5,""physical_error_rate"":0.0001}","{""detection_events"":2578,""detectors_checked"":6009248}"
     26090,         0,         0,   0.202,exact_mw,70a969f5042aec17ac076c6379f4170fb7c69b8e925756ef3b7334e28a33338b,"{""distance"":5,""physical_error_rate"":0.0001}","{""detection_events"":2749,""detectors_checked"":5844160}"
     26000,         0,         0,   0.225,exact_mw,70a969f5042aec17ac076c6379f4170fb7c69b8e925756ef3b7334e28a33338b,"{""distance"":5,""physical_error_rate"":0.0001}","{""detection_events"":2632,""detectors_checked"":5824000}"
     26624,         0,         0,   0.185,exact_mw,70a969f5042aec17ac076c6379f4170fb7c69b8e925756ef3b7334e28a33338b,"{""distance"":5,""physical_error_rate"":0.0001}","{""detection_events"":2690,""detectors_checked"":5963776}"
     26624,         0,         0,   0.188,exact_mw,70a969f5042aec17ac076c6379f4170fb7c69b8e925756ef3b7334e28a33338b,"{""distance"":5,""physical_error_rate"":0.0001}","{""detection_events"":2565,""detectors_checked"":5963776}"
        36,         0,         0,   0.000,exact_mw,70a969f5042aec17ac076c6379f4170fb7c69b8e925756ef3b7334e28a33338b,"{""distance"":5,""physical_error_rate"":0.0001}","{""detectors_checked"":8064}"
       482,         0,         0,   0.002,exact_mw,70a969f5042aec17ac076c6379f4170fb7c69b8e925756ef3b7334e28a33338b,"{""distance"":5,""physical_error_rate"":0.0001}","{""detection_events"":36,""detectors_checked"":107968}"
     26624,         0,         0,   0.240,exact_mw,70a969f5042aec17ac076c6379f4170fb7c69b8e925756ef3b7334e28a33338b,"{""distance"":5,""physical_error_rate"":0.0001}","{""detection_events"":2494,""detectors_checked"":5963776}"
        51,         0,         0,   0.000,exact_mw,70a969f5042aec17ac076c6379f4170fb7c69b8e925756ef3b7334e28a33338b,"{""distance"":5,""physical_error_rate"":0.0001}","{""detection_events"":5,""detectors_checked"":11424}"
       373,         0,         0,   0.001,exact_mw,70a969f5042aec17ac076c6379f4170fb7c69b8e925756ef3b7334e28a33338b,"{""distance"":5,""physical_error_rate"":0.0001}","{""detection_events"":28,""detectors_checked"":83552}"
     15360,         0,         0,   0.839,exact_mw,cb12ae119b9b2ba18d0216e7235b403229e92fd0743ede48fe7f1a2c6f45d594,"{""distance"":5,""physical_error_rate"":0.0005}","{""detection_events"":7433,""detectors_checked"":3440640}"
       271,         0,         0,   0.001,exact_mw,70a969f5042aec17ac076c6379f4170fb7c69b8e925756ef3b7334e28a33338b,"{""distance"":5,""physical_error_rate"":0.0001}","{""detection_events"":32,""detectors_checked"":60704}"
        36,         0,         0,   0.000,exact_mw,70a969f5042aec17ac076c6379f4170fb7c69b8e925756ef3b7334e28a33338b,"{""distance"":5,""physical_error_rate"":0.0001}","{""detection_events"":5,""detectors_checked"":8064}"
     31744,         0,         0,   0.207,exact_mw,cb12ae119b9b2ba18d0216e7235b403229e92fd0743ede48fe7f1a2c6f45d594,"{""distance"":5,""physical_error_rate"":0.0005}","{""detection_events"":15595,""detectors_checked"":7110656}"
        51,         0,         0,   0.000,exact_mw,70a969f5042aec17ac076c6379f4170fb7c69b8e925756ef3b7334e28a33338b,"{""distance"":5,""physical_error_rate"":0.0001}","{""detection_events"":14,""detectors_checked"":11424}"
       264,         0,         0,   0.001,exact_mw,70a969f5042aec17ac076c6379f4170fb7c69b8e925756ef3b7334e28a33338b,"{""distance"":5,""physical_error_rate"":0.0001}","{""detection_events"":26,""detectors_checked"":59136}"
         9,         0,         0,   0.000,exact_mw,70a969f5042aec17ac076c6379f4170fb7c69b8e925756ef3b7334e28a33338b,"{""distance"":5,""physical_error_rate"":0.0001}","{""detection_events"":2,""detectors_checked"":2016}"
      2869,         0,         0,   0.008,exact_mw,70a969f5042aec17ac076c6379f4170fb7c69b8e925756ef3b7334e28a33338b,"{""distance"":5,""physical_error_rate"":0.0001}","{""detection_events"":269,""detectors_checked"":642656}"
       289,         0,         0,   0.001,exact_mw,70a969f5042aec17ac076c6379f4170fb7c69b8e925756ef3b7334e28a33338b,"{""distance"":5,""physical_error_rate"":0.0001}","{""detection_events"":23,""detectors_checked"":64736}"
       878,         0,         0,   0.003,exact_mw,70a969f5042aec17ac076c6379f4170fb7c69b8e925756ef3b7334e28a33338b,"{""distance"":5,""physical_error_rate"":0.0001}","{""detection_events"":87,""detectors_checked"":196672}"
     49152,         0,         0,   0.562,exact_mw,cb12ae119b9b2ba18d0216e7235b403229e92fd0743ede48fe7f1a2c6f45d594,"{""distance"":5,""physical_error_rate"":0.0005}","{""detection_events"":24330,""detectors_checked"":11010048}"
     23552,         0,         0,   0.230,exact_mw,70a969f5042aec17ac076c6379f4170fb7c69b8e925756ef3b7334e28a33338b,"{""distance"":5,""physical_error_rate"":0.0001}","{""detection_events"":2245,""detectors_checked"":5275648}"
      8192,         0,         0,   0.065,exact_mw,70a969f5042aec17ac076c6379f4170fb7c69b8e925756ef3b7334e28a33338b,"{""distance"":5,""physical_error_rate"":0.0001}","{""detection_events"":756,""detectors_checked"":1835008}"
       490,         0,         0,   0.002,exact_mw,70a969f5042aec17ac076c6379f4170fb7c69b8e925756ef3b7334e28a33338b,"{""distance"":5,""physical_error_rate"":0.0001}","{""detection_events"":62,""detectors_checked"":109760}"
    156672,         0,         0,    1.48,exact_mw,cb12ae119b9b2ba18d0216e7235b403229e92fd0743ede48fe7f1a2c6f45d594,"{""distance"":5,""physical_error_rate"":0.0005}","{""detection_events"":77736,""detectors_checked"":35094528}"
     22709,         0,         0,   0.243,exact_mw,70a969f5042aec17ac076c6379f4170fb7c69b8e925756ef3b7334e28a33338b,"{""distance"":5,""physical_error_rate"":0.0001}","{""detection_events"":2265,""detectors_checked"":5086816}"
     25600,         0,         0,   0.234,exact_mw,70a969f5042aec17ac076c6379f4170fb7c69b8e925756ef3b7334e28a33338b,"{""distance"":5,""physical_error_rate"":0.0001}","{""detection_events"":2371,""detectors_checked"":5734400}"
      3177,         0,         0,   0.009,exact_mw,70a969f5042aec17ac076c6379f4170fb7c69b8e925756ef3b7334e28a33338b,"{""distance"":5,""physical_error_rate"":0.0001}","{""detection_events"":308,""detectors_checked"":711648}"
     25246,         0,         0,   0.205,exact_mw,70a969f5042aec17ac076c6379f4170fb7c69b8e925756ef3b7334e28a33338b,"{""distance"":5,""physical_error_rate"":0.0001}","{""detection_events"":2500,""detectors_checked"":5655104}"
     25801,         0,         0,   0.265,exact_mw,70a969f5042aec17ac076c6379f4170fb7c69b8e925756ef3b7334e28a33338b,"{""distance"":5,""physical_error_rate"":0.0001}","{""detection_events"":2585,""detectors_checked"":5779424}"
      2667,         0,         0,   0.007,exact_mw,70a969f5042aec17ac076c6379f4170fb7c69b8e925756ef3b7334e28a33338b,"{""distance"":5,""physical_error_rate"":0.0001}","{""detection_events"":237,""detectors_checked"":597408}"
       907,         0,         0,   0.003,exact_mw,70a969f5042aec17ac076c6379f4170fb7c69b8e925756ef3b7334e28a33338b,"{""distance"":5,""physical_error_rate"":0.0001}","{""detection_events"":50,""detectors_checked"":203168}"
      1233,         0,         0,   0.004,exact_mw,70a969f5042aec17ac076c6379f4170fb7c69b8e925756ef3b7334e28a33338b,"{""distance"":5,""physical_error_rate"":0.0001}","{""detection_events"":112,""detectors_checked"":276192}"
      2116,         0,         0,   0.006,exact_mw,70a969f5042aec17ac076c6379f4170fb7c69b8e925756ef3b7334e28a33338b,"{""distance"":5,""physical_error_rate"":0.0001}","{""detection_events"":198,""detectors_checked"":473984}"
      5353,         0,         0,   0.015,exact_mw,70a969f5042aec17ac076c6379f4170fb7c69b8e925756ef3b7334e28a33338b,"{""distance"":5,""physical_error_rate"":0.0001}","{""detection_events"":583,""detectors_checked"":1199072}"
     14668,         0,         0,   0.576,exact_mw,70a969f5042aec17ac076c6379f4170fb7c69b8e925756ef3b7334e28a33338b,"{""distance"":5,""physical_error_rate"":0.0001}","{""detection_events"":1592,""detectors_checked"":3285632}"
      2990,         0,         0,   0.008,exact_mw,70a969f5042aec17ac076c6379f4170fb7c69b8e925756ef3b7334e28a33338b,"{""distance"":5,""physical_error_rate"":0.0001}","{""detection_events"":332,""detectors_checked"":669760}"
      2103,         0,         0,   0.018,exact_mw,70a969f5042aec17ac076c6379f4170fb7c69b8e925756ef3b7334e28a33338b,"{""distance"":5,""physical_error_rate"":0.0001}","{""detection_events"":166,""detectors_checked"":471072}"
       146,         0,         0,   0.001,exact_mw,70a969f5042aec17ac076c6379f4170fb7c69b8e925756ef3b7334e28a33338b,"{""distance"":5,""physical_error_rate"":0.0001}","{""detection_events"":18,""detectors_checked"":32704}"
     63488,         0,         0,    1.07,exact_mw,cb12ae119b9b2ba18d0216e7235b403229e92fd0743ede48fe7f1a2c6f45d594,"{""distance"":5,""physical_error_rate"":0.0005}","{""detection_events"":31887,""detectors_checked"":14221312}"
      2990,         0,         0,   0.009,exact_mw,70a969f5042aec17ac076c6379f4170fb7c69b8e925756ef3b7334e28a33338b,"{""distance"":5,""physical_error_rate"":0.0001}","{""detection_events"":338,""detectors_checked"":669760}"
     25600,         0,         0,   0.243,exact_mw,70a969f5042aec17ac076c6379f4170fb7c69b8e925756ef3b7334e28a33338b,"{""distance"":5,""physical_error_rate"":0.0001}","{""detection_events"":2501,""detectors_checked"":5734400}"
        24,         0,         0,   0.000,exact_mw,70a969f5042aec17ac076c6379f4170fb7c69b8e925756ef3b7334e28a33338b,"{""distance"":5,""physical_error_rate"":0.0001}","{""detectors_checked"":5376}"
       201,         0,         0,   0.001,exact_mw,70a969f5042aec17ac076c6379f4170fb7c69b8e925756ef3b7334e28a33338b,"{""distance"":5,""physical_error_rate"":0.0001}","{""detection_events"":15,""detectors_checked"":45024}"
     20103,         0,         0,   0.775,exact_mw,70a969f5042aec17ac076c6379f4170fb7c69b8e925756ef3b7334e28a33338b,"{""distance"":5,""physical_error_rate"":0.0001}","{""detection_events"":2044,""detectors_checked"":4503072}"
     23552,         0,         0,   0.739,exact_mw,70a969f5042aec17ac076c6379f4170fb7c69b8e925756ef3b7334e28a33338b,"{""distance"":5,""physical_error_rate"":0.0001}","{""detection_events"":2191,""detectors_checked"":5275648}"
       425,         0,         0,   0.002,exact_mw,70a969f5042aec17ac076c6379f4170fb7c69b8e925756ef3b7334e28a33338b,"{""distance"":5,""physical_error_rate"":0.0001}","{""detection_events"":24,""detectors_checked"":95200}"
     20480,         0,         0,   0.225,exact_mw,70a969f5042aec17ac076c6379f4170fb7c69b8e925756ef3b7334e28a33338b,"{""distance"":5,""physical_error_rate"":0.0001}","{""detection_events"":2025,""detectors_checked"":4587520}"
       639,         0,         0,   0.002,exact_mw,70a969f5042aec17ac076c6379f4170fb7c69b8e925756ef3b7334e28a33338b,"{""distance"":5,""physical_error_rate"":0.0001}","{""detection_events"":80,""detectors_checked"":143136}"
        79,         0,         0,   0.000,exact_mw,70a969f5042aec17ac076c6379f4170fb7c69b8e925756ef3b7334e28a33338b,"{""distance"":5,""physical_error_rate"":0.0001}","{""detection_events"":6,""detectors_checked"":17696}"
       140,         0,         0,   0.001,exact_mw,70a969f5042aec17ac076c6379f4170fb7c69b8e925756ef3b7334e28a33338b,"{""distance"":5,""physical_error_rate"":0.0001}","{""detection_events"":26,""detectors_checked"":31360}"
      2249,         0,         0,   0.006,exact_mw,70a969f5042aec17ac076c6379f4170fb7c69b8e925756ef3b7334e28a33338b,"{""distance"":5,""physical_error_rate"":0.0001}","{""detection_events"":201,""detectors_checked"":503776}"
      1185,         0,         0,   0.003,exact_mw,70a969f5042aec17ac076c6379f4170fb7c69b8e925756ef3b7334e28a33338b,"{""distance"":5,""physical_error_rate"":0.0001}","{""detection_events"":76,""detectors_checked"":265440}"
       316,         0,         0,   0.001,exact_mw,70a969f5042aec17ac076c6379f4170fb7c69b8e925756ef3b7334e28a33338b,"{""distance"":5,""physical_error_rate"":0.0001}","{""detection_events"":32,""detectors_checked"":70784}"
      2548,         0,         0,   0.008,exact_mw,70a969f5042aec17ac076c6379f4170fb7c69b8e925756ef3b7334e28a33338b,"{""distance"":5,""physical_error_rate"":0.0001}","{""detection_events"":223,""detectors_checked"":570752}"
       564,         0,         0,   0.002,exact_mw,70a969f5042aec17ac076c6379f4170fb7c69b8e925756ef3b7334e28a33338b,"{""distance"":5,""physical_error_rate"":0.0001}","{""detection_events"":70,""detectors_checked"":126336}"
      1694,         0,         0,   0.005,exact_mw,70a969f5042aec17ac076c6379f4170fb7c69b8e925756ef3b7334e28a33338b,"{""distance"":5,""physical_error_rate"":0.0001}","{""detection_events"":148,""detectors_checked"":379456}"
      1654,         0,         0,   0.010,exact_mw,70a969f5042aec17ac076c6379f4170fb7c69b8e925756ef3b7334e28a33338b,"{""distance"":5,""physical_error_rate"":0.0001}","{""detection_events"":145,""detectors_checked"":370496}"
      8192,         0,         0,   0.043,exact_mw,70a969f5042aec17ac076c6379f4170fb7c69b8e925756ef3b7334e28a33338b,"{""distance"":5,""physical_error_rate"":0.0001}","{""detection_events"":797,""detectors_checked"":1835008}"
      4676,         0,         0,   0.027,exact_mw,70a969f5042aec17ac076c6379f4170fb7c69b8e925756ef3b7334e28a33338b,"{""distance"":5,""physical_error_rate"":0.0001}","{""detection_events"":449,""detectors_checked"":1047424}"
      9256,         0,         0,   0.046,exact_mw,70a969f5042aec17ac076c6379f4170fb7c69b8e925756ef3b7334e28a33338b,"{""distance"":5,""physical_error_rate"":0.0001}","{""detection_events"":933,""detectors_checked"":2073344}"
     58368,         0,         0,   0.770,exact_mw,cb12ae119b9b2ba18d0216e7235b403229e92fd0743ede48fe7f1a2c6f45d594,"{""distance"":5,""physical_error_rate"":0.0005}","{""detection_events"":28856,""detectors_checked"":13074432}"
     38912,         0,         0,   0.787,exact_mw,cb12ae119b9b2ba18d0216e7235b403229e92fd0743ede48fe7f1a2c6f45d594,"{""distance"":5,""physical_error_rate"":0.0005}","{""detection_events"":19496,""detectors_checked"":8716288}"
     33792,         0,         0,   0.395,exact_mw,cb12ae119b9b2ba18d0216e7235b403229e92fd0743ede48fe7f1a2c6f45d594,"{""distance"":5,""physical_error_rate"":0.0005}","{""detection_events"":16589,""detectors_checked"":7569408}"
      1297,         0,         0,   0.025,exact_mw,cb12ae119b9b2ba18d0216e7235b403229e92fd0743ede48fe7f1a2c6f45d594,"{""distance"":5,""physical_error_rate"":0.0005}","{""detection_events"":620,""detectors_checked"":290528}"
      2048,         0,         0,   0.016,exact_mw,cb12ae119b9b2ba18d0216e7235b403229e92fd0743ede48fe7f1a2c6f45d594,"{""distance"":5,""physical_error_rate"":0.0005}","{""detection_events"":985,""detectors_checked"":458752}"
      1297,         0,         0,   0.026,exact_mw,cb12ae119b9b2ba18d0216e7235b403229e92fd0743ede48fe7f1a2c6f45d594,"{""distance"":5,""physical_error_rate"":0.0005}","{""detection_events"":668,""detectors_checked"":290528}"
      1024,         0,         0,   0.024,exact_mw,cb12ae119b9b2ba18d0216e7235b403229e92fd0743ede48fe7f1a2c6f45d594,"{""distance"":5,""physical_error_rate"":0.0005}","{""detection_events"":510,""detectors_checked"":229376}"
      1024,         0,         0,   0.014,exact_mw,cb12ae119b9b2ba18d0216e7235b403229e92fd0743ede48fe7f1a2c6f45d594,"{""distance"":5,""physical_error_rate"":0.0005}","{""detection_events"":505,""detectors_checked"":229376}"
     68608,         0,         0,   0.290,exact_mw,cb12ae119b9b2ba18d0216e7235b403229e92fd0743ede48fe7f1a2c6f45d594,"{""distance"":5,""physical_error_rate"":0.0005}","{""detection_events"":33823,""detectors_checked"":15368192}"
     54272,         0,         0,   0.742,exact_mw,cb12ae119b9b2ba18d0216e7235b403229e92fd0743ede48fe7f1a2c6f45d594,"{""distance"":5,""physical_error_rate"":0.0005}","{""detection_events"":27018,""detectors_checked"":12156928}"
     57344,         0,         0,    1.11,exact_mw,cb12ae119b9b2ba18d0216e7235b403229e92fd0743ede48fe7f1a2c6f45d594,"{""distance"":5,""physical_error_rate"":0.0005}","{""detection_events"":28163,""detectors_checked"":12845056}"
      2048,         0,         0,   0.021,exact_mw,cb12ae119b9b2ba18d0216e7235b403229e92fd0743ede48fe7f1a2c6f45d594,"{""distance"":5,""physical_error_rate"":0.0005}","{""detection_events"":1001,""detectors_checked"":458752}"
     72704,         0,         0,    1.11,exact_mw,cb12ae119b9b2ba18d0216e7235b403229e92fd0743ede48fe7f1a2c6f45d594,"{""distance"":5,""physical_error_rate"":0.0005}","{""detection_events"":36156,""detectors_checked"":16285696}"
      4096,         0,         0,   0.044,exact_mw,cb12ae119b9b2ba18d0216e7235b403229e92fd0743ede48fe7f1a2c6f45d594,"{""distance"":5,""physical_error_rate"":0.0005}","{""detection_events"":1903,""detectors_checked"":917504}"
      2048,         0,         0,   0.016,exact_mw,cb12ae119b9b2ba18d0216e7235b403229e92fd0743ede48fe7f1a2c6f45d594,"{""distance"":5,""physical_error_rate"":0.0005}","{""detection_events"":1014,""detectors_checked"":458752}"
      3072,         0,         0,   0.031,exact_mw,cb12ae119b9b2ba18d0216e7235b403229e92fd0743ede48fe7f1a2c6f45d594,"{""distance"":5,""physical_error_rate"":0.0005}","{""detection_events"":1455,""detectors_checked"":688128}"
     73728,         0,         0,   0.778,exact_mw,cb12ae119b9b2ba18d0216e7235b403229e92fd0743ede48fe7f1a2c6f45d594,"{""distance"":5,""physical_error_rate"":0.0005}","{""detection_events"":36721,""detectors_checked"":16515072}"
      2048,         0,         0,   0.040,exact_mw,cb12ae119b9b2ba18d0216e7235b403229e92fd0743ede48fe7f1a2c6f45d594,"{""distance"":5,""physical_error_rate"":0.0005}","{""detection_events"":1014,""detectors_checked"":458752}"
         1,         0,         0,   0.000,exact_mw,70a969f5042aec17ac076c6379f4170fb7c69b8e925756ef3b7334e28a33338b,"{""distance"":5,""physical_error_rate"":0.0001}","{""detectors_checked"":224}"
      3072,         0,         0,   0.062,exact_mw,cb12ae119b9b2ba18d0216e7235b403229e92fd0743ede48fe7f1a2c6f45d594,"{""distance"":5,""physical_error_rate"":0.0005}","{""detection_events"":1516,""detectors_checked"":688128}"
      2320,         0,         0,   0.036,exact_mw,70a969f5042aec17ac076c6379f4170fb7c69b8e925756ef3b7334e28a33338b,"{""distance"":5,""physical_error_rate"":0.0001}","{""detection_events"":214,""detectors_checked"":519680}"
        37,         0,         0,   0.000,exact_mw,70a969f5042aec17ac076c6379f4170fb7c69b8e925756ef3b7334e28a33338b,"{""distance"":5,""physical_error_rate"":0.0001}","{""detection_events"":3,""detectors_checked"":8288}"
        37,         0,         0,   0.000,exact_mw,70a969f5042aec17ac076c6379f4170fb7c69b8e925756ef3b7334e28a33338b,"{""distance"":5,""physical_error_rate"":0.0001}","{""detection_events"":12,""detectors_checked"":8288}"
        37,         0,         0,   0.000,exact_mw,70a969f5042aec17ac076c6379f4170fb7c69b8e925756ef3b7334e28a33338b,"{""distance"":5,""physical_error_rate"":0.0001}","{""detection_events"":4,""detectors_checked"":8288}"
        37,         0,         0,   0.000,exact_mw,70a969f5042aec17ac076c6379f4170fb7c69b8e925756ef3b7334e28a33338b,"{""distance"":5,""physical_error_rate"":0.0001}","{""detection_events"":7,""detectors_checked"":8288}"
        37,         0,         0,   0.000,exact_mw,70a969f5042aec17ac076c6379f4170fb7c69b8e925756ef3b7334e28a33338b,"{""distance"":5,""physical_error_rate"":0.0001}","{""detection_events"":8,""detectors_checked"":8288}"
        37,         0,         0,   0.000,exact_mw,70a969f5042aec17ac076c6379f4170fb7c69b8e925756ef3b7334e28a33338b,"{""distance"":5,""physical_error_rate"":0.0001}","{""detection_events"":4,""detectors_checked"":8288}"
        37,         0,         0,   0.000,exact_mw,70a969f5042aec17ac076c6379f4170fb7c69b8e925756ef3b7334e28a33338b,"{""distance"":5,""physical_error_rate"":0.0001}","{""detection_events"":10,""detectors_checked"":8288}"
         1,         0,         0,   0.000,exact_mw,70a969f5042aec17ac076c6379f4170fb7c69b8e925756ef3b7334e28a33338b,"{""distance"":5,""physical_error_rate"":0.0001}","{""detectors_checked"":224}"
         1,         0,         0,   0.000,exact_mw,70a969f5042aec17ac076c6379f4170fb7c69b8e925756ef3b7334e28a33338b,"{""distance"":5,""physical_error_rate"":0.0001}","{""detectors_checked"":224}"
        37,         0,         0,   0.000,exact_mw,70a969f5042aec17ac076c6379f4170fb7c69b8e925756ef3b7334e28a33338b,"{""distance"":5,""physical_error_rate"":0.0001}","{""detectors_checked"":8288}"
         1,         0,         0,   0.000,exact_mw,70a969f5042aec17ac076c6379f4170fb7c69b8e925756ef3b7334e28a33338b,"{""distance"":5,""physical_error_rate"":0.0001}","{""detectors_checked"":224}"
        37,         0,         0,   0.000,exact_mw,70a969f5042aec17ac076c6379f4170fb7c69b8e925756ef3b7334e28a33338b,"{""distance"":5,""physical_error_rate"":0.0001}","{""detectors_checked"":8288}"
        37,         0,         0,   0.000,exact_mw,70a969f5042aec17ac076c6379f4170fb7c69b8e925756ef3b7334e28a33338b,"{""distance"":5,""physical_error_rate"":0.0001}","{""detection_events"":9,""detectors_checked"":8288}"
         1,         0,         0,   0.000,exact_mw,70a969f5042aec17ac076c6379f4170fb7c69b8e925756ef3b7334e28a33338b,"{""distance"":5,""physical_error_rate"":0.0001}","{""detectors_checked"":224}"
        37,         0,         0,   0.000,exact_mw,70a969f5042aec17ac076c6379f4170fb7c69b8e925756ef3b7334e28a33338b,"{""distance"":5,""physical_error_rate"":0.0001}","{""detection_events"":7,""detectors_checked"":8288}"
         1,         0,         0,   0.000,exact_mw,70a969f5042aec17ac076c6379f4170fb7c69b8e925756ef3b7334e28a33338b,"{""distance"":5,""physical_error_rate"":0.0001}","{""detectors_checked"":224}"
         1,         0,         0,   0.000,exact_mw,70a969f5042aec17ac076c6379f4170fb7c69b8e925756ef3b7334e28a33338b,"{""distance"":5,""physical_error_rate"":0.0001}","{""detectors_checked"":224}"
        37,         0,         0,   0.000,exact_mw,70a969f5042aec17ac076c6379f4170fb7c69b8e925756ef3b7334e28a33338b,"{""distance"":5,""physical_error_rate"":0.0001}","{""detection_events"":1,""detectors_checked"":8288}"
        37,         0,         0,   0.000,exact_mw,70a969f5042aec17ac076c6379f4170fb7c69b8e925756ef3b7334e28a33338b,"{""distance"":5,""physical_error_rate"":0.0001}","{""detection_events"":2,""detectors_checked"":8288}"
         1,         0,         0,   0.000,exact_mw,70a969f5042aec17ac076c6379f4170fb7c69b8e925756ef3b7334e28a33338b,"{""distance"":5,""physical_error_rate"":0.0001}","{""detectors_checked"":224}"
         2,         0,         0,   0.000,exact_mw,70a969f5042aec17ac076c6379f4170fb7c69b8e925756ef3b7334e28a33338b,"{""distance"":5,""physical_error_rate"":0.0001}","{""detectors_checked"":448}"
        37,         0,         0,   0.000,exact_mw,70a969f5042aec17ac076c6379f4170fb7c69b8e925756ef3b7334e28a33338b,"{""distance"":5,""physical_error_rate"":0.0001}","{""detection_events"":2,""detectors_checked"":8288}"
         1,         0,         0,   0.000,exact_mw,70a969f5042aec17ac076c6379f4170fb7c69b8e925756ef3b7334e28a33338b,"{""distance"":5,""physical_error_rate"":0.0001}","{""detectors_checked"":224}"
        37,         0,         0,   0.000,exact_mw,70a969f5042aec17ac076c6379f4170fb7c69b8e925756ef3b7334e28a33338b,"{""distance"":5,""physical_error_rate"":0.0001}","{""detection_events"":1,""detectors_checked"":8288}"
         1,         0,         0,   0.000,exact_mw,70a969f5042aec17ac076c6379f4170fb7c69b8e925756ef3b7334e28a33338b,"{""distance"":5,""physical_error_rate"":0.0001}","{""detectors_checked"":224}"
        37,         0,         0,   0.000,exact_mw,70a969f5042aec17ac076c6379f4170fb7c69b8e925756ef3b7334e28a33338b,"{""distance"":5,""physical_error_rate"":0.0001}","{""detection_events"":2,""detectors_checked"":8288}"
         1,         0,         0,   0.000,exact_mw,70a969f5042aec17ac076c6379f4170fb7c69b8e925756ef3b7334e28a33338b,"{""distance"":5,""physical_error_rate"":0.0001}","{""detectors_checked"":224}"
         1,         0,         0,   0.000,exact_mw,70a969f5042aec17ac076c6379f4170fb7c69b8e925756ef3b7334e28a33338b,"{""distance"":5,""physical_error_rate"":0.0001}","{""detectors_checked"":224}"
        37,         0,         0,   0.000,exact_mw,70a969f5042aec17ac076c6379f4170fb7c69b8e925756ef3b7334e28a33338b,"{""distance"":5,""physical_error_rate"":0.0001}","{""detection_events"":6,""detectors_checked"":8288}"
      4330,         0,         0,   0.048,exact_mw,70a969f5042aec17ac076c6379f4170fb7c69b8e925756ef3b7334e28a33338b,"{""distance"":5,""physical_error_rate"":0.0001}","{""detection_events"":404,""detectors_checked"":969920}"
         1,         0,         0,   0.000,exact_mw,70a969f5042aec17ac076c6379f4170fb7c69b8e925756ef3b7334e28a33338b,"{""distance"":5,""physical_error_rate"":0.0001}","{""detectors_checked"":224}"
        37,         0,         0,   0.000,exact_mw,70a969f5042aec17ac076c6379f4170fb7c69b8e925756ef3b7334e28a33338b,"{""distance"":5,""physical_error_rate"":0.0001}","{""detectors_checked"":8288}"
        37,         0,         0,   0.000,exact_mw,70a969f5042aec17ac076c6379f4170fb7c69b8e925756ef3b7334e28a33338b,"{""distance"":5,""physical_error_rate"":0.0001}","{""detection_events"":3,""detectors_checked"":8288}"
         3,         0,         0,   0.000,exact_mw,70a969f5042aec17ac076c6379f4170fb7c69b8e925756ef3b7334e28a33338b,"{""distance"":5,""physical_error_rate"":0.0001}","{""detection_events"":2,""detectors_checked"":672}"
         1,         0,         0,   0.000,exact_mw,70a969f5042aec17ac076c6379f4170fb7c69b8e925756ef3b7334e28a33338b,"{""distance"":5,""physical_error_rate"":0.0001}","{""detectors_checked"":224}"
        37,         0,         0,   0.000,exact_mw,70a969f5042aec17ac076c6379f4170fb7c69b8e925756ef3b7334e28a33338b,"{""distance"":5,""physical_error_rate"":0.0001}","{""detectors_checked"":8288}"
         1,         0,         0,   0.000,exact_mw,70a969f5042aec17ac076c6379f4170fb7c69b8e925756ef3b7334e28a33338b,"{""distance"":5,""physical_error_rate"":0.0001}","{""detectors_checked"":224}"
        37,         0,         0,   0.000,exact_mw,70a969f5042aec17ac076c6379f4170fb7c69b8e925756ef3b7334e28a33338b,"{""distance"":5,""physical_error_rate"":0.0001}","{""detection_events"":2,""detectors_checked"":8288}"
        37,         0,         0,   0.000,exact_mw,70a969f5042aec17ac076c6379f4170fb7c69b8e925756ef3b7334e28a33338b,"{""distance"":5,""physical_error_rate"":0.0001}","{""detection_events"":12,""detectors_checked"":8288}"
      3072,         0,         0,   0.069,exact_mw,cb12ae119b9b2ba18d0216e7235b403229e92fd0743ede48fe7f1a2c6f45d594,"{""distance"":5,""physical_error_rate"":0.0005}","{""detection_events"":1502,""detectors_checked"":688128}"
        37,         0,         0,   0.000,exact_mw,70a969f5042aec17ac076c6379f4170fb7c69b8e925756ef3b7334e28a33338b,"{""distance"":5,""physical_error_rate"":0.0001}","{""detection_events"":6,""detectors_checked"":8288}"
         1,         0,         0,   0.000,exact_mw,70a969f5042aec17ac076c6379f4170fb7c69b8e925756ef3b7334e28a33338b,"{""distance"":5,""physical_error_rate"":0.0001}","{""detectors_checked"":224}"
        37,         0,         0,   0.000,exact_mw,70a969f5042aec17ac076c6379f4170fb7c69b8e925756ef3b7334e28a33338b,"{""distance"":5,""physical_error_rate"":0.0001}","{""detection_events"":6,""detectors_checked"":8288}"
         4,         0,         0,   0.000,exact_mw,70a969f5042aec17ac076c6379f4170fb7c69b8e925756ef3b7334e28a33338b,"{""distance"":5,""physical_error_rate"":0.0001}","{""detectors_checked"":896}"
         6,         0,         0,   0.000,exact_mw,70a969f5042aec17ac076c6379f4170fb7c69b8e925756ef3b7334e28a33338b,"{""distance"":5,""physical_error_rate"":0.0001}","{""detection_events"":2,""detectors_checked"":1344}"
      1024,         0,         0,   0.031,exact_mw,70a969f5042aec17ac076c6379f4170fb7c69b8e925756ef3b7334e28a33338b,"{""distance"":5,""physical_error_rate"":0.0001}","{""detection_events"":120,""detectors_checked"":229376}"
        37,         0,         0,   0.000,exact_mw,70a969f5042aec17ac076c6379f4170fb7c69b8e925756ef3b7334e28a33338b,"{""distance"":5,""physical_error_rate"":0.0001}","{""detection_events"":2,""detectors_checked"":8288}"
         1,         0,         0,   0.000,exact_mw,70a969f5042aec17ac076c6379f4170fb7c69b8e925756ef3b7334e28a33338b,"{""distance"":5,""physical_error_rate"":0.0001}","{""detectors_checked"":224}"
         1,         0,         0,   0.000,exact_mw,70a969f5042aec17ac076c6379f4170fb7c69b8e925756ef3b7334e28a33338b,"{""distance"":5,""physical_error_rate"":0.0001}","{""detectors_checked"":224}"
         3,         0,         0,   0.000,exact_mw,70a969f5042aec17ac076c6379f4170fb7c69b8e925756ef3b7334e28a33338b,"{""distance"":5,""physical_error_rate"":0.0001}","{""detectors_checked"":672}"
         9,         0,         0,   0.000,exact_mw,70a969f5042aec17ac076c6379f4170fb7c69b8e925756ef3b7334e28a33338b,"{""distance"":5,""physical_error_rate"":0.0001}","{""detection_events"":1,""detectors_checked"":2016}"
         4,         0,         0,   0.000,exact_mw,70a969f5042aec17ac076c6379f4170fb7c69b8e925756ef3b7334e28a33338b,"{""distance"":5,""physical_error_rate"":0.0001}","{""detectors_checked"":896}"
         7,         0,         0,   0.000,exact_mw,70a969f5042aec17ac076c6379f4170fb7c69b8e925756ef3b7334e28a33338b,"{""distance"":5,""physical_error_rate"":0.0001}","{""detectors_checked"":1568}"
        37,         0,         0,   0.000,exact_mw,70a969f5042aec17ac076c6379f4170fb7c69b8e925756ef3b7334e28a33338b,"{""distance"":5,""physical_error_rate"":0.0001}","{""detection_events"":10,""detectors_checked"":8288}"
        37,         0,         0,   0.001,exact_mw,70a969f5042aec17ac076c6379f4170fb7c69b8e925756ef3b7334e28a33338b,"{""distance"":5,""physical_error_rate"":0.0001}","{""detection_events"":6,""detectors_checked"":8288}"
        71,         0,         0,   0.000,exact_mw,70a969f5042aec17ac076c6379f4170fb7c69b8e925756ef3b7334e28a33338b,"{""distance"":5,""physical_error_rate"":0.0001}","{""detection_events"":7,""detectors_checked"":15904}"
         5,         0,         0,   0.000,exact_mw,70a969f5042aec17ac076c6379f4170fb7c69b8e925756ef3b7334e28a33338b,"{""distance"":5,""physical_error_rate"":0.0001}","{""detectors_checked"":1120}"
         1,         0,         0,   0.000,exact_mw,70a969f5042aec17ac076c6379f4170fb7c69b8e925756ef3b7334e28a33338b,"{""distance"":5,""physical_error_rate"":0.0001}","{""detectors_checked"":224}"
        70,         0,         0,   0.000,exact_mw,70a969f5042aec17ac076c6379f4170fb7c69b8e925756ef3b7334e28a33338b,"{""distance"":5,""physical_error_rate"":0.0001}","{""detection_events"":10,""detectors_checked"":15680}"
        37,         0,         0,   0.000,exact_mw,70a969f5042aec17ac076c6379f4170fb7c69b8e925756ef3b7334e28a33338b,"{""distance"":5,""physical_error_rate"":0.0001}","{""detectors_checked"":8288}"
         1,         0,         0,   0.000,exact_mw,70a969f5042aec17ac076c6379f4170fb7c69b8e925756ef3b7334e28a33338b,"{""distance"":5,""physical_error_rate"":0.0001}","{""detectors_checked"":224}"
         2,         0,         0,   0.000,exact_mw,70a969f5042aec17ac076c6379f4170fb7c69b8e925756ef3b7334e28a33338b,"{""distance"":5,""physical_error_rate"":0.0001}","{""detectors_checked"":448}"
        78,         0,         0,   0.000,exact_mw,70a969f5042aec17ac076c6379f4170fb7c69b8e925756ef3b7334e28a33338b,"{""distance"":5,""physical_error_rate"":0.0001}","{""detectors_checked"":17472}"
        37,         0,         0,   0.008,exact_mw,70a969f5042aec17ac076c6379f4170fb7c69b8e925756ef3b7334e28a33338b,"{""distance"":5,""physical_error_rate"":0.0001}","{""detection_events"":2,""detectors_checked"":8288}"
        76,         0,         0,   0.000,exact_mw,70a969f5042aec17ac076c6379f4170fb7c69b8e925756ef3b7334e28a33338b,"{""distance"":5,""physical_error_rate"":0.0001}","{""detection_events"":5,""detectors_checked"":17024}"
         1,         0,         0,   0.000,exact_mw,70a969f5042aec17ac076c6379f4170fb7c69b8e925756ef3b7334e28a33338b,"{""distance"":5,""physical_error_rate"":0.0001}","{""detectors_checked"":224}"
        79,         0,         0,   0.000,exact_mw,70a969f5042aec17ac076c6379f4170fb7c69b8e925756ef3b7334e28a33338b,"{""distance"":5,""physical_error_rate"":0.0001}","{""detection_events"":5,""detectors_checked"":17696}"
        97,         0,         0,   0.001,exact_mw,70a969f5042aec17ac076c6379f4170fb7c69b8e925756ef3b7334e28a33338b,"{""distance"":5,""physical_error_rate"":0.0001}","{""detection_events"":14,""detectors_checked"":21728}"
        37,         0,         0,   0.000,exact_mw,70a969f5042aec17ac076c6379f4170fb7c69b8e925756ef3b7334e28a33338b,"{""distance"":5,""physical_error_rate"":0.0001}","{""detection_events"":4,""detectors_checked"":8288}"
         3,         0,         0,   0.000,exact_mw,70a969f5042aec17ac076c6379f4170fb7c69b8e925756ef3b7334e28a33338b,"{""distance"":5,""physical_error_rate"":0.0001}","{""detectors_checked"":672}"
         8,         0,         0,   0.000,exact_mw,70a969f5042aec17ac076c6379f4170fb7c69b8e925756ef3b7334e28a33338b,"{""distance"":5,""physical_error_rate"":0.0001}","{""detectors_checked"":1792}"
        77,         0,         0,   0.000,exact_mw,70a969f5042aec17ac076c6379f4170fb7c69b8e925756ef3b7334e28a33338b,"{""distance"":5,""physical_error_rate"":0.0001}","{""detection_events"":17,""detectors_checked"":17248}"
         8,         0,         0,   0.000,exact_mw,70a969f5042aec17ac076c6379f4170fb7c69b8e925756ef3b7334e28a33338b,"{""distance"":5,""physical_error_rate"":0.0001}","{""detectors_checked"":1792}"
        90,         0,         0,   0.000,exact_mw,70a969f5042aec17ac076c6379f4170fb7c69b8e925756ef3b7334e28a33338b,"{""distance"":5,""physical_error_rate"":0.0001}","{""detection_events"":7,""detectors_checked"":20160}"
         1,         0,         0,   0.000,exact_mw,70a969f5042aec17ac076c6379f4170fb7c69b8e925756ef3b7334e28a33338b,"{""distance"":5,""physical_error_rate"":0.0001}","{""detectors_checked"":224}"
        78,         0,         0,   0.000,exact_mw,70a969f5042aec17ac076c6379f4170fb7c69b8e925756ef3b7334e28a33338b,"{""distance"":5,""physical_error_rate"":0.0001}","{""detection_events"":10,""detectors_checked"":17472}"
         2,         0,         0,   0.000,exact_mw,70a969f5042aec17ac076c6379f4170fb7c69b8e925756ef3b7334e28a33338b,"{""distance"":5,""physical_error_rate"":0.0001}","{""detectors_checked"":448}"
         1,         0,         0,   0.000,exact_mw,70a969f5042aec17ac076c6379f4170fb7c69b8e925756ef3b7334e28a33338b,"{""distance"":5,""physical_error_rate"":0.0001}","{""detectors_checked"":224}"
         7,         0,         0,   0.000,exact_mw,70a969f5042aec17ac076c6379f4170fb7c69b8e925756ef3b7334e28a33338b,"{""distance"":5,""physical_error_rate"":0.0001}","{""detectors_checked"":1568}"
        80,         0,         0,   0.000,exact_mw,70a969f5042aec17ac076c6379f4170fb7c69b8e925756ef3b7334e28a33338b,"{""distance"":5,""physical_error_rate"":0.0001}","{""detection_events"":5,""detectors_checked"":17920}"
        97,         0,         0,   0.001,exact_mw,70a969f5042aec17ac076c6379f4170fb7c69b8e925756ef3b7334e28a33338b,"{""distance"":5,""physical_error_rate"":0.0001}","{""detection_events"":12,""detectors_checked"":21728}"
        21,         0,         0,   0.000,exact_mw,70a969f5042aec17ac076c6379f4170fb7c69b8e925756ef3b7334e28a33338b,"{""distance"":5,""physical_error_rate"":0.0001}","{""detectors_checked"":4704}"
        18,         0,         0,   0.000,exact_mw,70a969f5042aec17ac076c6379f4170fb7c69b8e925756ef3b7334e28a33338b,"{""distance"":5,""physical_error_rate"":0.0001}","{""detectors_checked"":4032}"
       100,         0,         0,   0.000,exact_mw,70a969f5042aec17ac076c6379f4170fb7c69b8e925756ef3b7334e28a33338b,"{""distance"":5,""physical_error_rate"":0.0001}","{""detection_events"":8,""detectors_checked"":22400}"
         1,         0,         0,   0.000,exact_mw,70a969f5042aec17ac076c6379f4170fb7c69b8e925756ef3b7334e28a33338b,"{""distance"":5,""physical_error_rate"":0.0001}","{""detectors_checked"":224}"
         2,         0,         0,   0.000,exact_mw,70a969f5042aec17ac076c6379f4170fb7c69b8e925756ef3b7334e28a33338b,"{""distance"":5,""physical_error_rate"":0.0001}","{""detectors_checked"":448}"
         5,         0,         0,   0.000,exact_mw,70a969f5042aec17ac076c6379f4170fb7c69b8e925756ef3b7334e28a33338b,"{""distance"":5,""physical_error_rate"":0.0001}","{""detectors_checked"":1120}"
         6,         0,         0,   0.000,exact_mw,70a969f5042aec17ac076c6379f4170fb7c69b8e925756ef3b7334e28a33338b,"{""distance"":5,""physical_error_rate"":0.0001}","{""detectors_checked"":1344}"
         3,         0,         0,   0.000,exact_mw,70a969f5042aec17ac076c6379f4170fb7c69b8e925756ef3b7334e28a33338b,"{""distance"":5,""physical_error_rate"":0.0001}","{""detectors_checked"":672}"
        97,         0,         0,   0.000,exact_mw,70a969f5042aec17ac076c6379f4170fb7c69b8e925756ef3b7334e28a33338b,"{""distance"":5,""physical_error_rate"":0.0001}","{""detection_events"":17,""detectors_checked"":21728}"
         2,         0,         0,   0.000,exact_mw,70a969f5042aec17ac076c6379f4170fb7c69b8e925756ef3b7334e28a33338b,"{""distance"":5,""physical_error_rate"":0.0001}","{""detectors_checked"":448}"
        34,         0,         0,   0.000,exact_mw,70a969f5042aec17ac076c6379f4170fb7c69b8e925756ef3b7334e28a33338b,"{""distance"":5,""physical_error_rate"":0.0001}","{""detection_events"":10,""detectors_checked"":7616}"
         4,         0,         0,   0.000,exact_mw,70a969f5042aec17ac076c6379f4170fb7c69b8e925756ef3b7334e28a33338b,"{""distance"":5,""physical_error_rate"":0.0001}","{""detectors_checked"":896}"
       104,         0,         0,   0.000,exact_mw,70a969f5042aec17ac076c6379f4170fb7c69b8e925756ef3b7334e28a33338b,"{""distance"":5,""physical_error_rate"":0.0001}","{""detection_events"":6,""detectors_checked"":23296}"
       100,         0,         0,   0.000,exact_mw,70a969f5042aec17ac076c6379f4170fb7c69b8e925756ef3b7334e28a33338b,"{""distance"":5,""physical_error_rate"":0.0001}","{""detection_events"":8,""detectors_checked"":22400}"
        69,         0,         0,   0.001,exact_mw,70a969f5042aec17ac076c6379f4170fb7c69b8e925756ef3b7334e28a33338b,"{""distance"":5,""physical_error_rate"":0.0001}","{""detection_events"":9,""detectors_checked"":15456}"
       105,         0,         0,   0.000,exact_mw,70a969f5042aec17ac076c6379f4170fb7c69b8e925756ef3b7334e28a33338b,"{""distance"":5,""physical_error_rate"":0.0001}","{""detection_events"":7,""detectors_checked"":23520}"
        76,         0,         0,   0.000,exact_mw,70a969f5042aec17ac076c6379f4170fb7c69b8e925756ef3b7334e28a33338b,"{""distance"":5,""physical_error_rate"":0.0001}","{""detection_events"":11,""detectors_checked"":17024}"
        90,         0,         0,   0.000,exact_mw,70a969f5042aec17ac076c6379f4170fb7c69b8e925756ef3b7334e28a33338b,"{""distance"":5,""physical_error_rate"":0.0001}","{""detection_events"":17,""detectors_checked"":20160}"
       105,         0,         0,   0.000,exact_mw,70a969f5042aec17ac076c6379f4170fb7c69b8e925756ef3b7334e28a33338b,"{""distance"":5,""physical_error_rate"":0.0001}","{""detection_events"":3,""detectors_checked"":23520}"
       111,         0,         0,   0.001,exact_mw,70a969f5042aec17ac076c6379f4170fb7c69b8e925756ef3b7334e28a33338b,"{""distance"":5,""physical_error_rate"":0.0001}","{""detection_events"":5,""detectors_checked"":24864}"
         1,         0,         0,   0.000,exact_mw,70a969f5042aec17ac076c6379f4170fb7c69b8e925756ef3b7334e28a33338b,"{""distance"":5,""physical_error_rate"":0.0001}","{""detectors_checked"":224}"
         1,         0,         0,   0.000,exact_mw,70a969f5042aec17ac076c6379f4170fb7c69b8e925756ef3b7334e28a33338b,"{""distance"":5,""physical_error_rate"":0.0001}","{""detectors_checked"":224}"
        21,         0,         0,   0.000,exact_mw,70a969f5042aec17ac076c6379f4170fb7c69b8e925756ef3b7334e28a33338b,"{""distance"":5,""physical_error_rate"":0.0001}","{""detection_events"":2,""detectors_checked"":4704}"
        15,         0,         0,   0.000,exact_mw,70a969f5042aec17ac076c6379f4170fb7c69b8e925756ef3b7334e28a33338b,"{""distance"":5,""physical_error_rate"":0.0001}","{""detection_events"":2,""detectors_checked"":3360}"
        70,         0,         0,   0.000,exact_mw,70a969f5042aec17ac076c6379f4170fb7c69b8e925756ef3b7334e28a33338b,"{""distance"":5,""physical_error_rate"":0.0001}","{""detection_events"":2,""detectors_checked"":15680}"
         2,         0,         0,   0.000,exact_mw,70a969f5042aec17ac076c6379f4170fb7c69b8e925756ef3b7334e28a33338b,"{""distance"":5,""physical_error_rate"":0.0001}","{""detectors_checked"":448}"
         2,         0,         0,   0.000,exact_mw,70a969f5042aec17ac076c6379f4170fb7c69b8e925756ef3b7334e28a33338b,"{""distance"":5,""physical_error_rate"":0.0001}","{""detectors_checked"":448}"
      3072,         0,         0,   0.028,exact_mw,70a969f5042aec17ac076c6379f4170fb7c69b8e925756ef3b7334e28a33338b,"{""distance"":5,""physical_error_rate"":0.0001}","{""detection_events"":327,""detectors_checked"":688128}"
       100,         0,         0,   0.000,exact_mw,70a969f5042aec17ac076c6379f4170fb7c69b8e925756ef3b7334e28a33338b,"{""distance"":5,""physical_error_rate"":0.0001}","{""detection_events"":4,""detectors_checked"":22400}"
        23,         0,         0,   0.000,exact_mw,70a969f5042aec17ac076c6379f4170fb7c69b8e925756ef3b7334e28a33338b,"{""distance"":5,""physical_error_rate"":0.0001}","{""detection_events"":2,""detectors_checked"":5152}"
         3,         0,         0,   0.000,exact_mw,70a969f5042aec17ac076c6379f4170fb7c69b8e925756ef3b7334e28a33338b,"{""distance"":5,""physical_error_rate"":0.0001}","{""detectors_checked"":672}"
        39,         0,         0,   0.000,exact_mw,70a969f5042aec17ac076c6379f4170fb7c69b8e925756ef3b7334e28a33338b,"{""distance"":5,""physical_error_rate"":0.0001}","{""detection_events"":3,""detectors_checked"":8736}"
         1,         0,         0,   0.000,exact_mw,70a969f5042aec17ac076c6379f4170fb7c69b8e925756ef3b7334e28a33338b,"{""distance"":5,""physical_error_rate"":0.0001}","{""detectors_checked"":224}"
        95,         0,         0,   0.000,exact_mw,70a969f5042aec17ac076c6379f4170fb7c69b8e925756ef3b7334e28a33338b,"{""distance"":5,""physical_error_rate"":0.0001}","{""detection_events"":16,""detectors_checked"":21280}"
        72,         0,         0,   0.000,exact_mw,70a969f5042aec17ac076c6379f4170fb7c69b8e925756ef3b7334e28a33338b,"{""distance"":5,""physical_error_rate"":0.0001}","{""detection_events"":10,""detectors_checked"":16128}"
        78,         0,         0,   0.000,exact_mw,70a969f5042aec17ac076c6379f4170fb7c69b8e925756ef3b7334e28a33338b,"{""distance"":5,""physical_error_rate"":0.0001}","{""detection_events"":2,""detectors_checked"":17472}"
        75,         0,         0,   0.000,exact_mw,70a969f5042aec17ac076c6379f4170fb7c69b8e925756ef3b7334e28a33338b,"{""distance"":5,""physical_error_rate"":0.0001}","{""detection_events"":3,""detectors_checked"":16800}"
        20,         0,         0,   0.000,exact_mw,70a969f5042aec17ac076c6379f4170fb7c69b8e925756ef3b7334e28a33338b,"{""distance"":5,""physical_error_rate"":0.0001}","{""detection_events"":2,""detectors_checked"":4480}"
         2,         0,         0,   0.000,exact_mw,70a969f5042aec17ac076c6379f4170fb7c69b8e925756ef3b7334e28a33338b,"{""distance"":5,""physical_error_rate"":0.0001}","{""detectors_checked"":448}"
        14,         0,         0,   0.000,exact_mw,70a969f5042aec17ac076c6379f4170fb7c69b8e925756ef3b7334e28a33338b,"{""distance"":5,""physical_error_rate"":0.0001}","{""detection_events"":2,""detectors_checked"":3136}"
         2,         0,         0,   0.000,exact_mw,70a969f5042aec17ac076c6379f4170fb7c69b8e925756ef3b7334e28a33338b,"{""distance"":5,""physical_error_rate"":0.0001}","{""detectors_checked"":448}"
        45,         0,         0,   0.000,exact_mw,70a969f5042aec17ac076c6379f4170fb7c69b8e925756ef3b7334e28a33338b,"{""distance"":5,""physical_error_rate"":0.0001}","{""detection_events"":7,""detectors_checked"":10080}"
        18,         0,         0,   0.000,exact_mw,70a969f5042aec17ac076c6379f4170fb7c69b8e925756ef3b7334e28a33338b,"{""distance"":5,""physical_error_rate"":0.0001}","{""detectors_checked"":4032}"
        35,         0,         0,   0.000,exact_mw,70a969f5042aec17ac076c6379f4170fb7c69b8e925756ef3b7334e28a33338b,"{""distance"":5,""physical_error_rate"":0.0001}","{""detection_events"":2,""detectors_checked"":7840}"
        26,         0,         0,   0.000,exact_mw,70a969f5042aec17ac076c6379f4170fb7c69b8e925756ef3b7334e28a33338b,"{""distance"":5,""physical_error_rate"":0.0001}","{""detection_events"":1,""detectors_checked"":5824}"
        29,         0,         0,   0.000,exact_mw,70a969f5042aec17ac076c6379f4170fb7c69b8e925756ef3b7334e28a33338b,"{""distance"":5,""physical_error_rate"":0.0001}","{""detection_events"":4,""detectors_checked"":6496}"
         2,         0,         0,   0.000,exact_mw,70a969f5042aec17ac076c6379f4170fb7c69b8e925756ef3b7334e28a33338b,"{""distance"":5,""physical_error_rate"":0.0001}","{""detectors_checked"":448}"
         1,         0,         0,   0.000,exact_mw,70a969f5042aec17ac076c6379f4170fb7c69b8e925756ef3b7334e28a33338b,"{""distance"":5,""physical_error_rate"":0.0001}","{""detectors_checked"":224}"
        53,         0,         0,   0.000,exact_mw,70a969f5042aec17ac076c6379f4170fb7c69b8e925756ef3b7334e28a33338b,"{""distance"":5,""physical_error_rate"":0.0001}","{""detectors_checked"":11872}"
        34,         0,         0,   0.000,exact_mw,70a969f5042aec17ac076c6379f4170fb7c69b8e925756ef3b7334e28a33338b,"{""distance"":5,""physical_error_rate"":0.0001}","{""detectors_checked"":7616}"
       111,         0,         0,   0.000,exact_mw,70a969f5042aec17ac076c6379f4170fb7c69b8e925756ef3b7334e28a33338b,"{""distance"":5,""physical_error_rate"":0.0001}","{""detection_events"":7,""detectors_checked"":24864}"
        16,         0,         0,   0.001,exact_mw,70a969f5042aec17ac076c6379f4170fb7c69b8e925756ef3b7334e28a33338b,"{""distance"":5,""physical_error_rate"":0.0001}","{""detection_events"":1,""detectors_checked"":3584}"
        39,         0,         0,   0.000,exact_mw,70a969f5042aec17ac076c6379f4170fb7c69b8e925756ef3b7334e28a33338b,"{""distance"":5,""physical_error_rate"":0.0001}","{""detection_events"":3,""detectors_checked"":8736}"
         3,         0,         0,   0.000,exact_mw,70a969f5042aec17ac076c6379f4170fb7c69b8e925756ef3b7334e28a33338b,"{""distance"":5,""physical_error_rate"":0.0001}","{""detectors_checked"":672}"
         5,         0,         0,   0.000,exact_mw,70a969f5042aec17ac076c6379f4170fb7c69b8e925756ef3b7334e28a33338b,"{""distance"":5,""physical_error_rate"":0.0001}","{""detection_events"":2,""detectors_checked"":1120}"
        78,         0,         0,   0.000,exact_mw,70a969f5042aec17ac076c6379f4170fb7c69b8e925756ef3b7334e28a33338b,"{""distance"":5,""physical_error_rate"":0.0001}","{""detection_events"":10,""detectors_checked"":17472}"
      5120,         0,         0,   0.055,exact_mw,cb12ae119b9b2ba18d0216e7235b403229e92fd0743ede48fe7f1a2c6f45d594,"{""distance"":5,""physical_error_rate"":0.0005}","{""detection_events"":2566,""detectors_checked"":1146880}"
       106,         0,         0,   0.001,exact_mw,70a969f5042aec17ac076c6379f4170fb7c69b8e925756ef3b7334e28a33338b,"{""distance"":5,""physical_error_rate"":0.0001}","{""detection_events"":6,""detectors_checked"":23744}"
        14,         0,         0,   0.000,exact_mw,70a969f5042aec17ac076c6379f4170fb7c69b8e925756ef3b7334e28a33338b,"{""distance"":5,""physical_error_rate"":0.0001}","{""detectors_checked"":3136}"
       116,         0,         0,   0.001,exact_mw,70a969f5042aec17ac076c6379f4170fb7c69b8e925756ef3b7334e28a33338b,"{""distance"":5,""physical_error_rate"":0.0001}","{""detection_events"":12,""detectors_checked"":25984}"
        81,         0,         0,   0.000,exact_mw,70a969f5042aec17ac076c6379f4170fb7c69b8e925756ef3b7334e28a33338b,"{""distance"":5,""physical_error_rate"":0.0001}","{""detection_events"":11,""detectors_checked"":18144}"
        51,         0,         0,   0.000,exact_mw,70a969f5042aec17ac076c6379f4170fb7c69b8e925756ef3b7334e28a33338b,"{""distance"":5,""physical_error_rate"":0.0001}","{""detection_events"":4,""detectors_checked"":11424}"
        51,         0,         0,   0.000,exact_mw,70a969f5042aec17ac076c6379f4170fb7c69b8e925756ef3b7334e28a33338b,"{""distance"":5,""physical_error_rate"":0.0001}","{""detection_events"":8,""detectors_checked"":11424}"
         3,         0,         0,   0.001,exact_mw,70a969f5042aec17ac076c6379f4170fb7c69b8e925756ef3b7334e28a33338b,"{""distance"":5,""physical_error_rate"":0.0001}","{""detectors_checked"":672}"
        69,         0,         0,   0.000,exact_mw,70a969f5042aec17ac076c6379f4170fb7c69b8e925756ef3b7334e28a33338b,"{""distance"":5,""physical_error_rate"":0.0001}","{""detection_events"":6,""detectors_checked"":15456}"
        67,         0,         0,   0.000,exact_mw,70a969f5042aec17ac076c6379f4170fb7c69b8e925756ef3b7334e28a33338b,"{""distance"":5,""physical_error_rate"":0.0001}","{""detection_events"":10,""detectors_checked"":15008}"
         2,         0,         0,   0.000,exact_mw,70a969f5042aec17ac076c6379f4170fb7c69b8e925756ef3b7334e28a33338b,"{""distance"":5,""physical_error_rate"":0.0001}","{""detectors_checked"":448}"
        45,         0,         0,   0.000,exact_mw,70a969f5042aec17ac076c6379f4170fb7c69b8e925756ef3b7334e28a33338b,"{""distance"":5,""physical_error_rate"":0.0001}","{""detection_events"":2,""detectors_checked"":10080}"
         4,         0,         0,   0.000,exact_mw,70a969f5042aec17ac076c6379f4170fb7c69b8e925756ef3b7334e28a33338b,"{""distance"":5,""physical_error_rate"":0.0001}","{""detectors_checked"":896}"
        70,         0,         0,   0.000,exact_mw,70a969f5042aec17ac076c6379f4170fb7c69b8e925756ef3b7334e28a33338b,"{""distance"":5,""physical_error_rate"":0.0001}","{""detection_events"":6,""detectors_checked"":15680}"
         3,         0,         0,   0.000,exact_mw,70a969f5042aec17ac076c6379f4170fb7c69b8e925756ef3b7334e28a33338b,"{""distance"":5,""physical_error_rate"":0.0001}","{""detectors_checked"":672}"
         5,         0,         0,   0.000,exact_mw,70a969f5042aec17ac076c6379f4170fb7c69b8e925756ef3b7334e28a33338b,"{""distance"":5,""physical_error_rate"":0.0001}","{""detectors_checked"":1120}"
         8,         0,         0,   0.000,exact_mw,70a969f5042aec17ac076c6379f4170fb7c69b8e925756ef3b7334e28a33338b,"{""distance"":5,""physical_error_rate"":0.0001}","{""detectors_checked"":1792}"
         1,         0,         0,   0.000,exact_mw,70a969f5042aec17ac076c6379f4170fb7c69b8e925756ef3b7334e28a33338b,"{""distance"":5,""physical_error_rate"":0.0001}","{""detectors_checked"":224}"
        78,         0,         0,   0.000,exact_mw,70a969f5042aec17ac076c6379f4170fb7c69b8e925756ef3b7334e28a33338b,"{""distance"":5,""physical_error_rate"":0.0001}","{""detection_events"":7,""detectors_checked"":17472}"
        87,         0,         0,   0.000,exact_mw,70a969f5042aec17ac076c6379f4170fb7c69b8e925756ef3b7334e28a33338b,"{""distance"":5,""physical_error_rate"":0.0001}","{""detection_events"":7,""detectors_checked"":19488}"
         3,         0,         0,   0.000,exact_mw,70a969f5042aec17ac076c6379f4170fb7c69b8e925756ef3b7334e28a33338b,"{""distance"":5,""physical_error_rate"":0.0001}","{""detectors_checked"":672}"
        37,         0,         0,   0.000,exact_mw,70a969f5042aec17ac076c6379f4170fb7c69b8e925756ef3b7334e28a33338b,"{""distance"":5,""physical_error_rate"":0.0001}","{""detectors_checked"":8288}"
         5,         0,         0,   0.000,exact_mw,70a969f5042aec17ac076c6379f4170fb7c69b8e925756ef3b7334e28a33338b,"{""distance"":5,""physical_error_rate"":0.0001}","{""detection_events"":1,""detectors_checked"":1120}"
        35,         0,         0,   0.000,exact_mw,70a969f5042aec17ac076c6379f4170fb7c69b8e925756ef3b7334e28a33338b,"{""distance"":5,""physical_error_rate"":0.0001}","{""detection_events"":2,""detectors_checked"":7840}"
         1,         0,         0,   0.000,exact_mw,70a969f5042aec17ac076c6379f4170fb7c69b8e925756ef3b7334e28a33338b,"{""distance"":5,""physical_error_rate"":0.0001}","{""detectors_checked"":224}"
        80,         0,         0,   0.000,exact_mw,70a969f5042aec17ac076c6379f4170fb7c69b8e925756ef3b7334e28a33338b,"{""distance"":5,""physical_error_rate"":0.0001}","{""detection_events"":2,""detectors_checked"":17920}"
         6,         0,         0,   0.000,exact_mw,70a969f5042aec17ac076c6379f4170fb7c69b8e925756ef3b7334e28a33338b,"{""distance"":5,""physical_error_rate"":0.0001}","{""detectors_checked"":1344}"
        81,         0,         0,   0.000,exact_mw,70a969f5042aec17ac076c6379f4170fb7c69b8e925756ef3b7334e28a33338b,"{""distance"":5,""physical_error_rate"":0.0001}","{""detection_events"":8,""detectors_checked"":18144}"
     17811,         0,         0,   0.102,exact_mw,70a969f5042aec17ac076c6379f4170fb7c69b8e925756ef3b7334e28a33338b,"{""distance"":5,""physical_error_rate"":0.0001}","{""detection_events"":1593,""detectors_checked"":3989664}"
     17817,         0,         0,   0.111,exact_mw,70a969f5042aec17ac076c6379f4170fb7c69b8e925756ef3b7334e28a33338b,"{""distance"":5,""physical_error_rate"":0.0001}","{""detection_events"":1721,""detectors_checked"":3991008}"
        64,         0,         0,   0.000,exact_mw,70a969f5042aec17ac076c6379f4170fb7c69b8e925756ef3b7334e28a33338b,"{""distance"":5,""physical_error_rate"":0.0001}","{""detection_events"":9,""detectors_checked"":14336}"
      4096,         0,         0,   0.076,exact_mw,cb12ae119b9b2ba18d0216e7235b403229e92fd0743ede48fe7f1a2c6f45d594,"{""distance"":5,""physical_error_rate"":0.0005}","{""detection_events"":2121,""detectors_checked"":917504}"
        80,         0,         0,   0.000,exact_mw,70a969f5042aec17ac076c6379f4170fb7c69b8e925756ef3b7334e28a33338b,"{""distance"":5,""physical_error_rate"":0.0001}","{""detection_events"":8,""detectors_checked"":17920}"
        35,         0,         0,   0.000,exact_mw,70a969f5042aec17ac076c6379f4170fb7c69b8e925756ef3b7334e28a33338b,"{""distance"":5,""physical_error_rate"":0.0001}","{""detection_events"":6,""detectors_checked"":7840}"
         2,         0,         0,   0.000,exact_mw,70a969f5042aec17ac076c6379f4170fb7c69b8e925756ef3b7334e28a33338b,"{""distance"":5,""physical_error_rate"":0.0001}","{""detection_events"":3,""detectors_checked"":448}"
         8,         0,         0,   0.000,exact_mw,70a969f5042aec17ac076c6379f4170fb7c69b8e925756ef3b7334e28a33338b,"{""distance"":5,""physical_error_rate"":0.0001}","{""detectors_checked"":1792}"
         4,         0,         0,   0.000,exact_mw,70a969f5042aec17ac076c6379f4170fb7c69b8e925756ef3b7334e28a33338b,"{""distance"":5,""physical_error_rate"":0.0001}","{""detectors_checked"":896}"
        72,         0,         0,   0.001,exact_mw,70a969f5042aec17ac076c6379f4170fb7c69b8e925756ef3b7334e28a33338b,"{""distance"":5,""physical_error_rate"":0.0001}","{""detection_events"":7,""detectors_checked"":16128}"
        83,         0,         0,   0.001,exact_mw,70a969f5042aec17ac076c6379f4170fb7c69b8e925756ef3b7334e28a33338b,"{""distance"":5,""physical_error_rate"":0.0001}","{""detection_events"":11,""detectors_checked"":18592}"
         4,         0,         0,   0.000,exact_mw,70a969f5042aec17ac076c6379f4170fb7c69b8e925756ef3b7334e28a33338b,"{""distance"":5,""physical_error_rate"":0.0001}","{""detectors_checked"":896}"
      3072,         0,         0,   0.048,exact_mw,70a969f5042aec17ac076c6379f4170fb7c69b8e925756ef3b7334e28a33338b,"{""distance"":5,""physical_error_rate"":0.0001}","{""detection_events"":287,""detectors_checked"":688128}"
        72,         0,         0,   0.001,exact_mw,70a969f5042aec17ac076c6379f4170fb7c69b8e925756ef3b7334e28a33338b,"{""distance"":5,""physical_error_rate"":0.0001}","{""detection_events"":8,""detectors_checked"":16128}"
        19,         0,         0,   0.000,exact_mw,70a969f5042aec17ac076c6379f4170fb7c69b8e925756ef3b7334e28a33338b,"{""distance"":5,""physical_error_rate"":0.0001}","{""detection_events"":1,""detectors_checked"":4256}"
        64,         0,         0,   0.000,exact_mw,70a969f5042aec17ac076c6379f4170fb7c69b8e925756ef3b7334e28a33338b,"{""distance"":5,""physical_error_rate"":0.0001}","{""detection_events"":10,""detectors_checked"":14336}"
        94,         0,         0,   0.000,exact_mw,70a969f5042aec17ac076c6379f4170fb7c69b8e925756ef3b7334e28a33338b,"{""distance"":5,""physical_error_rate"":0.0001}","{""detection_events"":12,""detectors_checked"":21056}"
         5,         0,         0,   0.000,exact_mw,70a969f5042aec17ac076c6379f4170fb7c69b8e925756ef3b7334e28a33338b,"{""distance"":5,""physical_error_rate"":0.0001}","{""detectors_checked"":1120}"
        51,         0,         0,   0.000,exact_mw,70a969f5042aec17ac076c6379f4170fb7c69b8e925756ef3b7334e28a33338b,"{""distance"":5,""physical_error_rate"":0.0001}","{""detection_events"":13,""detectors_checked"":11424}"
        76,         0,         0,   0.000,exact_mw,70a969f5042aec17ac076c6379f4170fb7c69b8e925756ef3b7334e28a33338b,"{""distance"":5,""physical_error_rate"":0.0001}","{""detection_events"":10,""detectors_checked"":17024}"
        78,         0,         0,   0.000,exact_mw,70a969f5042aec17ac076c6379f4170fb7c69b8e925756ef3b7334e28a33338b,"{""distance"":5,""physical_error_rate"":0.0001}","{""detection_events"":10,""detectors_checked"":17472}"
        48,         0,         0,   0.000,exact_mw,70a969f5042aec17ac076c6379f4170fb7c69b8e925756ef3b7334e28a33338b,"{""distance"":5,""physical_error_rate"":0.0001}","{""detection_events"":1,""detectors_checked"":10752}"
         2,         0,         0,   0.000,exact_mw,70a969f5042aec17ac076c6379f4170fb7c69b8e925756ef3b7334e28a33338b,"{""distance"":5,""physical_error_rate"":0.0001}","{""detectors_checked"":448}"
     17795,         0,         0,   0.135,exact_mw,70a969f5042aec17ac076c6379f4170fb7c69b8e925756ef3b7334e28a33338b,"{""distance"":5,""physical_error_rate"":0.0001}","{""detection_events"":1786,""detectors_checked"":3986080}"
        89,         0,         0,   0.000,exact_mw,70a969f5042aec17ac076c6379f4170fb7c69b8e925756ef3b7334e28a33338b,"{""distance"":5,""physical_error_rate"":0.0001}","{""detection_events"":10,""detectors_checked"":19936}"
         2,         0,         0,   0.000,exact_mw,70a969f5042aec17ac076c6379f4170fb7c69b8e925756ef3b7334e28a33338b,"{""distance"":5,""physical_error_rate"":0.0001}","{""detectors_checked"":448}"
         6,         0,         0,   0.001,exact_mw,70a969f5042aec17ac076c6379f4170fb7c69b8e925756ef3b7334e28a33338b,"{""distance"":5,""physical_error_rate"":0.0001}","{""detectors_checked"":1344}"
        13,         0,         0,   0.000,exact_mw,70a969f5042aec17ac076c6379f4170fb7c69b8e925756ef3b7334e28a33338b,"{""distance"":5,""physical_error_rate"":0.0001}","{""detectors_checked"":2912}"
        17,         0,         0,   0.000,exact_mw,70a969f5042aec17ac076c6379f4170fb7c69b8e925756ef3b7334e28a33338b,"{""distance"":5,""physical_error_rate"":0.0001}","{""detectors_checked"":3808}"
         6,         0,         0,   0.001,exact_mw,70a969f5042aec17ac076c6379f4170fb7c69b8e925756ef3b7334e28a33338b,"{""distance"":5,""physical_error_rate"":0.0001}","{""detection_events"":2,""detectors_checked"":1344}"
        79,         0,         0,   0.000,exact_mw,70a969f5042aec17ac076c6379f4170fb7c69b8e925756ef3b7334e28a33338b,"{""distance"":5,""physical_error_rate"":0.0001}","{""detection_events"":10,""detectors_checked"":17696}"
        90,         0,         0,   0.000,exact_mw,70a969f5042aec17ac076c6379f4170fb7c69b8e925756ef3b7334e28a33338b,"{""distance"":5,""physical_error_rate"":0.0001}","{""detection_events"":6,""detectors_checked"":20160}"
        92,         0,         0,   0.000,exact_mw,70a969f5042aec17ac076c6379f4170fb7c69b8e925756ef3b7334e28a33338b,"{""distance"":5,""physical_error_rate"":0.0001}","{""detection_events"":10,""detectors_checked"":20608}"
       569,         0,         0,   0.002,exact_mw,70a969f5042aec17ac076c6379f4170fb7c69b8e925756ef3b7334e28a33338b,"{""distance"":5,""physical_error_rate"":0.0001}","{""detection_events"":62,""detectors_checked"":127456}"
        10,         0,         0,   0.000,exact_mw,70a969f5042aec17ac076c6379f4170fb7c69b8e925756ef3b7334e28a33338b,"{""distance"":5,""physical_error_rate"":0.0001}","{""detectors_checked"":2240}"
       304,         0,         0,   0.001,exact_mw,70a969f5042aec17ac076c6379f4170fb7c69b8e925756ef3b7334e28a33338b,"{""distance"":5,""physical_error_rate"":0.0001}","{""detection_events"":33,""detectors_checked"":68096}"
         4,         0,         0,   0.001,exact_mw,70a969f5042aec17ac076c6379f4170fb7c69b8e925756ef3b7334e28a33338b,"{""distance"":5,""physical_error_rate"":0.0001}","{""detectors_checked"":896}"
         2,         0,         0,   0.000,exact_mw,70a969f5042aec17ac076c6379f4170fb7c69b8e925756ef3b7334e28a33338b,"{""distance"":5,""physical_error_rate"":0.0001}","{""detectors_checked"":448}"
         4,         0,         0,   0.000,exact_mw,70a969f5042aec17ac076c6379f4170fb7c69b8e925756ef3b7334e28a33338b,"{""distance"":5,""physical_error_rate"":0.0001}","{""detectors_checked"":896}"
        19,         0,         0,   0.001,exact_mw,70a969f5042aec17ac076c6379f4170fb7c69b8e925756ef3b7334e28a33338b,"{""distance"":5,""physical_error_rate"":0.0001}","{""detection_events"":1,""detectors_checked"":4256}"
        23,         0,         0,   0.001,exact_mw,70a969f5042aec17ac076c6379f4170fb7c69b8e925756ef3b7334e28a33338b,"{""distance"":5,""physical_error_rate"":0.0001}","{""detectors_checked"":5152}"
       613,         0,         0,   0.002,exact_mw,70a969f5042aec17ac076c6379f4170fb7c69b8e925756ef3b7334e28a33338b,"{""distance"":5,""physical_error_rate"":0.0001}","{""detection_events"":57,""detectors_checked"":137312}"
       620,         0,         0,   0.002,exact_mw,70a969f5042aec17ac076c6379f4170fb7c69b8e925756ef3b7334e28a33338b,"{""distance"":5,""physical_error_rate"":0.0001}","{""detection_events"":87,""detectors_checked"":138880}"
       312,         0,         0,   0.001,exact_mw,70a969f5042aec17ac076c6379f4170fb7c69b8e925756ef3b7334e28a33338b,"{""distance"":5,""physical_error_rate"":0.0001}","{""detection_events"":26,""detectors_checked"":69888}"
        20,         0,         0,   0.000,exact_mw,70a969f5042aec17ac076c6379f4170fb7c69b8e925756ef3b7334e28a33338b,"{""distance"":5,""physical_error_rate"":0.0001}","{""detectors_checked"":4480}"
        15,         0,         0,   0.000,exact_mw,70a969f5042aec17ac076c6379f4170fb7c69b8e925756ef3b7334e28a33338b,"{""distance"":5,""physical_error_rate"":0.0001}","{""detectors_checked"":3360}"
        87,         0,         0,   0.000,exact_mw,70a969f5042aec17ac076c6379f4170fb7c69b8e925756ef3b7334e28a33338b,"{""distance"":5,""physical_error_rate"":0.0001}","{""detection_events"":2,""detectors_checked"":19488}"
       363,         0,         0,   0.001,exact_mw,70a969f5042aec17ac076c6379f4170fb7c69b8e925756ef3b7334e28a33338b,"{""distance"":5,""physical_error_rate"":0.0001}","{""detection_events"":38,""detectors_checked"":81312}"
        82,         0,         0,   0.000,exact_mw,70a969f5042aec17ac076c6379f4170fb7c69b8e925756ef3b7334e28a33338b,"{""distance"":5,""physical_error_rate"":0.0001}","{""detection_events"":8,""detectors_checked"":18368}"
       618,         0,         0,   0.002,exact_mw,70a969f5042aec17ac076c6379f4170fb7c69b8e925756ef3b7334e28a33338b,"{""distance"":5,""physical_error_rate"":0.0001}","{""detection_events"":74,""detectors_checked"":138432}"
        23,         0,         0,   0.001,exact_mw,70a969f5042aec17ac076c6379f4170fb7c69b8e925756ef3b7334e28a33338b,"{""distance"":5,""physical_error_rate"":0.0001}","{""detection_events"":4,""detectors_checked"":5152}"
       304,         0,         0,   0.001,exact_mw,70a969f5042aec17ac076c6379f4170fb7c69b8e925756ef3b7334e28a33338b,"{""distance"":5,""physical_error_rate"":0.0001}","{""detection_events"":49,""detectors_checked"":68096}"
       310,         0,         0,   0.001,exact_mw,70a969f5042aec17ac076c6379f4170fb7c69b8e925756ef3b7334e28a33338b,"{""distance"":5,""physical_error_rate"":0.0001}","{""detection_events"":19,""detectors_checked"":69440}"
       304,         0,         0,   0.001,exact_mw,70a969f5042aec17ac076c6379f4170fb7c69b8e925756ef3b7334e28a33338b,"{""distance"":5,""physical_error_rate"":0.0001}","{""detection_events"":33,""detectors_checked"":68096}"
       638,         0,         0,   0.002,exact_mw,70a969f5042aec17ac076c6379f4170fb7c69b8e925756ef3b7334e28a33338b,"{""distance"":5,""physical_error_rate"":0.0001}","{""detection_events"":72,""detectors_checked"":142912}"
        23,         0,         0,   0.000,exact_mw,70a969f5042aec17ac076c6379f4170fb7c69b8e925756ef3b7334e28a33338b,"{""distance"":5,""physical_error_rate"":0.0001}","{""detection_events"":5,""detectors_checked"":5152}"
       298,         0,         0,   0.001,exact_mw,70a969f5042aec17ac076c6379f4170fb7c69b8e925756ef3b7334e28a33338b,"{""distance"":5,""physical_error_rate"":0.0001}","{""detection_events"":26,""detectors_checked"":66752}"
       300,         0,         0,   0.001,exact_mw,70a969f5042aec17ac076c6379f4170fb7c69b8e925756ef3b7334e28a33338b,"{""distance"":5,""physical_error_rate"":0.0001}","{""detection_events"":17,""detectors_checked"":67200}"
       301,         0,         0,   0.001,exact_mw,70a969f5042aec17ac076c6379f4170fb7c69b8e925756ef3b7334e28a33338b,"{""distance"":5,""physical_error_rate"":0.0001}","{""detection_events"":50,""detectors_checked"":67424}"
     16893,         0,         0,   0.146,exact_mw,70a969f5042aec17ac076c6379f4170fb7c69b8e925756ef3b7334e28a33338b,"{""distance"":5,""physical_error_rate"":0.0001}","{""detection_events"":1589,""detectors_checked"":3784032}"
       566,         0,         0,   0.002,exact_mw,70a969f5042aec17ac076c6379f4170fb7c69b8e925756ef3b7334e28a33338b,"{""distance"":5,""physical_error_rate"":0.0001}","{""detection_events"":67,""detectors_checked"":126784}"
       638,         0,         0,   0.002,exact_mw,70a969f5042aec17ac076c6379f4170fb7c69b8e925756ef3b7334e28a33338b,"{""distance"":5,""physical_error_rate"":0.0001}","{""detection_events"":42,""detectors_checked"":142912}"
     17408,         0,         0,   0.135,exact_mw,70a969f5042aec17ac076c6379f4170fb7c69b8e925756ef3b7334e28a33338b,"{""distance"":5,""physical_error_rate"":0.0001}","{""detection_events"":1719,""detectors_checked"":3899392}"
       580,         0,         0,   0.002,exact_mw,70a969f5042aec17ac076c6379f4170fb7c69b8e925756ef3b7334e28a33338b,"{""distance"":5,""physical_error_rate"":0.0001}","{""detection_events"":43,""detectors_checked"":129920}"
       622,         0,         0,   0.002,exact_mw,70a969f5042aec17ac076c6379f4170fb7c69b8e925756ef3b7334e28a33338b,"{""distance"":5,""physical_error_rate"":0.0001}","{""detection_events"":48,""detectors_checked"":139328}"
       624,         0,         0,   0.002,exact_mw,70a969f5042aec17ac076c6379f4170fb7c69b8e925756ef3b7334e28a33338b,"{""distance"":5,""physical_error_rate"":0.0001}","{""detection_events"":57,""detectors_checked"":139776}"
       304,         0,         0,   0.001,exact_mw,70a969f5042aec17ac076c6379f4170fb7c69b8e925756ef3b7334e28a33338b,"{""distance"":5,""physical_error_rate"":0.0001}","{""detection_events"":27,""detectors_checked"":68096}"
        14,         0,         0,   0.000,exact_mw,70a969f5042aec17ac076c6379f4170fb7c69b8e925756ef3b7334e28a33338b,"{""distance"":5,""physical_error_rate"":0.0001}","{""detectors_checked"":3136}"
        90,         0,         0,   0.000,exact_mw,70a969f5042aec17ac076c6379f4170fb7c69b8e925756ef3b7334e28a33338b,"{""distance"":5,""physical_error_rate"":0.0001}","{""detection_events"":15,""detectors_checked"":20160}"
       575,         0,         0,   0.002,exact_mw,70a969f5042aec17ac076c6379f4170fb7c69b8e925756ef3b7334e28a33338b,"{""distance"":5,""physical_error_rate"":0.0001}","{""detection_events"":43,""detectors_checked"":128800}"
       360,         0,         0,   0.001,exact_mw,70a969f5042aec17ac076c6379f4170fb7c69b8e925756ef3b7334e28a33338b,"{""distance"":5,""physical_error_rate"":0.0001}","{""detection_events"":41,""detectors_checked"":80640}"
       360,         0,         0,   0.001,exact_mw,70a969f5042aec17ac076c6379f4170fb7c69b8e925756ef3b7334e28a33338b,"{""distance"":5,""physical_error_rate"":0.0001}","{""detection_events"":39,""detectors_checked"":80640}"
       359,         0,         0,   0.001,exact_mw,70a969f5042aec17ac076c6379f4170fb7c69b8e925756ef3b7334e28a33338b,"{""distance"":5,""physical_error_rate"":0.0001}","{""detection_events"":34,""detectors_checked"":80416}"
       579,         0,         0,   0.002,exact_mw,70a969f5042aec17ac076c6379f4170fb7c69b8e925756ef3b7334e28a33338b,"{""distance"":5,""physical_error_rate"":0.0001}","{""detection_events"":76,""detectors_checked"":129696}"
       566,         0,         0,   0.002,exact_mw,70a969f5042aec17ac076c6379f4170fb7c69b8e925756ef3b7334e28a33338b,"{""distance"":5,""physical_error_rate"":0.0001}","{""detection_events"":58,""detectors_checked"":126784}"
       648,         0,         0,   0.002,exact_mw,70a969f5042aec17ac076c6379f4170fb7c69b8e925756ef3b7334e28a33338b,"{""distance"":5,""physical_error_rate"":0.0001}","{""detection_events"":50,""detectors_checked"":145152}"
       620,         0,         0,   0.002,exact_mw,70a969f5042aec17ac076c6379f4170fb7c69b8e925756ef3b7334e28a33338b,"{""distance"":5,""physical_error_rate"":0.0001}","{""detection_events"":51,""detectors_checked"":138880}"
       403,         0,         0,   0.001,exact_mw,70a969f5042aec17ac076c6379f4170fb7c69b8e925756ef3b7334e28a33338b,"{""distance"":5,""physical_error_rate"":0.0001}","{""detection_events"":57,""detectors_checked"":90272}"
     17234,         0,         0,   0.131,exact_mw,70a969f5042aec17ac076c6379f4170fb7c69b8e925756ef3b7334e28a33338b,"{""distance"":5,""physical_error_rate"":0.0001}","{""detection_events"":1726,""detectors_checked"":3860416}"
       403,         0,         0,   0.001,exact_mw,70a969f5042aec17ac076c6379f4170fb7c69b8e925756ef3b7334e28a33338b,"{""distance"":5,""physical_error_rate"":0.0001}","{""detection_events"":40,""detectors_checked"":90272}"
       576,         0,         0,   0.002,exact_mw,70a969f5042aec17ac076c6379f4170fb7c69b8e925756ef3b7334e28a33338b,"{""distance"":5,""physical_error_rate"":0.0001}","{""detection_events"":51,""detectors_checked"":129024}"
       105,         0,         0,   0.000,exact_mw,70a969f5042aec17ac076c6379f4170fb7c69b8e925756ef3b7334e28a33338b,"{""distance"":5,""physical_error_rate"":0.0001}","{""detection_events"":10,""detectors_checked"":23520}"
       564,         0,         0,   0.002,exact_mw,70a969f5042aec17ac076c6379f4170fb7c69b8e925756ef3b7334e28a33338b,"{""distance"":5,""physical_error_rate"":0.0001}","{""detection_events"":45,""detectors_checked"":126336}"
       383,         0,         0,   0.002,exact_mw,70a969f5042aec17ac076c6379f4170fb7c69b8e925756ef3b7334e28a33338b,"{""distance"":5,""physical_error_rate"":0.0001}","{""detection_events"":39,""detectors_checked"":85792}"
     16384,         0,         0,   0.170,exact_mw,70a969f5042aec17ac076c6379f4170fb7c69b8e925756ef3b7334e28a33338b,"{""distance"":5,""physical_error_rate"":0.0001}","{""detection_events"":1685,""detectors_checked"":3670016}"
         4,         0,         0,   0.000,exact_mw,70a969f5042aec17ac076c6379f4170fb7c69b8e925756ef3b7334e28a33338b,"{""distance"":5,""physical_error_rate"":0.0001}","{""detectors_checked"":896}"
       902,         0,         0,   0.003,exact_mw,70a969f5042aec17ac076c6379f4170fb7c69b8e925756ef3b7334e28a33338b,"{""distance"":5,""physical_error_rate"":0.0001}","{""detection_events"":58,""detectors_checked"":202048}"
        10,         0,         0,   0.001,exact_mw,70a969f5042aec17ac076c6379f4170fb7c69b8e925756ef3b7334e28a33338b,"{""distance"":5,""physical_error_rate"":0.0001}","{""detectors_checked"":2240}"
       745,         0,         0,   0.002,exact_mw,70a969f5042aec17ac076c6379f4170fb7c69b8e925756ef3b7334e28a33338b,"{""distance"":5,""physical_error_rate"":0.0001}","{""detection_events"":75,""detectors_checked"":166880}"
        10,         0,         0,   0.000,exact_mw,70a969f5042aec17ac076c6379f4170fb7c69b8e925756ef3b7334e28a33338b,"{""distance"":5,""physical_error_rate"":0.0001}","{""detectors_checked"":2240}"
        51,         0,         0,   0.000,exact_mw,70a969f5042aec17ac076c6379f4170fb7c69b8e925756ef3b7334e28a33338b,"{""distance"":5,""physical_error_rate"":0.0001}","{""detection_events"":2,""detectors_checked"":11424}"
        16,         0,         0,   0.000,exact_mw,70a969f5042aec17ac076c6379f4170fb7c69b8e925756ef3b7334e28a33338b,"{""distance"":5,""physical_error_rate"":0.0001}","{""detectors_checked"":3584}"
       442,         0,         0,   0.001,exact_mw,70a969f5042aec17ac076c6379f4170fb7c69b8e925756ef3b7334e28a33338b,"{""distance"":5,""physical_error_rate"":0.0001}","{""detection_events"":69,""detectors_checked"":99008}"
       898,         0,         0,   0.003,exact_mw,70a969f5042aec17ac076c6379f4170fb7c69b8e925756ef3b7334e28a33338b,"{""distance"":5,""physical_error_rate"":0.0001}","{""detection_events"":64,""detectors_checked"":201152}"
      1018,         0,         0,   0.003,exact_mw,70a969f5042aec17ac076c6379f4170fb7c69b8e925756ef3b7334e28a33338b,"{""distance"":5,""physical_error_rate"":0.0001}","{""detection_events"":102,""detectors_checked"":228032}"
      1003,         0,         0,   0.003,exact_mw,70a969f5042aec17ac076c6379f4170fb7c69b8e925756ef3b7334e28a33338b,"{""distance"":5,""physical_error_rate"":0.0001}","{""detection_events"":113,""detectors_checked"":224672}"
       949,         0,         0,   0.003,exact_mw,70a969f5042aec17ac076c6379f4170fb7c69b8e925756ef3b7334e28a33338b,"{""distance"":5,""physical_error_rate"":0.0001}","{""detection_events"":125,""detectors_checked"":212576}"
      1021,         0,         0,   0.003,exact_mw,70a969f5042aec17ac076c6379f4170fb7c69b8e925756ef3b7334e28a33338b,"{""distance"":5,""physical_error_rate"":0.0001}","{""detection_events"":103,""detectors_checked"":228704}"
        10,         0,         0,   0.000,exact_mw,70a969f5042aec17ac076c6379f4170fb7c69b8e925756ef3b7334e28a33338b,"{""distance"":5,""physical_error_rate"":0.0001}","{""detectors_checked"":2240}"
     11789,         0,         0,   0.169,exact_mw,70a969f5042aec17ac076c6379f4170fb7c69b8e925756ef3b7334e28a33338b,"{""distance"":5,""physical_error_rate"":0.0001}","{""detection_events"":1084,""detectors_checked"":2640736}"
        33,         0,         0,   0.000,exact_mw,70a969f5042aec17ac076c6379f4170fb7c69b8e925756ef3b7334e28a33338b,"{""distance"":5,""physical_error_rate"":0.0001}","{""detection_events"":2,""detectors_checked"":7392}"
        43,         0,         0,   0.000,exact_mw,70a969f5042aec17ac076c6379f4170fb7c69b8e925756ef3b7334e28a33338b,"{""distance"":5,""physical_error_rate"":0.0001}","{""detection_events"":4,""detectors_checked"":9632}"
         7,         0,         0,   0.000,exact_mw,70a969f5042aec17ac076c6379f4170fb7c69b8e925756ef3b7334e28a33338b,"{""distance"":5,""physical_error_rate"":0.0001}","{""detection_events"":2,""detectors_checked"":1568}"
       900,         0,         0,   0.003,exact_mw,70a969f5042aec17ac076c6379f4170fb7c69b8e925756ef3b7334e28a33338b,"{""distance"":5,""physical_error_rate"":0.0001}","{""detection_events"":71,""detectors_checked"":201600}"
      1027,         0,         0,   0.004,exact_mw,70a969f5042aec17ac076c6379f4170fb7c69b8e925756ef3b7334e28a33338b,"{""distance"":5,""physical_error_rate"":0.0001}","{""detection_events"":121,""detectors_checked"":230048}"
      1027,         0,         0,   0.004,exact_mw,70a969f5042aec17ac076c6379f4170fb7c69b8e925756ef3b7334e28a33338b,"{""distance"":5,""physical_error_rate"":0.0001}","{""detection_events"":102,""detectors_checked"":230048}"
       648,         0,         0,   0.002,exact_mw,70a969f5042aec17ac076c6379f4170fb7c69b8e925756ef3b7334e28a33338b,"{""distance"":5,""physical_error_rate"":0.0001}","{""detection_events"":57,""detectors_checked"":145152}"
      1283,         0,         0,   0.004,exact_mw,70a969f5042aec17ac076c6379f4170fb7c69b8e925756ef3b7334e28a33338b,"{""distance"":5,""physical_error_rate"":0.0001}","{""detection_events"":133,""detectors_checked"":287392}"
      1325,         0,         0,   0.004,exact_mw,70a969f5042aec17ac076c6379f4170fb7c69b8e925756ef3b7334e28a33338b,"{""distance"":5,""physical_error_rate"":0.0001}","{""detection_events"":97,""detectors_checked"":296800}"
       917,         0,         0,   0.003,exact_mw,70a969f5042aec17ac076c6379f4170fb7c69b8e925756ef3b7334e28a33338b,"{""distance"":5,""physical_error_rate"":0.0001}","{""detection_events"":114,""detectors_checked"":205408}"
        39,         0,         0,   0.001,exact_mw,70a969f5042aec17ac076c6379f4170fb7c69b8e925756ef3b7334e28a33338b,"{""distance"":5,""physical_error_rate"":0.0001}","{""detection_events"":2,""detectors_checked"":8736}"
        39,         0,         0,   0.000,exact_mw,70a969f5042aec17ac076c6379f4170fb7c69b8e925756ef3b7334e28a33338b,"{""distance"":5,""physical_error_rate"":0.0001}","{""detection_events"":12,""detectors_checked"":8736}"
        18,         0,         0,   0.009,exact_mw,70a969f5042aec17ac076c6379f4170fb7c69b8e925756ef3b7334e28a33338b,"{""distance"":5,""physical_error_rate"":0.0001}","{""detectors_checked"":4032}"
      1342,         0,         0,   0.005,exact_mw,70a969f5042aec17ac076c6379f4170fb7c69b8e925756ef3b7334e28a33338b,"{""distance"":5,""physical_error_rate"":0.0001}","{""detection_events"":149,""detectors_checked"":300608}"
        43,         0,         0,   0.000,exact_mw,70a969f5042aec17ac076c6379f4170fb7c69b8e925756ef3b7334e28a33338b,"{""distance"":5,""physical_error_rate"":0.0001}","{""detection_events"":2,""detectors_checked"":9632}"
       633,         0,         0,   0.002,exact_mw,70a969f5042aec17ac076c6379f4170fb7c69b8e925756ef3b7334e28a33338b,"{""distance"":5,""physical_error_rate"":0.0001}","{""detection_events"":71,""detectors_checked"":141792}"
       491,         0,         0,   0.001,exact_mw,70a969f5042aec17ac076c6379f4170fb7c69b8e925756ef3b7334e28a33338b,"{""distance"":5,""physical_error_rate"":0.0001}","{""detection_events"":47,""detectors_checked"":109984}"
     15360,         0,         0,   0.172,exact_mw,70a969f5042aec17ac076c6379f4170fb7c69b8e925756ef3b7334e28a33338b,"{""distance"":5,""physical_error_rate"":0.0001}","{""detection_events"":1494,""detectors_checked"":3440640}"
      1283,         0,         0,   0.004,exact_mw,70a969f5042aec17ac076c6379f4170fb7c69b8e925756ef3b7334e28a33338b,"{""distance"":5,""physical_error_rate"":0.0001}","{""detection_events"":101,""detectors_checked"":287392}"
       960,         0,         0,   0.003,exact_mw,70a969f5042aec17ac076c6379f4170fb7c69b8e925756ef3b7334e28a33338b,"{""distance"":5,""physical_error_rate"":0.0001}","{""detection_events"":103,""detectors_checked"":215040}"
        20,         0,         0,   0.000,exact_mw,70a969f5042aec17ac076c6379f4170fb7c69b8e925756ef3b7334e28a33338b,"{""distance"":5,""physical_error_rate"":0.0001}","{""detection_events"":6,""detectors_checked"":4480}"
       300,         0,         0,   0.001,exact_mw,70a969f5042aec17ac076c6379f4170fb7c69b8e925756ef3b7334e28a33338b,"{""distance"":5,""physical_error_rate"":0.0001}","{""detection_events"":29,""detectors_checked"":67200}"
        10,         0,         0,   0.000,exact_mw,70a969f5042aec17ac076c6379f4170fb7c69b8e925756ef3b7334e28a33338b,"{""distance"":5,""physical_error_rate"":0.0001}","{""detection_events"":2,""detectors_checked"":2240}"
       599,         0,         0,   0.002,exact_mw,70a969f5042aec17ac076c6379f4170fb7c69b8e925756ef3b7334e28a33338b,"{""distance"":5,""physical_error_rate"":0.0001}","{""detection_events"":80,""detectors_checked"":134176}"
       310,         0,         0,   0.002,exact_mw,70a969f5042aec17ac076c6379f4170fb7c69b8e925756ef3b7334e28a33338b,"{""distance"":5,""physical_error_rate"":0.0001}","{""detection_events"":34,""detectors_checked"":69440}"
     15360,         0,         0,   0.189,exact_mw,70a969f5042aec17ac076c6379f4170fb7c69b8e925756ef3b7334e28a33338b,"{""distance"":5,""physical_error_rate"":0.0001}","{""detection_events"":1560,""detectors_checked"":3440640}"
     15549,         0,         0,   0.198,exact_mw,70a969f5042aec17ac076c6379f4170fb7c69b8e925756ef3b7334e28a33338b,"{""distance"":5,""physical_error_rate"":0.0001}","{""detection_events"":1502,""detectors_checked"":3482976}"
     14351,         0,         0,   0.185,exact_mw,70a969f5042aec17ac076c6379f4170fb7c69b8e925756ef3b7334e28a33338b,"{""distance"":5,""physical_error_rate"":0.0001}","{""detection_events"":1326,""detectors_checked"":3214624}"
     14351,         0,         0,   0.204,exact_mw,70a969f5042aec17ac076c6379f4170fb7c69b8e925756ef3b7334e28a33338b,"{""distance"":5,""physical_error_rate"":0.0001}","{""detection_events"":1398,""detectors_checked"":3214624}"
       681,         0,         0,   0.002,exact_mw,70a969f5042aec17ac076c6379f4170fb7c69b8e925756ef3b7334e28a33338b,"{""distance"":5,""physical_error_rate"":0.0001}","{""detection_events"":75,""detectors_checked"":152544}"
      5120,         0,         0,   0.067,exact_mw,70a969f5042aec17ac076c6379f4170fb7c69b8e925756ef3b7334e28a33338b,"{""distance"":5,""physical_error_rate"":0.0001}","{""detection_events"":492,""detectors_checked"":1146880}"
       944,         0,         0,   0.003,exact_mw,70a969f5042aec17ac076c6379f4170fb7c69b8e925756ef3b7334e28a33338b,"{""distance"":5,""physical_error_rate"":0.0001}","{""detection_events"":107,""detectors_checked"":211456}"
       624,         0,         0,   0.002,exact_mw,70a969f5042aec17ac076c6379f4170fb7c69b8e925756ef3b7334e28a33338b,"{""distance"":5,""physical_error_rate"":0.0001}","{""detection_events"":78,""detectors_checked"":139776}"
       670,         0,         0,   0.002,exact_mw,70a969f5042aec17ac076c6379f4170fb7c69b8e925756ef3b7334e28a33338b,"{""distance"":5,""physical_error_rate"":0.0001}","{""detection_events"":82,""detectors_checked"":150080}"
      1037,         0,         0,   0.004,exact_mw,70a969f5042aec17ac076c6379f4170fb7c69b8e925756ef3b7334e28a33338b,"{""distance"":5,""physical_error_rate"":0.0001}","{""detection_events"":84,""detectors_checked"":232288}"
         1,         0,         0,   0.000,exact_mw,70a969f5042aec17ac076c6379f4170fb7c69b8e925756ef3b7334e28a33338b,"{""distance"":5,""physical_error_rate"":0.0001}","{""detectors_checked"":224}"
      1624,         0,         0,   0.004,exact_mw,70a969f5042aec17ac076c6379f4170fb7c69b8e925756ef3b7334e28a33338b,"{""distance"":5,""physical_error_rate"":0.0001}","{""detection_events"":166,""detectors_checked"":363776}"
       310,         0,         0,   0.002,exact_mw,70a969f5042aec17ac076c6379f4170fb7c69b8e925756ef3b7334e28a33338b,"{""distance"":5,""physical_error_rate"":0.0001}","{""detection_events"":23,""detectors_checked"":69440}"
       413,         0,         0,   0.001,exact_mw,70a969f5042aec17ac076c6379f4170fb7c69b8e925756ef3b7334e28a33338b,"{""distance"":5,""physical_error_rate"":0.0001}","{""detection_events"":25,""detectors_checked"":92512}"
       289,         0,         0,   0.001,exact_mw,70a969f5042aec17ac076c6379f4170fb7c69b8e925756ef3b7334e28a33338b,"{""distance"":5,""physical_error_rate"":0.0001}","{""detection_events"":19,""detectors_checked"":64736}"
      1585,         0,         0,   0.010,exact_mw,70a969f5042aec17ac076c6379f4170fb7c69b8e925756ef3b7334e28a33338b,"{""distance"":5,""physical_error_rate"":0.0001}","{""detection_events"":194,""detectors_checked"":355040}"
       289,         0,         0,   0.001,exact_mw,70a969f5042aec17ac076c6379f4170fb7c69b8e925756ef3b7334e28a33338b,"{""distance"":5,""physical_error_rate"":0.0001}","{""detection_events"":38,""detectors_checked"":64736}"
     15234,         0,         0,   0.192,exact_mw,70a969f5042aec17ac076c6379f4170fb7c69b8e925756ef3b7334e28a33338b,"{""distance"":5,""physical_error_rate"":0.0001}","{""detection_events"":1474,""detectors_checked"":3412416}"
     15497,         0,         0,   0.185,exact_mw,70a969f5042aec17ac076c6379f4170fb7c69b8e925756ef3b7334e28a33338b,"{""distance"":5,""physical_error_rate"":0.0001}","{""detection_events"":1634,""detectors_checked"":3471328}"
         7,         0,         0,   0.000,exact_mw,70a969f5042aec17ac076c6379f4170fb7c69b8e925756ef3b7334e28a33338b,"{""distance"":5,""physical_error_rate"":0.0001}","{""detectors_checked"":1568}"
     15360,         0,         0,   0.197,exact_mw,70a969f5042aec17ac076c6379f4170fb7c69b8e925756ef3b7334e28a33338b,"{""distance"":5,""physical_error_rate"":0.0001}","{""detection_events"":1574,""detectors_checked"":3440640}"
      1495,         0,         0,   0.004,exact_mw,70a969f5042aec17ac076c6379f4170fb7c69b8e925756ef3b7334e28a33338b,"{""distance"":5,""physical_error_rate"":0.0001}","{""detection_events"":182,""detectors_checked"":334880}"
         9,         0,         0,   0.001,exact_mw,70a969f5042aec17ac076c6379f4170fb7c69b8e925756ef3b7334e28a33338b,"{""distance"":5,""physical_error_rate"":0.0001}","{""detectors_checked"":2016}"
     15168,         0,         0,   0.200,exact_mw,70a969f5042aec17ac076c6379f4170fb7c69b8e925756ef3b7334e28a33338b,"{""distance"":5,""physical_error_rate"":0.0001}","{""detection_events"":1544,""detectors_checked"":3397632}"
     15250,         0,         0,   0.197,exact_mw,70a969f5042aec17ac076c6379f4170fb7c69b8e925756ef3b7334e28a33338b,"{""distance"":5,""physical_error_rate"":0.0001}","{""detection_events"":1406,""detectors_checked"":3416000}"
     15168,         0,         0,   0.208,exact_mw,70a969f5042aec17ac076c6379f4170fb7c69b8e925756ef3b7334e28a33338b,"{""distance"":5,""physical_error_rate"":0.0001}","{""detection_events"":1480,""detectors_checked"":3397632}"
       497,         0,         0,   0.001,exact_mw,70a969f5042aec17ac076c6379f4170fb7c69b8e925756ef3b7334e28a33338b,"{""distance"":5,""physical_error_rate"":0.0001}","{""detection_events"":39,""detectors_checked"":111328}"
       302,         0,         0,   0.001,exact_mw,70a969f5042aec17ac076c6379f4170fb7c69b8e925756ef3b7334e28a33338b,"{""distance"":5,""physical_error_rate"":0.0001}","{""detection_events"":35,""detectors_checked"":67648}"
     15360,         0,         0,   0.167,exact_mw,70a969f5042aec17ac076c6379f4170fb7c69b8e925756ef3b7334e28a33338b,"{""distance"":5,""physical_error_rate"":0.0001}","{""detection_events"":1537,""detectors_checked"":3440640}"
     15360,         0,         0,   0.184,exact_mw,70a969f5042aec17ac076c6379f4170fb7c69b8e925756ef3b7334e28a33338b,"{""distance"":5,""physical_error_rate"":0.0001}","{""detection_events"":1505,""detectors_checked"":3440640}"
      1487,         0,         0,   0.005,exact_mw,70a969f5042aec17ac076c6379f4170fb7c69b8e925756ef3b7334e28a33338b,"{""distance"":5,""physical_error_rate"":0.0001}","{""detection_events"":171,""detectors_checked"":333088}"
       489,         0,         0,   0.001,exact_mw,70a969f5042aec17ac076c6379f4170fb7c69b8e925756ef3b7334e28a33338b,"{""distance"":5,""physical_error_rate"":0.0001}","{""detection_events"":52,""detectors_checked"":109536}"
     14336,         0,         0,   0.200,exact_mw,70a969f5042aec17ac076c6379f4170fb7c69b8e925756ef3b7334e28a33338b,"{""distance"":5,""physical_error_rate"":0.0001}","{""detection_events"":1355,""detectors_checked"":3211264}"
        21,         0,         0,   0.000,exact_mw,70a969f5042aec17ac076c6379f4170fb7c69b8e925756ef3b7334e28a33338b,"{""distance"":5,""physical_error_rate"":0.0001}","{""detection_events"":2,""detectors_checked"":4704}"
      1265,         0,         0,   0.004,exact_mw,70a969f5042aec17ac076c6379f4170fb7c69b8e925756ef3b7334e28a33338b,"{""distance"":5,""physical_error_rate"":0.0001}","{""detection_events"":126,""detectors_checked"":283360}"
     15183,         0,         0,   0.211,exact_mw,70a969f5042aec17ac076c6379f4170fb7c69b8e925756ef3b7334e28a33338b,"{""distance"":5,""physical_error_rate"":0.0001}","{""detection_events"":1392,""detectors_checked"":3400992}"
        46,         0,         0,   0.000,exact_mw,70a969f5042aec17ac076c6379f4170fb7c69b8e925756ef3b7334e28a33338b,"{""distance"":5,""physical_error_rate"":0.0001}","{""detection_events"":2,""detectors_checked"":10304}"
       694,         0,         0,   0.003,exact_mw,70a969f5042aec17ac076c6379f4170fb7c69b8e925756ef3b7334e28a33338b,"{""distance"":5,""physical_error_rate"":0.0001}","{""detection_events"":74,""detectors_checked"":155456}"
     15136,         0,         0,   0.188,exact_mw,70a969f5042aec17ac076c6379f4170fb7c69b8e925756ef3b7334e28a33338b,"{""distance"":5,""physical_error_rate"":0.0001}","{""detection_events"":1449,""detectors_checked"":3390464}"
      1296,         0,         0,   0.005,exact_mw,70a969f5042aec17ac076c6379f4170fb7c69b8e925756ef3b7334e28a33338b,"{""distance"":5,""physical_error_rate"":0.0001}","{""detection_events"":130,""detectors_checked"":290304}"
     15360,         0,         0,   0.190,exact_mw,70a969f5042aec17ac076c6379f4170fb7c69b8e925756ef3b7334e28a33338b,"{""distance"":5,""physical_error_rate"":0.0001}","{""detection_events"":1531,""detectors_checked"":3440640}"
     15482,         0,         0,   0.227,exact_mw,70a969f5042aec17ac076c6379f4170fb7c69b8e925756ef3b7334e28a33338b,"{""distance"":5,""physical_error_rate"":0.0001}","{""detection_events"":1677,""detectors_checked"":3467968}"
     15542,         0,         0,   0.220,exact_mw,70a969f5042aec17ac076c6379f4170fb7c69b8e925756ef3b7334e28a33338b,"{""distance"":5,""physical_error_rate"":0.0001}","{""detection_events"":1526,""detectors_checked"":3481408}"
      7168,         0,         0,   0.138,exact_mw,cb12ae119b9b2ba18d0216e7235b403229e92fd0743ede48fe7f1a2c6f45d594,"{""distance"":5,""physical_error_rate"":0.0005}","{""detection_events"":3463,""detectors_checked"":1605632}"
        67,         0,         0,   0.000,exact_mw,70a969f5042aec17ac076c6379f4170fb7c69b8e925756ef3b7334e28a33338b,"{""distance"":5,""physical_error_rate"":0.0001}","{""detection_events"":8,""detectors_checked"":15008}"
       487,         0,         0,   0.002,exact_mw,70a969f5042aec17ac076c6379f4170fb7c69b8e925756ef3b7334e28a33338b,"{""distance"":5,""physical_error_rate"":0.0001}","{""detection_events"":50,""detectors_checked"":109088}"
      1350,         0,         0,   0.004,exact_mw,70a969f5042aec17ac076c6379f4170fb7c69b8e925756ef3b7334e28a33338b,"{""distance"":5,""physical_error_rate"":0.0001}","{""detection_events"":110,""detectors_checked"":302400}"
      1338,         0,         0,   0.004,exact_mw,70a969f5042aec17ac076c6379f4170fb7c69b8e925756ef3b7334e28a33338b,"{""distance"":5,""physical_error_rate"":0.0001}","{""detection_events"":139,""detectors_checked"":299712}"
      3435,         0,         0,   0.052,exact_mw,70a969f5042aec17ac076c6379f4170fb7c69b8e925756ef3b7334e28a33338b,"{""distance"":5,""physical_error_rate"":0.0001}","{""detection_events"":348,""detectors_checked"":769440}"
      1316,         0,         0,   0.004,exact_mw,70a969f5042aec17ac076c6379f4170fb7c69b8e925756ef3b7334e28a33338b,"{""distance"":5,""physical_error_rate"":0.0001}","{""detection_events"":123,""detectors_checked"":294784}"
       189,         0,         0,   0.001,exact_mw,70a969f5042aec17ac076c6379f4170fb7c69b8e925756ef3b7334e28a33338b,"{""distance"":5,""physical_error_rate"":0.0001}","{""detection_events"":19,""detectors_checked"":42336}"
       168,         0,         0,   0.001,exact_mw,70a969f5042aec17ac076c6379f4170fb7c69b8e925756ef3b7334e28a33338b,"{""distance"":5,""physical_error_rate"":0.0001}","{""detection_events"":21,""detectors_checked"":37632}"
     12288,         0,         0,   0.235,exact_mw,70a969f5042aec17ac076c6379f4170fb7c69b8e925756ef3b7334e28a33338b,"{""distance"":5,""physical_error_rate"":0.0001}","{""detection_events"":1097,""detectors_checked"":2752512}"
         1,         0,         0,   0.000,exact_mw,70a969f5042aec17ac076c6379f4170fb7c69b8e925756ef3b7334e28a33338b,"{""distance"":5,""physical_error_rate"":0.0001}","{""detectors_checked"":224}"
      1192,         0,         0,   0.003,exact_mw,70a969f5042aec17ac076c6379f4170fb7c69b8e925756ef3b7334e28a33338b,"{""distance"":5,""physical_error_rate"":0.0001}","{""detection_events"":115,""detectors_checked"":267008}"
       189,         0,         0,   0.001,exact_mw,70a969f5042aec17ac076c6379f4170fb7c69b8e925756ef3b7334e28a33338b,"{""distance"":5,""physical_error_rate"":0.0001}","{""detection_events"":14,""detectors_checked"":42336}"
      7168,         0,         0,   0.133,exact_mw,cb12ae119b9b2ba18d0216e7235b403229e92fd0743ede48fe7f1a2c6f45d594,"{""distance"":5,""physical_error_rate"":0.0005}","{""detection_events"":3619,""detectors_checked"":1605632}"
      1623,         0,         0,   0.006,exact_mw,70a969f5042aec17ac076c6379f4170fb7c69b8e925756ef3b7334e28a33338b,"{""distance"":5,""physical_error_rate"":0.0001}","{""detection_events"":139,""detectors_checked"":363552}"
      2038,         0,         0,   0.006,exact_mw,70a969f5042aec17ac076c6379f4170fb7c69b8e925756ef3b7334e28a33338b,"{""distance"":5,""physical_error_rate"":0.0001}","{""detection_events"":183,""detectors_checked"":456512}"
     12288,         0,         0,   0.222,exact_mw,70a969f5042aec17ac076c6379f4170fb7c69b8e925756ef3b7334e28a33338b,"{""distance"":5,""physical_error_rate"":0.0001}","{""detection_events"":1282,""detectors_checked"":2752512}"
     13312,         0,         0,   0.264,exact_mw,70a969f5042aec17ac076c6379f4170fb7c69b8e925756ef3b7334e28a33338b,"{""distance"":5,""physical_error_rate"":0.0001}","{""detection_events"":1303,""detectors_checked"":2981888}"
      3889,         0,         0,   0.011,exact_mw,70a969f5042aec17ac076c6379f4170fb7c69b8e925756ef3b7334e28a33338b,"{""distance"":5,""physical_error_rate"":0.0001}","{""detection_events"":367,""detectors_checked"":871136}"
     15360,         0,         0,   0.279,exact_mw,70a969f5042aec17ac076c6379f4170fb7c69b8e925756ef3b7334e28a33338b,"{""distance"":5,""physical_error_rate"":0.0001}","{""detection_events"":1534,""detectors_checked"":3440640}"
      2848,         0,         0,   0.026,exact_mw,70a969f5042aec17ac076c6379f4170fb7c69b8e925756ef3b7334e28a33338b,"{""distance"":5,""physical_error_rate"":0.0001}","{""detection_events"":253,""detectors_checked"":637952}"
     62464,         0,         0,   0.590,exact_mw,cb12ae119b9b2ba18d0216e7235b403229e92fd0743ede48fe7f1a2c6f45d594,"{""distance"":5,""physical_error_rate"":0.0005}","{""detection_events"":31548,""detectors_checked"":13991936}"
    153600,         0,         0,    1.09,exact_mw,cb12ae119b9b2ba18d0216e7235b403229e92fd0743ede48fe7f1a2c6f45d594,"{""distance"":5,""physical_error_rate"":0.0005}","{""detection_events"":75236,""detectors_checked"":34406400}"
       189,         0,         0,   0.001,exact_mw,70a969f5042aec17ac076c6379f4170fb7c69b8e925756ef3b7334e28a33338b,"{""distance"":5,""physical_error_rate"":0.0001}","{""detection_events"":12,""detectors_checked"":42336}"
     50176,         0,         0,   0.791,exact_mw,cb12ae119b9b2ba18d0216e7235b403229e92fd0743ede48fe7f1a2c6f45d594,"{""distance"":5,""physical_error_rate"":0.0005}","{""detection_events"":25081,""detectors_checked"":11239424}"
      2237,         0,         0,   0.023,exact_mw,70a969f5042aec17ac076c6379f4170fb7c69b8e925756ef3b7334e28a33338b,"{""distance"":5,""physical_error_rate"":0.0001}","{""detection_events"":217,""detectors_checked"":501088}"
     31744,         0,         0,   0.425,exact_mw,cb12ae119b9b2ba18d0216e7235b403229e92fd0743ede48fe7f1a2c6f45d594,"{""distance"":5,""physical_error_rate"":0.0005}","{""detection_events"":15501,""detectors_checked"":7110656}"
    101376,         0,         0,    1.09,exact_mw,cb12ae119b9b2ba18d0216e7235b403229e92fd0743ede48fe7f1a2c6f45d594,"{""distance"":5,""physical_error_rate"":0.0005}","{""detection_events"":49469,""detectors_checked"":22708224}"
    184320,         0,         0,    1.11,exact_mw,cb12ae119b9b2ba18d0216e7235b403229e92fd0743ede48fe7f1a2c6f45d594,"{""distance"":5,""physical_error_rate"":0.0005}","{""detection_events"":90386,""detectors_checked"":41287680}"
    115712,         0,         0,   0.762,exact_mw,cb12ae119b9b2ba18d0216e7235b403229e92fd0743ede48fe7f1a2c6f45d594,"{""distance"":5,""physical_error_rate"":0.0005}","{""detection_events"":57150,""detectors_checked"":25919488}"
     12288,         0,         0,   0.151,exact_mw,cb12ae119b9b2ba18d0216e7235b403229e92fd0743ede48fe7f1a2c6f45d594,"{""distance"":5,""physical_error_rate"":0.0005}","{""detection_events"":5951,""detectors_checked"":2752512}"
     14336,         0,         0,   0.153,exact_mw,cb12ae119b9b2ba18d0216e7235b403229e92fd0743ede48fe7f1a2c6f45d594,"{""distance"":5,""physical_error_rate"":0.0005}","{""detection_events"":7119,""detectors_checked"":3211264}"
     98304,         0,         0,    1.11,exact_mw,cb12ae119b9b2ba18d0216e7235b403229e92fd0743ede48fe7f1a2c6f45d594,"{""distance"":5,""physical_error_rate"":0.0005}","{""detection_events"":48310,""detectors_checked"":22020096}"
     19456,         0,         0,   0.212,exact_mw,cb12ae119b9b2ba18d0216e7235b403229e92fd0743ede48fe7f1a2c6f45d594,"{""distance"":5,""physical_error_rate"":0.0005}","{""detection_events"":9676,""detectors_checked"":4358144}"
     19456,         0,         0,   0.222,exact_mw,cb12ae119b9b2ba18d0216e7235b403229e92fd0743ede48fe7f1a2c6f45d594,"{""distance"":5,""physical_error_rate"":0.0005}","{""detection_events"":9567,""detectors_checked"":4358144}"
     60416,         0,         0,    1.10,exact_mw,cb12ae119b9b2ba18d0216e7235b403229e92fd0743ede48fe7f1a2c6f45d594,"{""distance"":5,""physical_error_rate"":0.0005}","{""detection_events"":29496,""detectors_checked"":13533184}"
     87040,         0,         0,    1.09,exact_mw,cb12ae119b9b2ba18d0216e7235b403229e92fd0743ede48fe7f1a2c6f45d594,"{""distance"":5,""physical_error_rate"":0.0005}","{""detection_events"":43033,""detectors_checked"":19496960}"
     78848,         0,         0,    1.10,exact_mw,cb12ae119b9b2ba18d0216e7235b403229e92fd0743ede48fe7f1a2c6f45d594,"{""distance"":5,""physical_error_rate"":0.0005}","{""detection_events"":38677,""detectors_checked"":17661952}"
     73728,         0,         0,   0.579,exact_mw,cb12ae119b9b2ba18d0216e7235b403229e92fd0743ede48fe7f1a2c6f45d594,"{""distance"":5,""physical_error_rate"":0.0005}","{""detection_events"":36505,""detectors_checked"":16515072}"
     25600,         0,         0,   0.305,exact_mw,cb12ae119b9b2ba18d0216e7235b403229e92fd0743ede48fe7f1a2c6f45d594,"{""distance"":5,""physical_error_rate"":0.0005}","{""detection_events"":12440,""detectors_checked"":5734400}"
     27648,         0,         0,   0.290,exact_mw,cb12ae119b9b2ba18d0216e7235b403229e92fd0743ede48fe7f1a2c6f45d594,"{""distance"":5,""physical_error_rate"":0.0005}","{""detection_events"":13543,""detectors_checked"":6193152}"
     65536,         0,         0,    1.08,exact_mw,cb12ae119b9b2ba18d0216e7235b403229e92fd0743ede48fe7f1a2c6f45d594,"{""distance"":5,""physical_error_rate"":0.0005}","{""detection_events"":32398,""detectors_checked"":14680064}"
    129024,         0,         0,    1.09,exact_mw,cb12ae119b9b2ba18d0216e7235b403229e92fd0743ede48fe7f1a2c6f45d594,"{""distance"":5,""physical_error_rate"":0.0005}","{""detection_events"":63397,""detectors_checked"":28901376}"
    104448,         0,         0,    1.56,exact_mw,cb12ae119b9b2ba18d0216e7235b403229e92fd0743ede48fe7f1a2c6f45d594,"{""distance"":5,""physical_error_rate"":0.0005}","{""detection_events"":51965,""detectors_checked"":23396352}"
    163840,         0,         0,   0.779,exact_mw,cb12ae119b9b2ba18d0216e7235b403229e92fd0743ede48fe7f1a2c6f45d594,"{""distance"":5,""physical_error_rate"":0.0005}","{""detection_events"":80076,""detectors_checked"":36700160}"
    330752,         0,         0,    1.53,exact_mw,cb12ae119b9b2ba18d0216e7235b403229e92fd0743ede48fe7f1a2c6f45d594,"{""distance"":5,""physical_error_rate"":0.0005}","{""detection_events"":162515,""detectors_checked"":74088448}"
      2321,         0,         0,   0.019,exact_mw,cb12ae119b9b2ba18d0216e7235b403229e92fd0743ede48fe7f1a2c6f45d594,"{""distance"":5,""physical_error_rate"":0.0005}","{""detection_events"":1185,""detectors_checked"":519904}"
      3072,         0,         0,   0.020,exact_mw,cb12ae119b9b2ba18d0216e7235b403229e92fd0743ede48fe7f1a2c6f45d594,"{""distance"":5,""physical_error_rate"":0.0005}","{""detection_events"":1640,""detectors_checked"":688128}"
      4096,         0,         0,   0.031,exact_mw,cb12ae119b9b2ba18d0216e7235b403229e92fd0743ede48fe7f1a2c6f45d594,"{""distance"":5,""physical_error_rate"":0.0005}","{""detection_events"":2090,""detectors_checked"":917504}"
      5120,         0,         0,   0.040,exact_mw,cb12ae119b9b2ba18d0216e7235b403229e92fd0743ede48fe7f1a2c6f45d594,"{""distance"":5,""physical_error_rate"":0.0005}","{""detection_events"":2490,""detectors_checked"":1146880}"
     36864,         0,         0,   0.410,exact_mw,cb12ae119b9b2ba18d0216e7235b403229e92fd0743ede48fe7f1a2c6f45d594,"{""distance"":5,""physical_error_rate"":0.0005}","{""detection_events"":18057,""detectors_checked"":8257536}"
      5120,         0,         0,   0.040,exact_mw,cb12ae119b9b2ba18d0216e7235b403229e92fd0743ede48fe7f1a2c6f45d594,"{""distance"":5,""physical_error_rate"":0.0005}","{""detection_events"":2650,""detectors_checked"":1146880}"
     33792,         0,         0,   0.413,exact_mw,cb12ae119b9b2ba18d0216e7235b403229e92fd0743ede48fe7f1a2c6f45d594,"{""distance"":5,""physical_error_rate"":0.0005}","{""detection_events"":16733,""detectors_checked"":7569408}"
   5001197,         1,         0,    79.1,exact_mw,cb12ae119b9b2ba18d0216e7235b403229e92fd0743ede48fe7f1a2c6f45d594,"{""distance"":5,""physical_error_rate"":0.0005}","{""detection_events"":2460896,""detectors_checked"":1120268128,""obs_mistake_mask=E"":1}"
   4440064,         1,         0,    75.2,exact_mw,cb12ae119b9b2ba18d0216e7235b403229e92fd0743ede48fe7f1a2c6f45d594,"{""distance"":5,""physical_error_rate"":0.0005}","{""detection_events"":2184995,""detectors_checked"":994574336,""obs_mistake_mask=E"":1}"
   4822016,         3,         0,    76.1,exact_mw,cb12ae119b9b2ba18d0216e7235b403229e92fd0743ede48fe7f1a2c6f45d594,"{""distance"":5,""physical_error_rate"":0.0005}","{""detection_events"":2369205,""detectors_checked"":1080131584,""obs_mistake_mask=E"":3}"
   4344832,         1,         0,    76.7,exact_mw,cb12ae119b9b2ba18d0216e7235b403229e92fd0743ede48fe7f1a2c6f45d594,"{""distance"":5,""physical_error_rate"":0.0005}","{""detection_events"":2138283,""detectors_checked"":973242368,""obs_mistake_mask=E"":1}"
   4336640,         0,         0,    63.3,exact_mw,cb12ae119b9b2ba18d0216e7235b403229e92fd0743ede48fe7f1a2c6f45d594,"{""distance"":5,""physical_error_rate"":0.0005}","{""detection_events"":2133429,""detectors_checked"":971407360}"
      5120,         0,         0,   0.036,exact_mw,cb12ae119b9b2ba18d0216e7235b403229e92fd0743ede48fe7f1a2c6f45d594,"{""distance"":5,""physical_error_rate"":0.0005}","{""detection_events"":2626,""detectors_checked"":1146880}"
     88064,         0,         0,    1.11,exact_mw,cb12ae119b9b2ba18d0216e7235b403229e92fd0743ede48fe7f1a2c6f45d594,"{""distance"":5,""physical_error_rate"":0.0005}","{""detection_events"":43811,""detectors_checked"":19726336}"
    177152,         0,         0,    1.52,exact_mw,cb12ae119b9b2ba18d0216e7235b403229e92fd0743ede48fe7f1a2c6f45d594,"{""distance"":5,""physical_error_rate"":0.0005}","{""detection_events"":87514,""detectors_checked"":39682048}"
    122880,         0,         0,    1.55,exact_mw,cb12ae119b9b2ba18d0216e7235b403229e92fd0743ede48fe7f1a2c6f45d594,"{""distance"":5,""physical_error_rate"":0.0005}","{""detection_events"":60480,""detectors_checked"":27525120}"
    168960,         0,         0,    1.11,exact_mw,cb12ae119b9b2ba18d0216e7235b403229e92fd0743ede48fe7f1a2c6f45d594,"{""distance"":5,""physical_error_rate"":0.0005}","{""detection_events"":83243,""detectors_checked"":37847040}"
      5120,         0,         0,   0.094,exact_mw,cb12ae119b9b2ba18d0216e7235b403229e92fd0743ede48fe7f1a2c6f45d594,"{""distance"":5,""physical_error_rate"":0.0005}","{""detection_events"":2697,""detectors_checked"":1146880}"
      1024,         0,         0,   0.003,exact_mw,70a969f5042aec17ac076c6379f4170fb7c69b8e925756ef3b7334e28a33338b,"{""distance"":5,""physical_error_rate"":0.0001}","{""detection_events"":125,""detectors_checked"":229376}"
      3345,         0,         0,   0.010,exact_mw,70a969f5042aec17ac076c6379f4170fb7c69b8e925756ef3b7334e28a33338b,"{""distance"":5,""physical_error_rate"":0.0001}","{""detection_events"":375,""detectors_checked"":749280}"
      1024,         0,         0,   0.003,exact_mw,70a969f5042aec17ac076c6379f4170fb7c69b8e925756ef3b7334e28a33338b,"{""distance"":5,""physical_error_rate"":0.0001}","{""detection_events"":91,""detectors_checked"":229376}"
      5707,         0,         0,   0.015,exact_mw,70a969f5042aec17ac076c6379f4170fb7c69b8e925756ef3b7334e28a33338b,"{""distance"":5,""physical_error_rate"":0.0001}","{""detection_events"":601,""detectors_checked"":1278368}"
      1024,         0,         0,   0.003,exact_mw,70a969f5042aec17ac076c6379f4170fb7c69b8e925756ef3b7334e28a33338b,"{""distance"":5,""physical_error_rate"":0.0001}","{""detection_events"":111,""detectors_checked"":229376}"
      9052,         0,         0,   0.043,exact_mw,70a969f5042aec17ac076c6379f4170fb7c69b8e925756ef3b7334e28a33338b,"{""distance"":5,""physical_error_rate"":0.0001}","{""detection_events"":809,""detectors_checked"":2027648}"
      5120,         0,         0,   0.128,exact_mw,cb12ae119b9b2ba18d0216e7235b403229e92fd0743ede48fe7f1a2c6f45d594,"{""distance"":5,""physical_error_rate"":0.0005}","{""detection_events"":2498,""detectors_checked"":1146880}"
      9052,         0,         0,   0.062,exact_mw,70a969f5042aec17ac076c6379f4170fb7c69b8e925756ef3b7334e28a33338b,"{""distance"":5,""physical_error_rate"":0.0001}","{""detection_events"":790,""detectors_checked"":2027648}"
      8028,         0,         0,   0.063,exact_mw,70a969f5042aec17ac076c6379f4170fb7c69b8e925756ef3b7334e28a33338b,"{""distance"":5,""physical_error_rate"":0.0001}","{""detection_events"":774,""detectors_checked"":1798272}"
      9052,         0,         0,   0.063,exact_mw,70a969f5042aec17ac076c6379f4170fb7c69b8e925756ef3b7334e28a33338b,"{""distance"":5,""physical_error_rate"":0.0001}","{""detection_events"":858,""detectors_checked"":2027648}"
      9052,         0,         0,   0.067,exact_mw,70a969f5042aec17ac076c6379f4170fb7c69b8e925756ef3b7334e28a33338b,"{""distance"":5,""physical_error_rate"":0.0001}","{""detection_events"":871,""detectors_checked"":2027648}"
      9052,         0,         0,   0.064,exact_mw,70a969f5042aec17ac076c6379f4170fb7c69b8e925756ef3b7334e28a33338b,"{""distance"":5,""physical_error_rate"":0.0001}","{""detection_events"":812,""detectors_checked"":2027648}"
      9052,         0,         0,   0.074,exact_mw,70a969f5042aec17ac076c6379f4170fb7c69b8e925756ef3b7334e28a33338b,"{""distance"":5,""physical_error_rate"":0.0001}","{""detection_events"":847,""detectors_checked"":2027648}"
      9052,         0,         0,   0.082,exact_mw,70a969f5042aec17ac076c6379f4170fb7c69b8e925756ef3b7334e28a33338b,"{""distance"":5,""physical_error_rate"":0.0001}","{""detection_events"":841,""detectors_checked"":2027648}"
      9052,         0,         0,   0.080,exact_mw,70a969f5042aec17ac076c6379f4170fb7c69b8e925756ef3b7334e28a33338b,"{""distance"":5,""physical_error_rate"":0.0001}","{""detection_events"":918,""detectors_checked"":2027648}"
      9052,         0,         0,   0.078,exact_mw,70a969f5042aec17ac076c6379f4170fb7c69b8e925756ef3b7334e28a33338b,"{""distance"":5,""physical_error_rate"":0.0001}","{""detection_events"":951,""detectors_checked"":2027648}"
      9052,         0,         0,   0.083,exact_mw,70a969f5042aec17ac076c6379f4170fb7c69b8e925756ef3b7334e28a33338b,"{""distance"":5,""physical_error_rate"":0.0001}","{""detection_events"":857,""detectors_checked"":2027648}"
      9052,         0,         0,   0.091,exact_mw,70a969f5042aec17ac076c6379f4170fb7c69b8e925756ef3b7334e28a33338b,"{""distance"":5,""physical_error_rate"":0.0001}","{""detection_events"":894,""detectors_checked"":2027648}"
      9052,         0,         0,   0.075,exact_mw,70a969f5042aec17ac076c6379f4170fb7c69b8e925756ef3b7334e28a33338b,"{""distance"":5,""physical_error_rate"":0.0001}","{""detection_events"":972,""detectors_checked"":2027648}"
      9052,         0,         0,   0.091,exact_mw,70a969f5042aec17ac076c6379f4170fb7c69b8e925756ef3b7334e28a33338b,"{""distance"":5,""physical_error_rate"":0.0001}","{""detection_events"":887,""detectors_checked"":2027648}"
      9052,         0,         0,   0.070,exact_mw,70a969f5042aec17ac076c6379f4170fb7c69b8e925756ef3b7334e28a33338b,"{""distance"":5,""physical_error_rate"":0.0001}","{""detection_events"":810,""detectors_checked"":2027648}"
      9052,         0,         0,   0.095,exact_mw,70a969f5042aec17ac076c6379f4170fb7c69b8e925756ef3b7334e28a33338b,"{""distance"":5,""physical_error_rate"":0.0001}","{""detection_events"":899,""detectors_checked"":2027648}"
      9052,         0,         0,   0.099,exact_mw,70a969f5042aec17ac076c6379f4170fb7c69b8e925756ef3b7334e28a33338b,"{""distance"":5,""physical_error_rate"":0.0001}","{""detection_events"":888,""detectors_checked"":2027648}"
      9052,         0,         0,   0.079,exact_mw,70a969f5042aec17ac076c6379f4170fb7c69b8e925756ef3b7334e28a33338b,"{""distance"":5,""physical_error_rate"":0.0001}","{""detection_events"":870,""detectors_checked"":2027648}"
      9052,         0,         0,   0.105,exact_mw,70a969f5042aec17ac076c6379f4170fb7c69b8e925756ef3b7334e28a33338b,"{""distance"":5,""physical_error_rate"":0.0001}","{""detection_events"":867,""detectors_checked"":2027648}"
      9052,         0,         0,   0.099,exact_mw,70a969f5042aec17ac076c6379f4170fb7c69b8e925756ef3b7334e28a33338b,"{""distance"":5,""physical_error_rate"":0.0001}","{""detection_events"":921,""detectors_checked"":2027648}"
      9052,         0,         0,   0.100,exact_mw,70a969f5042aec17ac076c6379f4170fb7c69b8e925756ef3b7334e28a33338b,"{""distance"":5,""physical_error_rate"":0.0001}","{""detection_events"":876,""detectors_checked"":2027648}"
      9052,         0,         0,   0.099,exact_mw,70a969f5042aec17ac076c6379f4170fb7c69b8e925756ef3b7334e28a33338b,"{""distance"":5,""physical_error_rate"":0.0001}","{""detection_events"":856,""detectors_checked"":2027648}"
      9052,         0,         0,   0.100,exact_mw,70a969f5042aec17ac076c6379f4170fb7c69b8e925756ef3b7334e28a33338b,"{""distance"":5,""physical_error_rate"":0.0001}","{""detection_events"":896,""detectors_checked"":2027648}"
      9052,         0,         0,   0.090,exact_mw,70a969f5042aec17ac076c6379f4170fb7c69b8e925756ef3b7334e28a33338b,"{""distance"":5,""physical_error_rate"":0.0001}","{""detection_events"":885,""detectors_checked"":2027648}"
      9052,         0,         0,   0.115,exact_mw,70a969f5042aec17ac076c6379f4170fb7c69b8e925756ef3b7334e28a33338b,"{""distance"":5,""physical_error_rate"":0.0001}","{""detection_events"":861,""detectors_checked"":2027648}"
      9052,         0,         0,   0.125,exact_mw,70a969f5042aec17ac076c6379f4170fb7c69b8e925756ef3b7334e28a33338b,"{""distance"":5,""physical_error_rate"":0.0001}","{""detection_events"":924,""detectors_checked"":2027648}"
      9052,         0,         0,   0.115,exact_mw,70a969f5042aec17ac076c6379f4170fb7c69b8e925756ef3b7334e28a33338b,"{""distance"":5,""physical_error_rate"":0.0001}","{""detection_events"":877,""detectors_checked"":2027648}"
      9052,         0,         0,   0.122,exact_mw,70a969f5042aec17ac076c6379f4170fb7c69b8e925756ef3b7334e28a33338b,"{""distance"":5,""physical_error_rate"":0.0001}","{""detection_events"":832,""detectors_checked"":2027648}"
      9052,         0,         0,   0.100,exact_mw,70a969f5042aec17ac076c6379f4170fb7c69b8e925756ef3b7334e28a33338b,"{""distance"":5,""physical_error_rate"":0.0001}","{""detection_events"":847,""detectors_checked"":2027648}"
      9052,         0,         0,   0.119,exact_mw,70a969f5042aec17ac076c6379f4170fb7c69b8e925756ef3b7334e28a33338b,"{""distance"":5,""physical_error_rate"":0.0001}","{""detection_events"":883,""detectors_checked"":2027648}"
    110592,         0,         0,   0.794,exact_mw,cb12ae119b9b2ba18d0216e7235b403229e92fd0743ede48fe7f1a2c6f45d594,"{""distance"":5,""physical_error_rate"":0.0005}","{""detection_events"":53602,""detectors_checked"":24772608}"
      9052,         0,         0,   0.109,exact_mw,70a969f5042aec17ac076c6379f4170fb7c69b8e925756ef3b7334e28a33338b,"{""distance"":5,""physical_error_rate"":0.0001}","{""detection_events"":975,""detectors_checked"":2027648}"
      9052,         0,         0,   0.114,exact_mw,70a969f5042aec17ac076c6379f4170fb7c69b8e925756ef3b7334e28a33338b,"{""distance"":5,""physical_error_rate"":0.0001}","{""detection_events"":851,""detectors_checked"":2027648}"
      9052,         0,         0,   0.120,exact_mw,70a969f5042aec17ac076c6379f4170fb7c69b8e925756ef3b7334e28a33338b,"{""distance"":5,""physical_error_rate"":0.0001}","{""detection_events"":971,""detectors_checked"":2027648}"
      9052,         0,         0,   0.144,exact_mw,70a969f5042aec17ac076c6379f4170fb7c69b8e925756ef3b7334e28a33338b,"{""distance"":5,""physical_error_rate"":0.0001}","{""detection_events"":963,""detectors_checked"":2027648}"
      9052,         0,         0,   0.143,exact_mw,70a969f5042aec17ac076c6379f4170fb7c69b8e925756ef3b7334e28a33338b,"{""distance"":5,""physical_error_rate"":0.0001}","{""detection_events"":842,""detectors_checked"":2027648}"
     95232,         0,         0,    2.09,exact_mw,cb12ae119b9b2ba18d0216e7235b403229e92fd0743ede48fe7f1a2c6f45d594,"{""distance"":5,""physical_error_rate"":0.0005}","{""detection_events"":46488,""detectors_checked"":21331968}"
      9052,         0,         0,   0.124,exact_mw,70a969f5042aec17ac076c6379f4170fb7c69b8e925756ef3b7334e28a33338b,"{""distance"":5,""physical_error_rate"":0.0001}","{""detection_events"":944,""detectors_checked"":2027648}"
      9052,         0,         0,   0.145,exact_mw,70a969f5042aec17ac076c6379f4170fb7c69b8e925756ef3b7334e28a33338b,"{""distance"":5,""physical_error_rate"":0.0001}","{""detection_events"":861,""detectors_checked"":2027648}"
      9052,         0,         0,   0.142,exact_mw,70a969f5042aec17ac076c6379f4170fb7c69b8e925756ef3b7334e28a33338b,"{""distance"":5,""physical_error_rate"":0.0001}","{""detection_events"":813,""detectors_checked"":2027648}"
      9052,         0,         0,   0.139,exact_mw,70a969f5042aec17ac076c6379f4170fb7c69b8e925756ef3b7334e28a33338b,"{""distance"":5,""physical_error_rate"":0.0001}","{""detection_events"":1000,""detectors_checked"":2027648}"
      9052,         0,         0,   0.153,exact_mw,70a969f5042aec17ac076c6379f4170fb7c69b8e925756ef3b7334e28a33338b,"{""distance"":5,""physical_error_rate"":0.0001}","{""detection_events"":875,""detectors_checked"":2027648}"
      9052,         0,         0,   0.150,exact_mw,70a969f5042aec17ac076c6379f4170fb7c69b8e925756ef3b7334e28a33338b,"{""distance"":5,""physical_error_rate"":0.0001}","{""detection_events"":974,""detectors_checked"":2027648}"
      9052,         0,         0,   0.146,exact_mw,70a969f5042aec17ac076c6379f4170fb7c69b8e925756ef3b7334e28a33338b,"{""distance"":5,""physical_error_rate"":0.0001}","{""detection_events"":1004,""detectors_checked"":2027648}"
      9052,         0,         0,   0.160,exact_mw,70a969f5042aec17ac076c6379f4170fb7c69b8e925756ef3b7334e28a33338b,"{""distance"":5,""physical_error_rate"":0.0001}","{""detection_events"":902,""detectors_checked"":2027648}"
      9052,         0,         0,   0.146,exact_mw,70a969f5042aec17ac076c6379f4170fb7c69b8e925756ef3b7334e28a33338b,"{""distance"":5,""physical_error_rate"":0.0001}","{""detection_events"":825,""detectors_checked"":2027648}"
      8028,         0,         0,   0.139,exact_mw,70a969f5042aec17ac076c6379f4170fb7c69b8e925756ef3b7334e28a33338b,"{""distance"":5,""physical_error_rate"":0.0001}","{""detection_events"":811,""detectors_checked"":1798272}"
      9052,         0,         0,   0.158,exact_mw,70a969f5042aec17ac076c6379f4170fb7c69b8e925756ef3b7334e28a33338b,"{""distance"":5,""physical_error_rate"":0.0001}","{""detection_events"":867,""detectors_checked"":2027648}"
      9052,         0,         0,   0.151,exact_mw,70a969f5042aec17ac076c6379f4170fb7c69b8e925756ef3b7334e28a33338b,"{""distance"":5,""physical_error_rate"":0.0001}","{""detection_events"":879,""detectors_checked"":2027648}"
      9052,         0,         0,   0.149,exact_mw,70a969f5042aec17ac076c6379f4170fb7c69b8e925756ef3b7334e28a33338b,"{""distance"":5,""physical_error_rate"":0.0001}","{""detection_events"":831,""detectors_checked"":2027648}"
      9052,         0,         0,   0.166,exact_mw,70a969f5042aec17ac076c6379f4170fb7c69b8e925756ef3b7334e28a33338b,"{""distance"":5,""physical_error_rate"":0.0001}","{""detection_events"":867,""detectors_checked"":2027648}"
      9052,         0,         0,   0.143,exact_mw,70a969f5042aec17ac076c6379f4170fb7c69b8e925756ef3b7334e28a33338b,"{""distance"":5,""physical_error_rate"":0.0001}","{""detection_events"":959,""detectors_checked"":2027648}"
      9052,         0,         0,   0.164,exact_mw,70a969f5042aec17ac076c6379f4170fb7c69b8e925756ef3b7334e28a33338b,"{""distance"":5,""physical_error_rate"":0.0001}","{""detection_events"":940,""detectors_checked"":2027648}"
      9052,         0,         0,   0.171,exact_mw,70a969f5042aec17ac076c6379f4170fb7c69b8e925756ef3b7334e28a33338b,"{""distance"":5,""physical_error_rate"":0.0001}","{""detection_events"":823,""detectors_checked"":2027648}"
      9052,         0,         0,   0.159,exact_mw,70a969f5042aec17ac076c6379f4170fb7c69b8e925756ef3b7334e28a33338b,"{""distance"":5,""physical_error_rate"":0.0001}","{""detection_events"":820,""detectors_checked"":2027648}"
      9052,         0,         0,   0.156,exact_mw,70a969f5042aec17ac076c6379f4170fb7c69b8e925756ef3b7334e28a33338b,"{""distance"":5,""physical_error_rate"":0.0001}","{""detection_events"":809,""detectors_checked"":2027648}"
      9052,         0,         0,   0.169,exact_mw,70a969f5042aec17ac076c6379f4170fb7c69b8e925756ef3b7334e28a33338b,"{""distance"":5,""physical_error_rate"":0.0001}","{""detection_events"":922,""detectors_checked"":2027648}"
      8028,         0,         0,   0.159,exact_mw,70a969f5042aec17ac076c6379f4170fb7c69b8e925756ef3b7334e28a33338b,"{""distance"":5,""physical_error_rate"":0.0001}","{""detection_events"":831,""detectors_checked"":1798272}"
      9005,         0,         0,   0.152,exact_mw,70a969f5042aec17ac076c6379f4170fb7c69b8e925756ef3b7334e28a33338b,"{""distance"":5,""physical_error_rate"":0.0001}","{""detection_events"":890,""detectors_checked"":2017120}"
      9052,         0,         0,   0.171,exact_mw,70a969f5042aec17ac076c6379f4170fb7c69b8e925756ef3b7334e28a33338b,"{""distance"":5,""physical_error_rate"":0.0001}","{""detection_events"":873,""detectors_checked"":2027648}"
      9052,         0,         0,   0.176,exact_mw,70a969f5042aec17ac076c6379f4170fb7c69b8e925756ef3b7334e28a33338b,"{""distance"":5,""physical_error_rate"":0.0001}","{""detection_events"":838,""detectors_checked"":2027648}"
      9052,         0,         0,   0.161,exact_mw,70a969f5042aec17ac076c6379f4170fb7c69b8e925756ef3b7334e28a33338b,"{""distance"":5,""physical_error_rate"":0.0001}","{""detection_events"":838,""detectors_checked"":2027648}"
      9052,         0,         0,   0.170,exact_mw,70a969f5042aec17ac076c6379f4170fb7c69b8e925756ef3b7334e28a33338b,"{""distance"":5,""physical_error_rate"":0.0001}","{""detection_events"":913,""detectors_checked"":2027648}"
      9052,         0,         0,   0.167,exact_mw,70a969f5042aec17ac076c6379f4170fb7c69b8e925756ef3b7334e28a33338b,"{""distance"":5,""physical_error_rate"":0.0001}","{""detection_events"":882,""detectors_checked"":2027648}"
      9052,         0,         0,   0.160,exact_mw,70a969f5042aec17ac076c6379f4170fb7c69b8e925756ef3b7334e28a33338b,"{""distance"":5,""physical_error_rate"":0.0001}","{""detection_events"":956,""detectors_checked"":2027648}"
      9216,         0,         0,   0.151,exact_mw,cb12ae119b9b2ba18d0216e7235b403229e92fd0743ede48fe7f1a2c6f45d594,"{""distance"":5,""physical_error_rate"":0.0005}","{""detection_events"":4492,""detectors_checked"":2064384}"
   2961408,         0,         0,    82.3,exact_mw,cb12ae119b9b2ba18d0216e7235b403229e92fd0743ede48fe7f1a2c6f45d594,"{""distance"":5,""physical_error_rate"":0.0005}","{""detection_events"":1457060,""detectors_checked"":663355392}"
   3459072,         2,         0,    77.0,exact_mw,cb12ae119b9b2ba18d0216e7235b403229e92fd0743ede48fe7f1a2c6f45d594,"{""distance"":5,""physical_error_rate"":0.0005}","{""detection_events"":1703094,""detectors_checked"":774832128,""obs_mistake_mask=E"":2}"
   2095104,         1,         0,    29.1,exact_mw,cb12ae119b9b2ba18d0216e7235b403229e92fd0743ede48fe7f1a2c6f45d594,"{""distance"":5,""physical_error_rate"":0.0005}","{""detection_events"":1030314,""detectors_checked"":469303296,""obs_mistake_mask=E"":1}"
   3979264,         1,         0,   103.2,exact_mw,cb12ae119b9b2ba18d0216e7235b403229e92fd0743ede48fe7f1a2c6f45d594,"{""distance"":5,""physical_error_rate"":0.0005}","{""detection_events"":1954924,""detectors_checked"":891355136,""obs_mistake_mask=E"":1}"
   4208640,         2,         0,    83.6,exact_mw,cb12ae119b9b2ba18d0216e7235b403229e92fd0743ede48fe7f1a2c6f45d594,"{""distance"":5,""physical_error_rate"":0.0005}","{""detection_events"":2067888,""detectors_checked"":942735360,""obs_mistake_mask=E"":2}"
   2495488,         0,         0,    70.3,exact_mw,cb12ae119b9b2ba18d0216e7235b403229e92fd0743ede48fe7f1a2c6f45d594,"{""distance"":5,""physical_error_rate"":0.0005}","{""detection_events"":1224073,""detectors_checked"":558989312}"
   3256320,         1,         0,    45.1,exact_mw,cb12ae119b9b2ba18d0216e7235b403229e92fd0743ede48fe7f1a2c6f45d594,"{""distance"":5,""physical_error_rate"":0.0005}","{""detection_events"":1602978,""detectors_checked"":729415680,""obs_mistake_mask=E"":1}"
    229376,         0,         0,    2.22,exact_mw,cb12ae119b9b2ba18d0216e7235b403229e92fd0743ede48fe7f1a2c6f45d594,"{""distance"":5,""physical_error_rate"":0.0005}","{""detection_events"":112129,""detectors_checked"":51380224}"
   2503680,         0,         0,    63.8,exact_mw,cb12ae119b9b2ba18d0216e7235b403229e92fd0743ede48fe7f1a2c6f45d594,"{""distance"":5,""physical_error_rate"":0.0005}","{""detection_events"":1230291,""detectors_checked"":560824320}"
   2185216,         1,         0,    78.8,exact_mw,cb12ae119b9b2ba18d0216e7235b403229e92fd0743ede48fe7f1a2c6f45d594,"{""distance"":5,""physical_error_rate"":0.0005}","{""detection_events"":1075981,""detectors_checked"":489488384,""obs_mistake_mask=E"":1}"
   3475456,         4,         0,    50.1,exact_mw,cb12ae119b9b2ba18d0216e7235b403229e92fd0743ede48fe7f1a2c6f45d594,"{""distance"":5,""physical_error_rate"":0.0005}","{""detection_events"":1711737,""detectors_checked"":778502144,""obs_mistake_mask=E"":4}"
   2582528,         1,         0,    82.7,exact_mw,cb12ae119b9b2ba18d0216e7235b403229e92fd0743ede48fe7f1a2c6f45d594,"{""distance"":5,""physical_error_rate"":0.0005}","{""detection_events"":1269179,""detectors_checked"":578486272,""obs_mistake_mask=E"":1}"
    277504,         0,         0,    1.54,exact_mw,cb12ae119b9b2ba18d0216e7235b403229e92fd0743ede48fe7f1a2c6f45d594,"{""distance"":5,""physical_error_rate"":0.0005}","{""detection_events"":137716,""detectors_checked"":62160896}"
    683008,         0,         0,    11.6,exact_mw,cb12ae119b9b2ba18d0216e7235b403229e92fd0743ede48fe7f1a2c6f45d594,"{""distance"":5,""physical_error_rate"":0.0005}","{""detection_events"":337448,""detectors_checked"":152993792}"
   2342912,         3,         0,    82.1,exact_mw,cb12ae119b9b2ba18d0216e7235b403229e92fd0743ede48fe7f1a2c6f45d594,"{""distance"":5,""physical_error_rate"":0.0005}","{""detection_events"":1154740,""detectors_checked"":524812288,""obs_mistake_mask=E"":3}"
     43008,         0,         0,   0.553,exact_mw,cb12ae119b9b2ba18d0216e7235b403229e92fd0743ede48fe7f1a2c6f45d594,"{""distance"":5,""physical_error_rate"":0.0005}","{""detection_events"":21436,""detectors_checked"":9633792}"
    138240,         0,         0,    1.55,exact_mw,cb12ae119b9b2ba18d0216e7235b403229e92fd0743ede48fe7f1a2c6f45d594,"{""distance"":5,""physical_error_rate"":0.0005}","{""detection_events"":68102,""detectors_checked"":30965760}"
     61440,         0,         0,   0.557,exact_mw,cb12ae119b9b2ba18d0216e7235b403229e92fd0743ede48fe7f1a2c6f45d594,"{""distance"":5,""physical_error_rate"":0.0005}","{""detection_events"":30521,""detectors_checked"":13762560}"
    180224,         0,         0,    1.52,exact_mw,cb12ae119b9b2ba18d0216e7235b403229e92fd0743ede48fe7f1a2c6f45d594,"{""distance"":5,""physical_error_rate"":0.0005}","{""detection_events"":88235,""detectors_checked"":40370176}"
     10240,         0,         0,   0.213,exact_mw,cb12ae119b9b2ba18d0216e7235b403229e92fd0743ede48fe7f1a2c6f45d594,"{""distance"":5,""physical_error_rate"":0.0005}","{""detection_events"":5180,""detectors_checked"":2293760}"
    141312,         0,         0,    1.56,exact_mw,cb12ae119b9b2ba18d0216e7235b403229e92fd0743ede48fe7f1a2c6f45d594,"{""distance"":5,""physical_error_rate"":0.0005}","{""detection_events"":69704,""detectors_checked"":31653888}"
    153600,         0,         0,    1.11,exact_mw,cb12ae119b9b2ba18d0216e7235b403229e92fd0743ede48fe7f1a2c6f45d594,"{""distance"":5,""physical_error_rate"":0.0005}","{""detection_events"":75340,""detectors_checked"":34406400}"
     52224,         0,         0,    1.58,exact_mw,cb12ae119b9b2ba18d0216e7235b403229e92fd0743ede48fe7f1a2c6f45d594,"{""distance"":5,""physical_error_rate"":0.0005}","{""detection_events"":25721,""detectors_checked"":11698176}"
     17408,         0,         0,   0.302,exact_mw,cb12ae119b9b2ba18d0216e7235b403229e92fd0743ede48fe7f1a2c6f45d594,"{""distance"":5,""physical_error_rate"":0.0005}","{""detection_events"":8686,""detectors_checked"":3899392}"
    182272,         0,         0,    1.53,exact_mw,cb12ae119b9b2ba18d0216e7235b403229e92fd0743ede48fe7f1a2c6f45d594,"{""distance"":5,""physical_error_rate"":0.0005}","{""detection_events"":89548,""detectors_checked"":40828928}"
    110592,         0,         0,    1.54,exact_mw,cb12ae119b9b2ba18d0216e7235b403229e92fd0743ede48fe7f1a2c6f45d594,"{""distance"":5,""physical_error_rate"":0.0005}","{""detection_events"":54823,""detectors_checked"":24772608}"
     74752,         1,         0,    1.55,exact_mw,cb12ae119b9b2ba18d0216e7235b403229e92fd0743ede48fe7f1a2c6f45d594,"{""distance"":5,""physical_error_rate"":0.0005}","{""detection_events"":36467,""detectors_checked"":16744448,""obs_mistake_mask=E"":1}"
    137216,         0,         0,    1.55,exact_mw,cb12ae119b9b2ba18d0216e7235b403229e92fd0743ede48fe7f1a2c6f45d594,"{""distance"":5,""physical_error_rate"":0.0005}","{""detection_events"":68018,""detectors_checked"":30736384}"
     64512,         0,         0,   0.766,exact_mw,cb12ae119b9b2ba18d0216e7235b403229e92fd0743ede48fe7f1a2c6f45d594,"{""distance"":5,""physical_error_rate"":0.0005}","{""detection_events"":31647,""detectors_checked"":14450688}"
     20480,         0,         0,   0.422,exact_mw,cb12ae119b9b2ba18d0216e7235b403229e92fd0743ede48fe7f1a2c6f45d594,"{""distance"":5,""physical_error_rate"":0.0005}","{""detection_events"":10200,""detectors_checked"":4587520}"
     38912,         0,         0,   0.836,exact_mw,cb12ae119b9b2ba18d0216e7235b403229e92fd0743ede48fe7f1a2c6f45d594,"{""distance"":5,""physical_error_rate"":0.0005}","{""detection_events"":19577,""detectors_checked"":8716288}"
     51200,         1,         0,    1.11,exact_mw,cb12ae119b9b2ba18d0216e7235b403229e92fd0743ede48fe7f1a2c6f45d594,"{""distance"":5,""physical_error_rate"":0.0005}","{""detection_events"":25917,""detectors_checked"":11468800,""obs_mistake_mask=E"":1}"
     87040,         0,         0,    1.53,exact_mw,cb12ae119b9b2ba18d0216e7235b403229e92fd0743ede48fe7f1a2c6f45d594,"{""distance"":5,""physical_error_rate"":0.0005}","{""detection_events"":42946,""detectors_checked"":19496960}"
    103424,         0,         0,    1.53,exact_mw,cb12ae119b9b2ba18d0216e7235b403229e92fd0743ede48fe7f1a2c6f45d594,"{""distance"":5,""physical_error_rate"":0.0005}","{""detection_events"":50644,""detectors_checked"":23166976}"
    126976,         0,         0,    2.14,exact_mw,cb12ae119b9b2ba18d0216e7235b403229e92fd0743ede48fe7f1a2c6f45d594,"{""distance"":5,""physical_error_rate"":0.0005}","{""detection_events"":62429,""detectors_checked"":28442624}"
     29696,         0,         0,   0.573,exact_mw,cb12ae119b9b2ba18d0216e7235b403229e92fd0743ede48fe7f1a2c6f45d594,"{""distance"":5,""physical_error_rate"":0.0005}","{""detection_events"":14562,""detectors_checked"":6651904}"
    175104,         0,         0,    2.19,exact_mw,cb12ae119b9b2ba18d0216e7235b403229e92fd0743ede48fe7f1a2c6f45d594,"{""distance"":5,""physical_error_rate"":0.0005}","{""detection_events"":86564,""detectors_checked"":39223296}"
    205824,         0,         0,    2.15,exact_mw,cb12ae119b9b2ba18d0216e7235b403229e92fd0743ede48fe7f1a2c6f45d594,"{""distance"":5,""physical_error_rate"":0.0005}","{""detection_events"":101748,""detectors_checked"":46104576}"
    143360,         0,         0,    2.13,exact_mw,cb12ae119b9b2ba18d0216e7235b403229e92fd0743ede48fe7f1a2c6f45d594,"{""distance"":5,""physical_error_rate"":0.0005}","{""detection_events"":69890,""detectors_checked"":32112640}"
     67584,         0,         0,    1.57,exact_mw,cb12ae119b9b2ba18d0216e7235b403229e92fd0743ede48fe7f1a2c6f45d594,"{""distance"":5,""physical_error_rate"":0.0005}","{""detection_events"":33346,""detectors_checked"":15138816}"
     86016,         0,         0,    1.13,exact_mw,cb12ae119b9b2ba18d0216e7235b403229e92fd0743ede48fe7f1a2c6f45d594,"{""distance"":5,""physical_error_rate"":0.0005}","{""detection_events"":41617,""detectors_checked"":19267584}"
     51200,         0,         0,    1.11,exact_mw,cb12ae119b9b2ba18d0216e7235b403229e92fd0743ede48fe7f1a2c6f45d594,"{""distance"":5,""physical_error_rate"":0.0005}","{""detection_events"":25450,""detectors_checked"":11468800}"
    140288,         0,         0,    2.15,exact_mw,cb12ae119b9b2ba18d0216e7235b403229e92fd0743ede48fe7f1a2c6f45d594,"{""distance"":5,""physical_error_rate"":0.0005}","{""detection_events"":69365,""detectors_checked"":31424512}"
    113664,         0,         0,    2.13,exact_mw,cb12ae119b9b2ba18d0216e7235b403229e92fd0743ede48fe7f1a2c6f45d594,"{""distance"":5,""physical_error_rate"":0.0005}","{""detection_events"":56029,""detectors_checked"":25460736}"
     41984,         0,         0,   0.798,exact_mw,cb12ae119b9b2ba18d0216e7235b403229e92fd0743ede48fe7f1a2c6f45d594,"{""distance"":5,""physical_error_rate"":0.0005}","{""detection_events"":20780,""detectors_checked"":9404416}"
    146432,         0,         0,    2.16,exact_mw,cb12ae119b9b2ba18d0216e7235b403229e92fd0743ede48fe7f1a2c6f45d594,"{""distance"":5,""physical_error_rate"":0.0005}","{""detection_events"":71774,""detectors_checked"":32800768}"
    113664,         0,         0,    2.17,exact_mw,cb12ae119b9b2ba18d0216e7235b403229e92fd0743ede48fe7f1a2c6f45d594,"{""distance"":5,""physical_error_rate"":0.0005}","{""detection_events"":55917,""detectors_checked"":25460736}"
     83968,         0,         0,    1.53,exact_mw,cb12ae119b9b2ba18d0216e7235b403229e92fd0743ede48fe7f1a2c6f45d594,"{""distance"":5,""physical_error_rate"":0.0005}","{""detection_events"":40712,""detectors_checked"":18808832}"
     56320,         0,         0,    2.18,exact_mw,cb12ae119b9b2ba18d0216e7235b403229e92fd0743ede48fe7f1a2c6f45d594,"{""distance"":5,""physical_error_rate"":0.0005}","{""detection_events"":27584,""detectors_checked"":12615680}"
        17,         0,         0,   0.019,exact_mw,cb12ae119b9b2ba18d0216e7235b403229e92fd0743ede48fe7f1a2c6f45d594,"{""distance"":5,""physical_error_rate"":0.0005}","{""detection_events"":14,""detectors_checked"":3808}"
      3328,         0,         0,   0.029,exact_mw,cb12ae119b9b2ba18d0216e7235b403229e92fd0743ede48fe7f1a2c6f45d594,"{""distance"":5,""physical_error_rate"":0.0005}","{""detection_events"":1605,""detectors_checked"":745472}"
      2048,         0,         0,   0.027,exact_mw,cb12ae119b9b2ba18d0216e7235b403229e92fd0743ede48fe7f1a2c6f45d594,"{""distance"":5,""physical_error_rate"":0.0005}","{""detection_events"":1093,""detectors_checked"":458752}"
      3072,         0,         0,   0.029,exact_mw,cb12ae119b9b2ba18d0216e7235b403229e92fd0743ede48fe7f1a2c6f45d594,"{""distance"":5,""physical_error_rate"":0.0005}","{""detection_events"":1467,""detectors_checked"":688128}"
     99328,         0,         0,    2.16,exact_mw,cb12ae119b9b2ba18d0216e7235b403229e92fd0743ede48fe7f1a2c6f45d594,"{""distance"":5,""physical_error_rate"":0.0005}","{""detection_events"":49363,""detectors_checked"":22249472}"
    108544,         0,         0,    2.13,exact_mw,cb12ae119b9b2ba18d0216e7235b403229e92fd0743ede48fe7f1a2c6f45d594,"{""distance"":5,""physical_error_rate"":0.0005}","{""detection_events"":53832,""detectors_checked"":24313856}"
      5120,         0,         0,   0.052,exact_mw,cb12ae119b9b2ba18d0216e7235b403229e92fd0743ede48fe7f1a2c6f45d594,"{""distance"":5,""physical_error_rate"":0.0005}","{""detection_events"":2590,""detectors_checked"":1146880}"
      1297,         0,         0,   0.025,exact_mw,cb12ae119b9b2ba18d0216e7235b403229e92fd0743ede48fe7f1a2c6f45d594,"{""distance"":5,""physical_error_rate"":0.0005}","{""detection_events"":632,""detectors_checked"":290528}"
         1,         0,         0,   0.000,exact_mw,cb12ae119b9b2ba18d0216e7235b403229e92fd0743ede48fe7f1a2c6f45d594,"{""distance"":5,""physical_error_rate"":0.0005}","{""detectors_checked"":224}"
      1024,         0,         0,   0.025,exact_mw,cb12ae119b9b2ba18d0216e7235b403229e92fd0743ede48fe7f1a2c6f45d594,"{""distance"":5,""physical_error_rate"":0.0005}","{""detection_events"":507,""detectors_checked"":229376}"
      4368,         0,         0,   0.015,exact_mw,cb12ae119b9b2ba18d0216e7235b403229e92fd0743ede48fe7f1a2c6f45d594,"{""distance"":5,""physical_error_rate"":0.0005}","{""detection_events"":2068,""detectors_checked"":978432}"
      5120,         0,         0,   0.056,exact_mw,cb12ae119b9b2ba18d0216e7235b403229e92fd0743ede48fe7f1a2c6f45d594,"{""distance"":5,""physical_error_rate"":0.0005}","{""detection_events"":2546,""detectors_checked"":1146880}"
      3072,         0,         0,   0.030,exact_mw,cb12ae119b9b2ba18d0216e7235b403229e92fd0743ede48fe7f1a2c6f45d594,"{""distance"":5,""physical_error_rate"":0.0005}","{""detection_events"":1533,""detectors_checked"":688128}"
         1,         0,         0,   0.000,exact_mw,cb12ae119b9b2ba18d0216e7235b403229e92fd0743ede48fe7f1a2c6f45d594,"{""distance"":5,""physical_error_rate"":0.0005}","{""detectors_checked"":224}"
      2048,         0,         0,   0.021,exact_mw,cb12ae119b9b2ba18d0216e7235b403229e92fd0743ede48fe7f1a2c6f45d594,"{""distance"":5,""physical_error_rate"":0.0005}","{""detection_events"":1049,""detectors_checked"":458752}"
      1296,         0,         0,   0.022,exact_mw,cb12ae119b9b2ba18d0216e7235b403229e92fd0743ede48fe7f1a2c6f45d594,"{""distance"":5,""physical_error_rate"":0.0005}","{""detection_events"":678,""detectors_checked"":290304}"
      4096,         0,         0,   0.029,exact_mw,cb12ae119b9b2ba18d0216e7235b403229e92fd0743ede48fe7f1a2c6f45d594,"{""distance"":5,""physical_error_rate"":0.0005}","{""detection_events"":2006,""detectors_checked"":917504}"
      5120,         0,         0,   0.050,exact_mw,cb12ae119b9b2ba18d0216e7235b403229e92fd0743ede48fe7f1a2c6f45d594,"{""distance"":5,""physical_error_rate"":0.0005}","{""detection_events"":2543,""detectors_checked"":1146880}"
      6144,         0,         0,   0.076,exact_mw,cb12ae119b9b2ba18d0216e7235b403229e92fd0743ede48fe7f1a2c6f45d594,"{""distance"":5,""physical_error_rate"":0.0005}","{""detection_events"":3036,""detectors_checked"":1376256}"
      2048,         0,         0,   0.028,exact_mw,cb12ae119b9b2ba18d0216e7235b403229e92fd0743ede48fe7f1a2c6f45d594,"{""distance"":5,""physical_error_rate"":0.0005}","{""detection_events"":992,""detectors_checked"":458752}"
      5120,         0,         0,   0.038,exact_mw,cb12ae119b9b2ba18d0216e7235b403229e92fd0743ede48fe7f1a2c6f45d594,"{""distance"":5,""physical_error_rate"":0.0005}","{""detection_events"":2366,""detectors_checked"":1146880}"
      7168,         0,         0,   0.051,exact_mw,cb12ae119b9b2ba18d0216e7235b403229e92fd0743ede48fe7f1a2c6f45d594,"{""distance"":5,""physical_error_rate"":0.0005}","{""detection_events"":3592,""detectors_checked"":1605632}"
      5120,         0,         0,   0.050,exact_mw,cb12ae119b9b2ba18d0216e7235b403229e92fd0743ede48fe7f1a2c6f45d594,"{""distance"":5,""physical_error_rate"":0.0005}","{""detection_events"":2468,""detectors_checked"":1146880}"
     72704,         0,         0,    2.15,exact_mw,cb12ae119b9b2ba18d0216e7235b403229e92fd0743ede48fe7f1a2c6f45d594,"{""distance"":5,""physical_error_rate"":0.0005}","{""detection_events"":36146,""detectors_checked"":16285696}"
    144384,         0,         0,    3.06,exact_mw,cb12ae119b9b2ba18d0216e7235b403229e92fd0743ede48fe7f1a2c6f45d594,"{""distance"":5,""physical_error_rate"":0.0005}","{""detection_events"":70351,""detectors_checked"":32342016}"
      6144,         0,         0,   0.057,exact_mw,cb12ae119b9b2ba18d0216e7235b403229e92fd0743ede48fe7f1a2c6f45d594,"{""distance"":5,""physical_error_rate"":0.0005}","{""detection_events"":2869,""detectors_checked"":1376256}"
      9216,         0,         0,   0.058,exact_mw,cb12ae119b9b2ba18d0216e7235b403229e92fd0743ede48fe7f1a2c6f45d594,"{""distance"":5,""physical_error_rate"":0.0005}","{""detection_events"":4542,""detectors_checked"":2064384}"
     10240,         0,         0,   0.107,exact_mw,cb12ae119b9b2ba18d0216e7235b403229e92fd0743ede48fe7f1a2c6f45d594,"{""distance"":5,""physical_error_rate"":0.0005}","{""detection_events"":5004,""detectors_checked"":2293760}"
      5120,         0,         0,   0.048,exact_mw,cb12ae119b9b2ba18d0216e7235b403229e92fd0743ede48fe7f1a2c6f45d594,"{""distance"":5,""physical_error_rate"":0.0005}","{""detection_events"":2400,""detectors_checked"":1146880}"
    116736,         0,         0,    2.20,exact_mw,cb12ae119b9b2ba18d0216e7235b403229e92fd0743ede48fe7f1a2c6f45d594,"{""distance"":5,""physical_error_rate"":0.0005}","{""detection_events"":57100,""detectors_checked"":26148864}"
      4096,         0,         0,   0.054,exact_mw,cb12ae119b9b2ba18d0216e7235b403229e92fd0743ede48fe7f1a2c6f45d594,"{""distance"":5,""physical_error_rate"":0.0005}","{""detection_events"":2015,""detectors_checked"":917504}"
      9216,         0,         0,   0.069,exact_mw,cb12ae119b9b2ba18d0216e7235b403229e92fd0743ede48fe7f1a2c6f45d594,"{""distance"":5,""physical_error_rate"":0.0005}","{""detection_events"":4317,""detectors_checked"":2064384}"
     93184,         0,         0,    3.04,exact_mw,cb12ae119b9b2ba18d0216e7235b403229e92fd0743ede48fe7f1a2c6f45d594,"{""distance"":5,""physical_error_rate"":0.0005}","{""detection_events"":45615,""detectors_checked"":20873216}"
      8192,         0,         0,   0.080,exact_mw,cb12ae119b9b2ba18d0216e7235b403229e92fd0743ede48fe7f1a2c6f45d594,"{""distance"":5,""physical_error_rate"":0.0005}","{""detection_events"":4094,""detectors_checked"":1835008}"
      7168,         0,         0,   0.082,exact_mw,cb12ae119b9b2ba18d0216e7235b403229e92fd0743ede48fe7f1a2c6f45d594,"{""distance"":5,""physical_error_rate"":0.0005}","{""detection_events"":3648,""detectors_checked"":1605632}"
     15360,         0,         0,   0.162,exact_mw,cb12ae119b9b2ba18d0216e7235b403229e92fd0743ede48fe7f1a2c6f45d594,"{""distance"":5,""physical_error_rate"":0.0005}","{""detection_events"":7452,""detectors_checked"":3440640}"
      9216,         0,         0,   0.115,exact_mw,cb12ae119b9b2ba18d0216e7235b403229e92fd0743ede48fe7f1a2c6f45d594,"{""distance"":5,""physical_error_rate"":0.0005}","{""detection_events"":4605,""detectors_checked"":2064384}"
     10240,         0,         0,   0.115,exact_mw,cb12ae119b9b2ba18d0216e7235b403229e92fd0743ede48fe7f1a2c6f45d594,"{""distance"":5,""physical_error_rate"":0.0005}","{""detection_events"":4891,""detectors_checked"":2293760}"
     12288,         0,         0,   0.118,exact_mw,cb12ae119b9b2ba18d0216e7235b403229e92fd0743ede48fe7f1a2c6f45d594,"{""distance"":5,""physical_error_rate"":0.0005}","{""detection_events"":5956,""detectors_checked"":2752512}"
         1,         0,         0,   0.000,exact_mw,cb12ae119b9b2ba18d0216e7235b403229e92fd0743ede48fe7f1a2c6f45d594,"{""distance"":5,""physical_error_rate"":0.0005}","{""detectors_checked"":224}"
    115712,         0,         0,    2.14,exact_mw,cb12ae119b9b2ba18d0216e7235b403229e92fd0743ede48fe7f1a2c6f45d594,"{""distance"":5,""physical_error_rate"":0.0005}","{""detection_events"":57380,""detectors_checked"":25919488}"
      2320,         0,         0,   0.023,exact_mw,cb12ae119b9b2ba18d0216e7235b403229e92fd0743ede48fe7f1a2c6f45d594,"{""distance"":5,""physical_error_rate"":0.0005}","{""detection_events"":1173,""detectors_checked"":519680}"
      8192,         0,         0,   0.159,exact_mw,cb12ae119b9b2ba18d0216e7235b403229e92fd0743ede48fe7f1a2c6f45d594,"{""distance"":5,""physical_error_rate"":0.0005}","{""detection_events"":4119,""detectors_checked"":1835008}"
      2048,         0,         0,   0.023,exact_mw,cb12ae119b9b2ba18d0216e7235b403229e92fd0743ede48fe7f1a2c6f45d594,"{""distance"":5,""physical_error_rate"":0.0005}","{""detection_events"":958,""detectors_checked"":458752}"
     15360,         0,         0,   0.160,exact_mw,cb12ae119b9b2ba18d0216e7235b403229e92fd0743ede48fe7f1a2c6f45d594,"{""distance"":5,""physical_error_rate"":0.0005}","{""detection_events"":7591,""detectors_checked"":3440640}"
      1297,         0,         0,   0.023,exact_mw,cb12ae119b9b2ba18d0216e7235b403229e92fd0743ede48fe7f1a2c6f45d594,"{""distance"":5,""physical_error_rate"":0.0005}","{""detection_events"":613,""detectors_checked"":290528}"
     21504,         0,         0,   0.209,exact_mw,cb12ae119b9b2ba18d0216e7235b403229e92fd0743ede48fe7f1a2c6f45d594,"{""distance"":5,""physical_error_rate"":0.0005}","{""detection_events"":10408,""detectors_checked"":4816896}"
      3072,         0,         0,   0.032,exact_mw,cb12ae119b9b2ba18d0216e7235b403229e92fd0743ede48fe7f1a2c6f45d594,"{""distance"":5,""physical_error_rate"":0.0005}","{""detection_events"":1600,""detectors_checked"":688128}"
    143360,         0,         0,    2.17,exact_mw,cb12ae119b9b2ba18d0216e7235b403229e92fd0743ede48fe7f1a2c6f45d594,"{""distance"":5,""physical_error_rate"":0.0005}","{""detection_events"":70546,""detectors_checked"":32112640}"
     50176,         0,         0,    1.11,exact_mw,cb12ae119b9b2ba18d0216e7235b403229e92fd0743ede48fe7f1a2c6f45d594,"{""distance"":5,""physical_error_rate"":0.0005}","{""detection_events"":25137,""detectors_checked"":11239424}"
      3072,         0,         0,   0.026,exact_mw,cb12ae119b9b2ba18d0216e7235b403229e92fd0743ede48fe7f1a2c6f45d594,"{""distance"":5,""physical_error_rate"":0.0005}","{""detection_events"":1410,""detectors_checked"":688128}"
      1024,         0,         0,   0.005,exact_mw,cb12ae119b9b2ba18d0216e7235b403229e92fd0743ede48fe7f1a2c6f45d594,"{""distance"":5,""physical_error_rate"":0.0005}","{""detection_events"":539,""detectors_checked"":229376}"
     13312,         0,         0,   0.151,exact_mw,cb12ae119b9b2ba18d0216e7235b403229e92fd0743ede48fe7f1a2c6f45d594,"{""distance"":5,""physical_error_rate"":0.0005}","{""detection_events"":6596,""detectors_checked"":2981888}"
      4096,         0,         0,   0.027,exact_mw,cb12ae119b9b2ba18d0216e7235b403229e92fd0743ede48fe7f1a2c6f45d594,"{""distance"":5,""physical_error_rate"":0.0005}","{""detection_events"":1977,""detectors_checked"":917504}"
      2048,         0,         0,   0.029,exact_mw,cb12ae119b9b2ba18d0216e7235b403229e92fd0743ede48fe7f1a2c6f45d594,"{""distance"":5,""physical_error_rate"":0.0005}","{""detection_events"":1029,""detectors_checked"":458752}"
      6144,         0,         0,   0.056,exact_mw,cb12ae119b9b2ba18d0216e7235b403229e92fd0743ede48fe7f1a2c6f45d594,"{""distance"":5,""physical_error_rate"":0.0005}","{""detection_events"":2955,""detectors_checked"":1376256}"
      2048,         0,         0,   0.051,exact_mw,cb12ae119b9b2ba18d0216e7235b403229e92fd0743ede48fe7f1a2c6f45d594,"{""distance"":5,""physical_error_rate"":0.0005}","{""detection_events"":923,""detectors_checked"":458752}"
      4096,         0,         0,   0.057,exact_mw,cb12ae119b9b2ba18d0216e7235b403229e92fd0743ede48fe7f1a2c6f45d594,"{""distance"":5,""physical_error_rate"":0.0005}","{""detection_events"":2086,""detectors_checked"":917504}"
      6144,         0,         0,   0.077,exact_mw,cb12ae119b9b2ba18d0216e7235b403229e92fd0743ede48fe7f1a2c6f45d594,"{""distance"":5,""physical_error_rate"":0.0005}","{""detection_events"":3172,""detectors_checked"":1376256}"
    136192,         0,         0,    1.56,exact_mw,cb12ae119b9b2ba18d0216e7235b403229e92fd0743ede48fe7f1a2c6f45d594,"{""distance"":5,""physical_error_rate"":0.0005}","{""detection_events"":67457,""detectors_checked"":30507008}"
      8192,         0,         0,   0.222,exact_mw,cb12ae119b9b2ba18d0216e7235b403229e92fd0743ede48fe7f1a2c6f45d594,"{""distance"":5,""physical_error_rate"":0.0005}","{""detection_events"":3925,""detectors_checked"":1835008}"
     18432,         0,         0,   0.222,exact_mw,cb12ae119b9b2ba18d0216e7235b403229e92fd0743ede48fe7f1a2c6f45d594,"{""distance"":5,""physical_error_rate"":0.0005}","{""detection_events"":9288,""detectors_checked"":4128768}"
   2018760,         2,         0,    78.6,exact_mw,cb12ae119b9b2ba18d0216e7235b403229e92fd0743ede48fe7f1a2c6f45d594,"{""distance"":5,""physical_error_rate"":0.0005}","{""detection_events"":990375,""detectors_checked"":452202240,""obs_mistake_mask=E"":2}"
     66560,         0,         0,    1.58,exact_mw,cb12ae119b9b2ba18d0216e7235b403229e92fd0743ede48fe7f1a2c6f45d594,"{""distance"":5,""physical_error_rate"":0.0005}","{""detection_events"":32931,""detectors_checked"":14909440}"
   1714176,         0,         0,    30.4,exact_mw,cb12ae119b9b2ba18d0216e7235b403229e92fd0743ede48fe7f1a2c6f45d594,"{""distance"":5,""physical_error_rate"":0.0005}","{""detection_events"":845547,""detectors_checked"":383975424}"
   1682432,         0,         0,    29.5,exact_mw,cb12ae119b9b2ba18d0216e7235b403229e92fd0743ede48fe7f1a2c6f45d594,"{""distance"":5,""physical_error_rate"":0.0005}","{""detection_events"":827503,""detectors_checked"":376864768}"
     19456,         0,         0,   0.210,exact_mw,cb12ae119b9b2ba18d0216e7235b403229e92fd0743ede48fe7f1a2c6f45d594,"{""distance"":5,""physical_error_rate"":0.0005}","{""detection_events"":9338,""detectors_checked"":4358144}"
      6144,         0,         0,   0.104,exact_mw,cb12ae119b9b2ba18d0216e7235b403229e92fd0743ede48fe7f1a2c6f45d594,"{""distance"":5,""physical_error_rate"":0.0005}","{""detection_events"":3191,""detectors_checked"":1376256}"
      6144,         0,         0,   0.097,exact_mw,cb12ae119b9b2ba18d0216e7235b403229e92fd0743ede48fe7f1a2c6f45d594,"{""distance"":5,""physical_error_rate"":0.0005}","{""detection_events"":3007,""detectors_checked"":1376256}"
     26624,         0,         0,   0.272,exact_mw,cb12ae119b9b2ba18d0216e7235b403229e92fd0743ede48fe7f1a2c6f45d594,"{""distance"":5,""physical_error_rate"":0.0005}","{""detection_events"":13405,""detectors_checked"":5963776}"
      6144,         0,         0,   0.124,exact_mw,cb12ae119b9b2ba18d0216e7235b403229e92fd0743ede48fe7f1a2c6f45d594,"{""distance"":5,""physical_error_rate"":0.0005}","{""detection_events"":3047,""detectors_checked"":1376256}"
      8192,         0,         0,   0.154,exact_mw,cb12ae119b9b2ba18d0216e7235b403229e92fd0743ede48fe7f1a2c6f45d594,"{""distance"":5,""physical_error_rate"":0.0005}","{""detection_events"":4004,""detectors_checked"":1835008}"
     17408,         0,         0,   0.285,exact_mw,cb12ae119b9b2ba18d0216e7235b403229e92fd0743ede48fe7f1a2c6f45d594,"{""distance"":5,""physical_error_rate"":0.0005}","{""detection_events"":8606,""detectors_checked"":3899392}"
      1297,         0,         0,   0.027,exact_mw,cb12ae119b9b2ba18d0216e7235b403229e92fd0743ede48fe7f1a2c6f45d594,"{""distance"":5,""physical_error_rate"":0.0005}","{""detection_events"":633,""detectors_checked"":290528}"
      1297,         0,         0,   0.027,exact_mw,cb12ae119b9b2ba18d0216e7235b403229e92fd0743ede48fe7f1a2c6f45d594,"{""distance"":5,""physical_error_rate"":0.0005}","{""detection_events"":610,""detectors_checked"":290528}"
      1024,         0,         0,   0.025,exact_mw,cb12ae119b9b2ba18d0216e7235b403229e92fd0743ede48fe7f1a2c6f45d594,"{""distance"":5,""physical_error_rate"":0.0005}","{""detection_events"":526,""detectors_checked"":229376}"
      2048,         0,         0,   0.027,exact_mw,cb12ae119b9b2ba18d0216e7235b403229e92fd0743ede48fe7f1a2c6f45d594,"{""distance"":5,""physical_error_rate"":0.0005}","{""detection_events"":1037,""detectors_checked"":458752}"
     10240,         0,         0,   0.354,exact_mw,cb12ae119b9b2ba18d0216e7235b403229e92fd0743ede48fe7f1a2c6f45d594,"{""distance"":5,""physical_error_rate"":0.0005}","{""detection_events"":4872,""detectors_checked"":2293760}"
      2321,         0,         0,   0.019,exact_mw,cb12ae119b9b2ba18d0216e7235b403229e92fd0743ede48fe7f1a2c6f45d594,"{""distance"":5,""physical_error_rate"":0.0005}","{""detection_events"":1203,""detectors_checked"":519904}"
      8192,         0,         0,   0.150,exact_mw,cb12ae119b9b2ba18d0216e7235b403229e92fd0743ede48fe7f1a2c6f45d594,"{""distance"":5,""physical_error_rate"":0.0005}","{""detection_events"":4244,""detectors_checked"":1835008}"
      1024,         0,         0,   0.024,exact_mw,cb12ae119b9b2ba18d0216e7235b403229e92fd0743ede48fe7f1a2c6f45d594,"{""distance"":5,""physical_error_rate"":0.0005}","{""detection_events"":523,""detectors_checked"":229376}"
      2048,         0,         0,   0.014,exact_mw,cb12ae119b9b2ba18d0216e7235b403229e92fd0743ede48fe7f1a2c6f45d594,"{""distance"":5,""physical_error_rate"":0.0005}","{""detection_events"":961,""detectors_checked"":458752}"
     16384,         0,         0,   0.275,exact_mw,cb12ae119b9b2ba18d0216e7235b403229e92fd0743ede48fe7f1a2c6f45d594,"{""distance"":5,""physical_error_rate"":0.0005}","{""detection_events"":8125,""detectors_checked"":3670016}"
      2048,         0,         0,   0.028,exact_mw,cb12ae119b9b2ba18d0216e7235b403229e92fd0743ede48fe7f1a2c6f45d594,"{""distance"":5,""physical_error_rate"":0.0005}","{""detection_events"":951,""detectors_checked"":458752}"
      2048,         0,         0,   0.021,exact_mw,cb12ae119b9b2ba18d0216e7235b403229e92fd0743ede48fe7f1a2c6f45d594,"{""distance"":5,""physical_error_rate"":0.0005}","{""detection_events"":1063,""detectors_checked"":458752}"
      2048,         0,         0,   0.027,exact_mw,cb12ae119b9b2ba18d0216e7235b403229e92fd0743ede48fe7f1a2c6f45d594,"{""distance"":5,""physical_error_rate"":0.0005}","{""detection_events"":968,""detectors_checked"":458752}"
      2048,         0,         0,   0.028,exact_mw,cb12ae119b9b2ba18d0216e7235b403229e92fd0743ede48fe7f1a2c6f45d594,"{""distance"":5,""physical_error_rate"":0.0005}","{""detection_events"":1036,""detectors_checked"":458752}"
      4096,         0,         0,   0.030,exact_mw,cb12ae119b9b2ba18d0216e7235b403229e92fd0743ede48fe7f1a2c6f45d594,"{""distance"":5,""physical_error_rate"":0.0005}","{""detection_events"":1943,""detectors_checked"":917504}"
      2048,         0,         0,   0.048,exact_mw,cb12ae119b9b2ba18d0216e7235b403229e92fd0743ede48fe7f1a2c6f45d594,"{""distance"":5,""physical_error_rate"":0.0005}","{""detection_events"":949,""detectors_checked"":458752}"
      3072,         0,         0,   0.055,exact_mw,cb12ae119b9b2ba18d0216e7235b403229e92fd0743ede48fe7f1a2c6f45d594,"{""distance"":5,""physical_error_rate"":0.0005}","{""detection_events"":1573,""detectors_checked"":688128}"
      7168,         0,         0,   0.053,exact_mw,cb12ae119b9b2ba18d0216e7235b403229e92fd0743ede48fe7f1a2c6f45d594,"{""distance"":5,""physical_error_rate"":0.0005}","{""detection_events"":3573,""detectors_checked"":1605632}"
      9216,         0,         0,   0.226,exact_mw,cb12ae119b9b2ba18d0216e7235b403229e92fd0743ede48fe7f1a2c6f45d594,"{""distance"":5,""physical_error_rate"":0.0005}","{""detection_events"":4702,""detectors_checked"":2064384}"
      5120,         0,         0,   0.054,exact_mw,cb12ae119b9b2ba18d0216e7235b403229e92fd0743ede48fe7f1a2c6f45d594,"{""distance"":5,""physical_error_rate"":0.0005}","{""detection_events"":2370,""detectors_checked"":1146880}"
      4096,         0,         0,   0.070,exact_mw,cb12ae119b9b2ba18d0216e7235b403229e92fd0743ede48fe7f1a2c6f45d594,"{""distance"":5,""physical_error_rate"":0.0005}","{""detection_events"":1945,""detectors_checked"":917504}"
     51200,         0,         0,   0.405,exact_mw,cb12ae119b9b2ba18d0216e7235b403229e92fd0743ede48fe7f1a2c6f45d594,"{""distance"":5,""physical_error_rate"":0.0005}","{""detection_events"":25668,""detectors_checked"":11468800}"
      9216,         0,         0,   0.054,exact_mw,cb12ae119b9b2ba18d0216e7235b403229e92fd0743ede48fe7f1a2c6f45d594,"{""distance"":5,""physical_error_rate"":0.0005}","{""detection_events"":4604,""detectors_checked"":2064384}"
     87040,         0,         0,    2.17,exact_mw,cb12ae119b9b2ba18d0216e7235b403229e92fd0743ede48fe7f1a2c6f45d594,"{""distance"":5,""physical_error_rate"":0.0005}","{""detection_events"":42810,""detectors_checked"":19496960}"
      4096,         0,         0,   0.079,exact_mw,cb12ae119b9b2ba18d0216e7235b403229e92fd0743ede48fe7f1a2c6f45d594,"{""distance"":5,""physical_error_rate"":0.0005}","{""detection_events"":1959,""detectors_checked"":917504}"
      4096,         0,         0,   0.078,exact_mw,cb12ae119b9b2ba18d0216e7235b403229e92fd0743ede48fe7f1a2c6f45d594,"{""distance"":5,""physical_error_rate"":0.0005}","{""detection_events"":1850,""detectors_checked"":917504}"
     10240,         0,         0,   0.228,exact_mw,cb12ae119b9b2ba18d0216e7235b403229e92fd0743ede48fe7f1a2c6f45d594,"{""distance"":5,""physical_error_rate"":0.0005}","{""detection_events"":5265,""detectors_checked"":2293760}"
      1297,         0,         0,   0.022,exact_mw,cb12ae119b9b2ba18d0216e7235b403229e92fd0743ede48fe7f1a2c6f45d594,"{""distance"":5,""physical_error_rate"":0.0005}","{""detection_events"":594,""detectors_checked"":290528}"
      6144,         0,         0,   0.063,exact_mw,cb12ae119b9b2ba18d0216e7235b403229e92fd0743ede48fe7f1a2c6f45d594,"{""distance"":5,""physical_error_rate"":0.0005}","{""detection_events"":3048,""detectors_checked"":1376256}"
      1024,         0,         0,   0.003,exact_mw,cb12ae119b9b2ba18d0216e7235b403229e92fd0743ede48fe7f1a2c6f45d594,"{""distance"":5,""physical_error_rate"":0.0005}","{""detection_events"":470,""detectors_checked"":229376}"
      2321,         0,         0,   0.029,exact_mw,cb12ae119b9b2ba18d0216e7235b403229e92fd0743ede48fe7f1a2c6f45d594,"{""distance"":5,""physical_error_rate"":0.0005}","{""detection_events"":1199,""detectors_checked"":519904}"
      1024,         0,         0,   0.022,exact_mw,cb12ae119b9b2ba18d0216e7235b403229e92fd0743ede48fe7f1a2c6f45d594,"{""distance"":5,""physical_error_rate"":0.0005}","{""detection_events"":490,""detectors_checked"":229376}"
      1024,         0,         0,   0.028,exact_mw,cb12ae119b9b2ba18d0216e7235b403229e92fd0743ede48fe7f1a2c6f45d594,"{""distance"":5,""physical_error_rate"":0.0005}","{""detection_events"":514,""detectors_checked"":229376}"
      1024,         0,         0,   0.030,exact_mw,cb12ae119b9b2ba18d0216e7235b403229e92fd0743ede48fe7f1a2c6f45d594,"{""distance"":5,""physical_error_rate"":0.0005}","{""detection_events"":516,""detectors_checked"":229376}"
      2048,         0,         0,   0.029,exact_mw,cb12ae119b9b2ba18d0216e7235b403229e92fd0743ede48fe7f1a2c6f45d594,"{""distance"":5,""physical_error_rate"":0.0005}","{""detection_events"":1082,""detectors_checked"":458752}"
      2048,         0,         0,   0.029,exact_mw,cb12ae119b9b2ba18d0216e7235b403229e92fd0743ede48fe7f1a2c6f45d594,"{""distance"":5,""physical_error_rate"":0.0005}","{""detection_events"":965,""detectors_checked"":458752}"
      7168,         0,         0,   0.092,exact_mw,cb12ae119b9b2ba18d0216e7235b403229e92fd0743ede48fe7f1a2c6f45d594,"{""distance"":5,""physical_error_rate"":0.0005}","{""detection_events"":3468,""detectors_checked"":1605632}"
     20480,         0,         0,   0.405,exact_mw,cb12ae119b9b2ba18d0216e7235b403229e92fd0743ede48fe7f1a2c6f45d594,"{""distance"":5,""physical_error_rate"":0.0005}","{""detection_events"":10157,""detectors_checked"":4587520}"
      4096,         0,         0,   0.115,exact_mw,cb12ae119b9b2ba18d0216e7235b403229e92fd0743ede48fe7f1a2c6f45d594,"{""distance"":5,""physical_error_rate"":0.0005}","{""detection_events"":2236,""detectors_checked"":917504}"
     11264,         0,         0,   0.085,exact_mw,cb12ae119b9b2ba18d0216e7235b403229e92fd0743ede48fe7f1a2c6f45d594,"{""distance"":5,""physical_error_rate"":0.0005}","{""detection_events"":5530,""detectors_checked"":2523136}"
      2048,         0,         0,   0.057,exact_mw,cb12ae119b9b2ba18d0216e7235b403229e92fd0743ede48fe7f1a2c6f45d594,"{""distance"":5,""physical_error_rate"":0.0005}","{""detection_events"":1049,""detectors_checked"":458752}"
         1,         0,         0,   0.000,exact_mw,cb12ae119b9b2ba18d0216e7235b403229e92fd0743ede48fe7f1a2c6f45d594,"{""distance"":5,""physical_error_rate"":0.0005}","{""detectors_checked"":224}"
      3072,         0,         0,   0.053,exact_mw,cb12ae119b9b2ba18d0216e7235b403229e92fd0743ede48fe7f1a2c6f45d594,"{""distance"":5,""physical_error_rate"":0.0005}","{""detection_events"":1497,""detectors_checked"":688128}"
      2048,         0,         0,   0.055,exact_mw,cb12ae119b9b2ba18d0216e7235b403229e92fd0743ede48fe7f1a2c6f45d594,"{""distance"":5,""physical_error_rate"":0.0005}","{""detection_events"":989,""detectors_checked"":458752}"
         1,         0,         0,   0.000,exact_mw,cb12ae119b9b2ba18d0216e7235b403229e92fd0743ede48fe7f1a2c6f45d594,"{""distance"":5,""physical_error_rate"":0.0005}","{""detectors_checked"":224}"
      3344,         0,         0,   0.035,exact_mw,cb12ae119b9b2ba18d0216e7235b403229e92fd0743ede48fe7f1a2c6f45d594,"{""distance"":5,""physical_error_rate"":0.0005}","{""detection_events"":1680,""detectors_checked"":749056}"
      6144,         0,         0,   0.444,exact_mw,cb12ae119b9b2ba18d0216e7235b403229e92fd0743ede48fe7f1a2c6f45d594,"{""distance"":5,""physical_error_rate"":0.0005}","{""detection_events"":3038,""detectors_checked"":1376256}"
      1296,         0,         0,   0.025,exact_mw,cb12ae119b9b2ba18d0216e7235b403229e92fd0743ede48fe7f1a2c6f45d594,"{""distance"":5,""physical_error_rate"":0.0005}","{""detection_events"":690,""detectors_checked"":290304}"
     22528,         0,         0,   0.427,exact_mw,cb12ae119b9b2ba18d0216e7235b403229e92fd0743ede48fe7f1a2c6f45d594,"{""distance"":5,""physical_error_rate"":0.0005}","{""detection_events"":11002,""detectors_checked"":5046272}"
      2048,         0,         0,   0.029,exact_mw,cb12ae119b9b2ba18d0216e7235b403229e92fd0743ede48fe7f1a2c6f45d594,"{""distance"":5,""physical_error_rate"":0.0005}","{""detection_events"":1039,""detectors_checked"":458752}"
     12288,         0,         0,   0.278,exact_mw,cb12ae119b9b2ba18d0216e7235b403229e92fd0743ede48fe7f1a2c6f45d594,"{""distance"":5,""physical_error_rate"":0.0005}","{""detection_events"":6084,""detectors_checked"":2752512}"
      3072,         0,         0,   0.056,exact_mw,cb12ae119b9b2ba18d0216e7235b403229e92fd0743ede48fe7f1a2c6f45d594,"{""distance"":5,""physical_error_rate"":0.0005}","{""detection_events"":1495,""detectors_checked"":688128}"
      1024,         0,         0,   0.024,exact_mw,cb12ae119b9b2ba18d0216e7235b403229e92fd0743ede48fe7f1a2c6f45d594,"{""distance"":5,""physical_error_rate"":0.0005}","{""detection_events"":587,""detectors_checked"":229376}"
      2048,         0,         0,   0.030,exact_mw,cb12ae119b9b2ba18d0216e7235b403229e92fd0743ede48fe7f1a2c6f45d594,"{""distance"":5,""physical_error_rate"":0.0005}","{""detection_events"":1003,""detectors_checked"":458752}"
      4096,         0,         0,   0.075,exact_mw,cb12ae119b9b2ba18d0216e7235b403229e92fd0743ede48fe7f1a2c6f45d594,"{""distance"":5,""physical_error_rate"":0.0005}","{""detection_events"":2004,""detectors_checked"":917504}"
      2048,         0,         0,   0.027,exact_mw,cb12ae119b9b2ba18d0216e7235b403229e92fd0743ede48fe7f1a2c6f45d594,"{""distance"":5,""physical_error_rate"":0.0005}","{""detection_events"":1006,""detectors_checked"":458752}"
      6144,         0,         0,   0.154,exact_mw,cb12ae119b9b2ba18d0216e7235b403229e92fd0743ede48fe7f1a2c6f45d594,"{""distance"":5,""physical_error_rate"":0.0005}","{""detection_events"":3175,""detectors_checked"":1376256}"
     11264,         0,         0,   0.136,exact_mw,cb12ae119b9b2ba18d0216e7235b403229e92fd0743ede48fe7f1a2c6f45d594,"{""distance"":5,""physical_error_rate"":0.0005}","{""detection_events"":5520,""detectors_checked"":2523136}"
     11264,         0,         0,   0.170,exact_mw,cb12ae119b9b2ba18d0216e7235b403229e92fd0743ede48fe7f1a2c6f45d594,"{""distance"":5,""physical_error_rate"":0.0005}","{""detection_events"":5466,""detectors_checked"":2523136}"
      1297,         0,         0,   0.025,exact_mw,cb12ae119b9b2ba18d0216e7235b403229e92fd0743ede48fe7f1a2c6f45d594,"{""distance"":5,""physical_error_rate"":0.0005}","{""detection_events"":726,""detectors_checked"":290528}"
     13312,         0,         0,   0.278,exact_mw,cb12ae119b9b2ba18d0216e7235b403229e92fd0743ede48fe7f1a2c6f45d594,"{""distance"":5,""physical_error_rate"":0.0005}","{""detection_events"":6330,""detectors_checked"":2981888}"
      3072,         0,         0,   0.054,exact_mw,cb12ae119b9b2ba18d0216e7235b403229e92fd0743ede48fe7f1a2c6f45d594,"{""distance"":5,""physical_error_rate"":0.0005}","{""detection_events"":1504,""detectors_checked"":688128}"
      6144,         0,         0,   0.085,exact_mw,cb12ae119b9b2ba18d0216e7235b403229e92fd0743ede48fe7f1a2c6f45d594,"{""distance"":5,""physical_error_rate"":0.0005}","{""detection_events"":2942,""detectors_checked"":1376256}"
      2048,         0,         0,   0.048,exact_mw,cb12ae119b9b2ba18d0216e7235b403229e92fd0743ede48fe7f1a2c6f45d594,"{""distance"":5,""physical_error_rate"":0.0005}","{""detection_events"":903,""detectors_checked"":458752}"
      1024,         0,         0,   0.025,exact_mw,cb12ae119b9b2ba18d0216e7235b403229e92fd0743ede48fe7f1a2c6f45d594,"{""distance"":5,""physical_error_rate"":0.0005}","{""detection_events"":485,""detectors_checked"":229376}"
    181248,         0,         0,    3.03,exact_mw,cb12ae119b9b2ba18d0216e7235b403229e92fd0743ede48fe7f1a2c6f45d594,"{""distance"":5,""physical_error_rate"":0.0005}","{""detection_events"":88385,""detectors_checked"":40599552}"
      3345,         0,         0,   0.012,exact_mw,cb12ae119b9b2ba18d0216e7235b403229e92fd0743ede48fe7f1a2c6f45d594,"{""distance"":5,""physical_error_rate"":0.0005}","{""detection_events"":1703,""detectors_checked"":749280}"
      1024,         0,         0,   0.024,exact_mw,cb12ae119b9b2ba18d0216e7235b403229e92fd0743ede48fe7f1a2c6f45d594,"{""distance"":5,""physical_error_rate"":0.0005}","{""detection_events"":543,""detectors_checked"":229376}"
      4096,         0,         0,   0.014,exact_mw,cb12ae119b9b2ba18d0216e7235b403229e92fd0743ede48fe7f1a2c6f45d594,"{""distance"":5,""physical_error_rate"":0.0005}","{""detection_events"":2066,""detectors_checked"":917504}"
      4096,         0,         0,   0.057,exact_mw,cb12ae119b9b2ba18d0216e7235b403229e92fd0743ede48fe7f1a2c6f45d594,"{""distance"":5,""physical_error_rate"":0.0005}","{""detection_events"":2025,""detectors_checked"":917504}"
      5120,         0,         0,   0.019,exact_mw,cb12ae119b9b2ba18d0216e7235b403229e92fd0743ede48fe7f1a2c6f45d594,"{""distance"":5,""physical_error_rate"":0.0005}","{""detection_events"":2621,""detectors_checked"":1146880}"
      6144,         0,         0,   0.125,exact_mw,cb12ae119b9b2ba18d0216e7235b403229e92fd0743ede48fe7f1a2c6f45d594,"{""distance"":5,""physical_error_rate"":0.0005}","{""detection_events"":2900,""detectors_checked"":1376256}"
      4096,         0,         0,   0.075,exact_mw,cb12ae119b9b2ba18d0216e7235b403229e92fd0743ede48fe7f1a2c6f45d594,"{""distance"":5,""physical_error_rate"":0.0005}","{""detection_events"":2186,""detectors_checked"":917504}"
      8192,         0,         0,   0.028,exact_mw,cb12ae119b9b2ba18d0216e7235b403229e92fd0743ede48fe7f1a2c6f45d594,"{""distance"":5,""physical_error_rate"":0.0005}","{""detection_events"":3974,""detectors_checked"":1835008}"
      2048,         0,         0,   0.051,exact_mw,cb12ae119b9b2ba18d0216e7235b403229e92fd0743ede48fe7f1a2c6f45d594,"{""distance"":5,""physical_error_rate"":0.0005}","{""detection_events"":1034,""detectors_checked"":458752}"
      6144,         0,         0,   0.110,exact_mw,cb12ae119b9b2ba18d0216e7235b403229e92fd0743ede48fe7f1a2c6f45d594,"{""distance"":5,""physical_error_rate"":0.0005}","{""detection_events"":3131,""detectors_checked"":1376256}"
     10240,         0,         0,   0.040,exact_mw,cb12ae119b9b2ba18d0216e7235b403229e92fd0743ede48fe7f1a2c6f45d594,"{""distance"":5,""physical_error_rate"":0.0005}","{""detection_events"":5028,""detectors_checked"":2293760}"
    154624,         0,         0,    3.02,exact_mw,cb12ae119b9b2ba18d0216e7235b403229e92fd0743ede48fe7f1a2c6f45d594,"{""distance"":5,""physical_error_rate"":0.0005}","{""detection_events"":75789,""detectors_checked"":34635776}"
      5120,         0,         0,   0.082,exact_mw,cb12ae119b9b2ba18d0216e7235b403229e92fd0743ede48fe7f1a2c6f45d594,"{""distance"":5,""physical_error_rate"":0.0005}","{""detection_events"":2476,""detectors_checked"":1146880}"
      3072,         0,         0,   0.050,exact_mw,cb12ae119b9b2ba18d0216e7235b403229e92fd0743ede48fe7f1a2c6f45d594,"{""distance"":5,""physical_error_rate"":0.0005}","{""detection_events"":1508,""detectors_checked"":688128}"
      4096,         0,         0,   0.076,exact_mw,cb12ae119b9b2ba18d0216e7235b403229e92fd0743ede48fe7f1a2c6f45d594,"{""distance"":5,""physical_error_rate"":0.0005}","{""detection_events"":1772,""detectors_checked"":917504}"
     15360,         0,         0,   0.054,exact_mw,cb12ae119b9b2ba18d0216e7235b403229e92fd0743ede48fe7f1a2c6f45d594,"{""distance"":5,""physical_error_rate"":0.0005}","{""detection_events"":7536,""detectors_checked"":3440640}"
     53248,         0,         0,   0.567,exact_mw,cb12ae119b9b2ba18d0216e7235b403229e92fd0743ede48fe7f1a2c6f45d594,"{""distance"":5,""physical_error_rate"":0.0005}","{""detection_events"":25953,""detectors_checked"":11927552}"
     17408,         0,         0,   0.218,exact_mw,cb12ae119b9b2ba18d0216e7235b403229e92fd0743ede48fe7f1a2c6f45d594,"{""distance"":5,""physical_error_rate"":0.0005}","{""detection_events"":8348,""detectors_checked"":3899392}"
     10240,         0,         0,   0.222,exact_mw,cb12ae119b9b2ba18d0216e7235b403229e92fd0743ede48fe7f1a2c6f45d594,"{""distance"":5,""physical_error_rate"":0.0005}","{""detection_events"":5249,""detectors_checked"":2293760}"
     14336,         0,         0,   0.221,exact_mw,cb12ae119b9b2ba18d0216e7235b403229e92fd0743ede48fe7f1a2c6f45d594,"{""distance"":5,""physical_error_rate"":0.0005}","{""detection_events"":7132,""detectors_checked"":3211264}"
      3345,         0,         0,   0.026,exact_mw,cb12ae119b9b2ba18d0216e7235b403229e92fd0743ede48fe7f1a2c6f45d594,"{""distance"":5,""physical_error_rate"":0.0005}","{""detection_events"":1607,""detectors_checked"":749280}"
      4096,         0,         0,   0.075,exact_mw,cb12ae119b9b2ba18d0216e7235b403229e92fd0743ede48fe7f1a2c6f45d594,"{""distance"":5,""physical_error_rate"":0.0005}","{""detection_events"":2027,""detectors_checked"":917504}"
      3072,         0,         0,   0.026,exact_mw,cb12ae119b9b2ba18d0216e7235b403229e92fd0743ede48fe7f1a2c6f45d594,"{""distance"":5,""physical_error_rate"":0.0005}","{""detection_events"":1347,""detectors_checked"":688128}"
      8192,         0,         0,   0.152,exact_mw,cb12ae119b9b2ba18d0216e7235b403229e92fd0743ede48fe7f1a2c6f45d594,"{""distance"":5,""physical_error_rate"":0.0005}","{""detection_events"":4121,""detectors_checked"":1835008}"
      3345,         0,         0,   0.025,exact_mw,cb12ae119b9b2ba18d0216e7235b403229e92fd0743ede48fe7f1a2c6f45d594,"{""distance"":5,""physical_error_rate"":0.0005}","{""detection_events"":1729,""detectors_checked"":749280}"
      7168,         0,         0,   0.111,exact_mw,cb12ae119b9b2ba18d0216e7235b403229e92fd0743ede48fe7f1a2c6f45d594,"{""distance"":5,""physical_error_rate"":0.0005}","{""detection_events"":3562,""detectors_checked"":1605632}"
      5120,         0,         0,   0.020,exact_mw,cb12ae119b9b2ba18d0216e7235b403229e92fd0743ede48fe7f1a2c6f45d594,"{""distance"":5,""physical_error_rate"":0.0005}","{""detection_events"":2456,""detectors_checked"":1146880}"
     20480,         0,         0,   0.076,exact_mw,cb12ae119b9b2ba18d0216e7235b403229e92fd0743ede48fe7f1a2c6f45d594,"{""distance"":5,""physical_error_rate"":0.0005}","{""detection_events"":10265,""detectors_checked"":4587520}"
         1,         0,         0,   0.000,exact_mw,cb12ae119b9b2ba18d0216e7235b403229e92fd0743ede48fe7f1a2c6f45d594,"{""distance"":5,""physical_error_rate"":0.0005}","{""detectors_checked"":224}"
      4096,         0,         0,   0.025,exact_mw,cb12ae119b9b2ba18d0216e7235b403229e92fd0743ede48fe7f1a2c6f45d594,"{""distance"":5,""physical_error_rate"":0.0005}","{""detection_events"":1909,""detectors_checked"":917504}"
      3072,         0,         0,   0.026,exact_mw,cb12ae119b9b2ba18d0216e7235b403229e92fd0743ede48fe7f1a2c6f45d594,"{""distance"":5,""physical_error_rate"":0.0005}","{""detection_events"":1558,""detectors_checked"":688128}"
     11264,         0,         0,   0.167,exact_mw,cb12ae119b9b2ba18d0216e7235b403229e92fd0743ede48fe7f1a2c6f45d594,"{""distance"":5,""physical_error_rate"":0.0005}","{""detection_events"":5558,""detectors_checked"":2523136}"
      6144,         0,         0,   0.125,exact_mw,cb12ae119b9b2ba18d0216e7235b403229e92fd0743ede48fe7f1a2c6f45d594,"{""distance"":5,""physical_error_rate"":0.0005}","{""detection_events"":3060,""detectors_checked"":1376256}"
      3344,         0,         0,   0.022,exact_mw,cb12ae119b9b2ba18d0216e7235b403229e92fd0743ede48fe7f1a2c6f45d594,"{""distance"":5,""physical_error_rate"":0.0005}","{""detection_events"":1679,""detectors_checked"":749056}"
    109568,         0,         0,    2.17,exact_mw,cb12ae119b9b2ba18d0216e7235b403229e92fd0743ede48fe7f1a2c6f45d594,"{""distance"":5,""physical_error_rate"":0.0005}","{""detection_events"":54061,""detectors_checked"":24543232}"
      1297,         0,         0,   0.059,exact_mw,cb12ae119b9b2ba18d0216e7235b403229e92fd0743ede48fe7f1a2c6f45d594,"{""distance"":5,""physical_error_rate"":0.0005}","{""detection_events"":595,""detectors_checked"":290528}"
      3072,         0,         0,   0.027,exact_mw,cb12ae119b9b2ba18d0216e7235b403229e92fd0743ede48fe7f1a2c6f45d594,"{""distance"":5,""physical_error_rate"":0.0005}","{""detection_events"":1473,""detectors_checked"":688128}"
      2048,         0,         0,   0.021,exact_mw,cb12ae119b9b2ba18d0216e7235b403229e92fd0743ede48fe7f1a2c6f45d594,"{""distance"":5,""physical_error_rate"":0.0005}","{""detection_events"":1037,""detectors_checked"":458752}"
      5120,         0,         0,   0.098,exact_mw,cb12ae119b9b2ba18d0216e7235b403229e92fd0743ede48fe7f1a2c6f45d594,"{""distance"":5,""physical_error_rate"":0.0005}","{""detection_events"":2528,""detectors_checked"":1146880}"
      1024,         0,         0,   0.028,exact_mw,cb12ae119b9b2ba18d0216e7235b403229e92fd0743ede48fe7f1a2c6f45d594,"{""distance"":5,""physical_error_rate"":0.0005}","{""detection_events"":432,""detectors_checked"":229376}"
      5120,         0,         0,   0.040,exact_mw,cb12ae119b9b2ba18d0216e7235b403229e92fd0743ede48fe7f1a2c6f45d594,"{""distance"":5,""physical_error_rate"":0.0005}","{""detection_events"":2495,""detectors_checked"":1146880}"
      5120,         0,         0,   0.029,exact_mw,cb12ae119b9b2ba18d0216e7235b403229e92fd0743ede48fe7f1a2c6f45d594,"{""distance"":5,""physical_error_rate"":0.0005}","{""detection_events"":2544,""detectors_checked"":1146880}"
        17,         0,         0,   0.021,exact_mw,cb12ae119b9b2ba18d0216e7235b403229e92fd0743ede48fe7f1a2c6f45d594,"{""distance"":5,""physical_error_rate"":0.0005}","{""detection_events"":13,""detectors_checked"":3808}"
     17408,         0,         0,   0.417,exact_mw,cb12ae119b9b2ba18d0216e7235b403229e92fd0743ede48fe7f1a2c6f45d594,"{""distance"":5,""physical_error_rate"":0.0005}","{""detection_events"":8435,""detectors_checked"":3899392}"
      6144,         0,         0,   0.028,exact_mw,cb12ae119b9b2ba18d0216e7235b403229e92fd0743ede48fe7f1a2c6f45d594,"{""distance"":5,""physical_error_rate"":0.0005}","{""detection_events"":2921,""detectors_checked"":1376256}"
      2048,         0,         0,   0.033,exact_mw,cb12ae119b9b2ba18d0216e7235b403229e92fd0743ede48fe7f1a2c6f45d594,"{""distance"":5,""physical_error_rate"":0.0005}","{""detection_events"":946,""detectors_checked"":458752}"
      1280,         0,         0,   0.005,exact_mw,cb12ae119b9b2ba18d0216e7235b403229e92fd0743ede48fe7f1a2c6f45d594,"{""distance"":5,""physical_error_rate"":0.0005}","{""detection_events"":615,""detectors_checked"":286720}"
     29696,         0,         0,   0.107,exact_mw,cb12ae119b9b2ba18d0216e7235b403229e92fd0743ede48fe7f1a2c6f45d594,"{""distance"":5,""physical_error_rate"":0.0005}","{""detection_events"":14156,""detectors_checked"":6651904}"
      5120,         0,         0,   0.046,exact_mw,cb12ae119b9b2ba18d0216e7235b403229e92fd0743ede48fe7f1a2c6f45d594,"{""distance"":5,""physical_error_rate"":0.0005}","{""detection_events"":2519,""detectors_checked"":1146880}"
      8192,         0,         0,   0.056,exact_mw,cb12ae119b9b2ba18d0216e7235b403229e92fd0743ede48fe7f1a2c6f45d594,"{""distance"":5,""physical_error_rate"":0.0005}","{""detection_events"":4019,""detectors_checked"":1835008}"
      4096,         0,         0,   0.031,exact_mw,cb12ae119b9b2ba18d0216e7235b403229e92fd0743ede48fe7f1a2c6f45d594,"{""distance"":5,""physical_error_rate"":0.0005}","{""detection_events"":1934,""detectors_checked"":917504}"
      1024,         0,         0,   0.028,exact_mw,cb12ae119b9b2ba18d0216e7235b403229e92fd0743ede48fe7f1a2c6f45d594,"{""distance"":5,""physical_error_rate"":0.0005}","{""detection_events"":502,""detectors_checked"":229376}"
      2048,         0,         0,   0.029,exact_mw,cb12ae119b9b2ba18d0216e7235b403229e92fd0743ede48fe7f1a2c6f45d594,"{""distance"":5,""physical_error_rate"":0.0005}","{""detection_events"":1031,""detectors_checked"":458752}"
     27648,         0,         0,   0.554,exact_mw,cb12ae119b9b2ba18d0216e7235b403229e92fd0743ede48fe7f1a2c6f45d594,"{""distance"":5,""physical_error_rate"":0.0005}","{""detection_events"":13943,""detectors_checked"":6193152}"
    232448,         0,         0,    3.03,exact_mw,cb12ae119b9b2ba18d0216e7235b403229e92fd0743ede48fe7f1a2c6f45d594,"{""distance"":5,""physical_error_rate"":0.0005}","{""detection_events"":115762,""detectors_checked"":52068352}"
     21504,         0,         0,   0.406,exact_mw,cb12ae119b9b2ba18d0216e7235b403229e92fd0743ede48fe7f1a2c6f45d594,"{""distance"":5,""physical_error_rate"":0.0005}","{""detection_events"":10674,""detectors_checked"":4816896}"
         1,         0,         0,   0.025,exact_mw,cb12ae119b9b2ba18d0216e7235b403229e92fd0743ede48fe7f1a2c6f45d594,"{""distance"":5,""physical_error_rate"":0.0005}","{""detection_events"":2,""detectors_checked"":224}"
     10240,         0,         0,   0.161,exact_mw,cb12ae119b9b2ba18d0216e7235b403229e92fd0743ede48fe7f1a2c6f45d594,"{""distance"":5,""physical_error_rate"":0.0005}","{""detection_events"":5072,""detectors_checked"":2293760}"
      9216,         0,         0,   0.057,exact_mw,cb12ae119b9b2ba18d0216e7235b403229e92fd0743ede48fe7f1a2c6f45d594,"{""distance"":5,""physical_error_rate"":0.0005}","{""detection_events"":4643,""detectors_checked"":2064384}"
    157696,         0,         0,    3.04,exact_mw,cb12ae119b9b2ba18d0216e7235b403229e92fd0743ede48fe7f1a2c6f45d594,"{""distance"":5,""physical_error_rate"":0.0005}","{""detection_events"":77355,""detectors_checked"":35323904}"
      1296,         0,         0,   0.030,exact_mw,cb12ae119b9b2ba18d0216e7235b403229e92fd0743ede48fe7f1a2c6f45d594,"{""distance"":5,""physical_error_rate"":0.0005}","{""detection_events"":669,""detectors_checked"":290304}"
      7168,         0,         0,   0.120,exact_mw,cb12ae119b9b2ba18d0216e7235b403229e92fd0743ede48fe7f1a2c6f45d594,"{""distance"":5,""physical_error_rate"":0.0005}","{""detection_events"":3540,""detectors_checked"":1605632}"
      2048,         0,         0,   0.050,exact_mw,cb12ae119b9b2ba18d0216e7235b403229e92fd0743ede48fe7f1a2c6f45d594,"{""distance"":5,""physical_error_rate"":0.0005}","{""detection_events"":980,""detectors_checked"":458752}"
     12288,         0,         0,   0.055,exact_mw,cb12ae119b9b2ba18d0216e7235b403229e92fd0743ede48fe7f1a2c6f45d594,"{""distance"":5,""physical_error_rate"":0.0005}","{""detection_events"":6103,""detectors_checked"":2752512}"
      8192,         0,         0,   0.152,exact_mw,cb12ae119b9b2ba18d0216e7235b403229e92fd0743ede48fe7f1a2c6f45d594,"{""distance"":5,""physical_error_rate"":0.0005}","{""detection_events"":3897,""detectors_checked"":1835008}"
     11264,         0,         0,   0.207,exact_mw,cb12ae119b9b2ba18d0216e7235b403229e92fd0743ede48fe7f1a2c6f45d594,"{""distance"":5,""physical_error_rate"":0.0005}","{""detection_events"":5171,""detectors_checked"":2523136}"
      2048,         0,         0,   0.064,exact_mw,cb12ae119b9b2ba18d0216e7235b403229e92fd0743ede48fe7f1a2c6f45d594,"{""distance"":5,""physical_error_rate"":0.0005}","{""detection_events"":1049,""detectors_checked"":458752}"
      8192,         0,         0,   0.082,exact_mw,cb12ae119b9b2ba18d0216e7235b403229e92fd0743ede48fe7f1a2c6f45d594,"{""distance"":5,""physical_error_rate"":0.0005}","{""detection_events"":4020,""detectors_checked"":1835008}"
      1024,         0,         0,   0.031,exact_mw,cb12ae119b9b2ba18d0216e7235b403229e92fd0743ede48fe7f1a2c6f45d594,"{""distance"":5,""physical_error_rate"":0.0005}","{""detection_events"":536,""detectors_checked"":229376}"
       273,         0,         0,   0.021,exact_mw,cb12ae119b9b2ba18d0216e7235b403229e92fd0743ede48fe7f1a2c6f45d594,"{""distance"":5,""physical_error_rate"":0.0005}","{""detection_events"":159,""detectors_checked"":61152}"
      1297,         0,         0,   0.025,exact_mw,cb12ae119b9b2ba18d0216e7235b403229e92fd0743ede48fe7f1a2c6f45d594,"{""distance"":5,""physical_error_rate"":0.0005}","{""detection_events"":601,""detectors_checked"":290528}"
     28672,         0,         0,   0.548,exact_mw,cb12ae119b9b2ba18d0216e7235b403229e92fd0743ede48fe7f1a2c6f45d594,"{""distance"":5,""physical_error_rate"":0.0005}","{""detection_events"":14234,""detectors_checked"":6422528}"
     65536,         0,         0,    1.49,exact_mw,cb12ae119b9b2ba18d0216e7235b403229e92fd0743ede48fe7f1a2c6f45d594,"{""distance"":5,""physical_error_rate"":0.0005}","{""detection_events"":31996,""detectors_checked"":14680064}"
      2048,         0,         0,   0.047,exact_mw,cb12ae119b9b2ba18d0216e7235b403229e92fd0743ede48fe7f1a2c6f45d594,"{""distance"":5,""physical_error_rate"":0.0005}","{""detection_events"":1159,""detectors_checked"":458752}"
      1024,         0,         0,   0.029,exact_mw,cb12ae119b9b2ba18d0216e7235b403229e92fd0743ede48fe7f1a2c6f45d594,"{""distance"":5,""physical_error_rate"":0.0005}","{""detection_events"":440,""detectors_checked"":229376}"
      1024,         0,         0,   0.020,exact_mw,cb12ae119b9b2ba18d0216e7235b403229e92fd0743ede48fe7f1a2c6f45d594,"{""distance"":5,""physical_error_rate"":0.0005}","{""detection_events"":576,""detectors_checked"":229376}"
      1297,         0,         0,   0.025,exact_mw,cb12ae119b9b2ba18d0216e7235b403229e92fd0743ede48fe7f1a2c6f45d594,"{""distance"":5,""physical_error_rate"":0.0005}","{""detection_events"":618,""detectors_checked"":290528}"
      2048,         0,         0,   0.027,exact_mw,cb12ae119b9b2ba18d0216e7235b403229e92fd0743ede48fe7f1a2c6f45d594,"{""distance"":5,""physical_error_rate"":0.0005}","{""detection_events"":931,""detectors_checked"":458752}"
     26624,         0,         0,   0.281,exact_mw,cb12ae119b9b2ba18d0216e7235b403229e92fd0743ede48fe7f1a2c6f45d594,"{""distance"":5,""physical_error_rate"":0.0005}","{""detection_events"":13283,""detectors_checked"":5963776}"
     10240,         0,         0,   0.599,exact_mw,cb12ae119b9b2ba18d0216e7235b403229e92fd0743ede48fe7f1a2c6f45d594,"{""distance"":5,""physical_error_rate"":0.0005}","{""detection_events"":5089,""detectors_checked"":2293760}"
     16384,         0,         0,   0.302,exact_mw,cb12ae119b9b2ba18d0216e7235b403229e92fd0743ede48fe7f1a2c6f45d594,"{""distance"":5,""physical_error_rate"":0.0005}","{""detection_events"":7877,""detectors_checked"":3670016}"
      3072,         0,         0,   0.060,exact_mw,cb12ae119b9b2ba18d0216e7235b403229e92fd0743ede48fe7f1a2c6f45d594,"{""distance"":5,""physical_error_rate"":0.0005}","{""detection_events"":1488,""detectors_checked"":688128}"
     16384,         0,         0,   0.204,exact_mw,cb12ae119b9b2ba18d0216e7235b403229e92fd0743ede48fe7f1a2c6f45d594,"{""distance"":5,""physical_error_rate"":0.0005}","{""detection_events"":7711,""detectors_checked"":3670016}"
     11264,         0,         0,   0.080,exact_mw,cb12ae119b9b2ba18d0216e7235b403229e92fd0743ede48fe7f1a2c6f45d594,"{""distance"":5,""physical_error_rate"":0.0005}","{""detection_events"":5298,""detectors_checked"":2523136}"
     20480,         0,         0,   0.076,exact_mw,cb12ae119b9b2ba18d0216e7235b403229e92fd0743ede48fe7f1a2c6f45d594,"{""distance"":5,""physical_error_rate"":0.0005}","{""detection_events"":10410,""detectors_checked"":4587520}"
     22528,         0,         0,   0.309,exact_mw,cb12ae119b9b2ba18d0216e7235b403229e92fd0743ede48fe7f1a2c6f45d594,"{""distance"":5,""physical_error_rate"":0.0005}","{""detection_events"":11076,""detectors_checked"":5046272}"
      1297,         0,         0,   0.026,exact_mw,cb12ae119b9b2ba18d0216e7235b403229e92fd0743ede48fe7f1a2c6f45d594,"{""distance"":5,""physical_error_rate"":0.0005}","{""detection_events"":592,""detectors_checked"":290528}"
      1024,         0,         0,   0.024,exact_mw,cb12ae119b9b2ba18d0216e7235b403229e92fd0743ede48fe7f1a2c6f45d594,"{""distance"":5,""physical_error_rate"":0.0005}","{""detection_events"":481,""detectors_checked"":229376}"
      1024,         0,         0,   0.025,exact_mw,cb12ae119b9b2ba18d0216e7235b403229e92fd0743ede48fe7f1a2c6f45d594,"{""distance"":5,""physical_error_rate"":0.0005}","{""detection_events"":508,""detectors_checked"":229376}"
      2048,         0,         0,   0.027,exact_mw,cb12ae119b9b2ba18d0216e7235b403229e92fd0743ede48fe7f1a2c6f45d594,"{""distance"":5,""physical_error_rate"":0.0005}","{""detection_events"":945,""detectors_checked"":458752}"
     26624,         0,         0,   0.158,exact_mw,cb12ae119b9b2ba18d0216e7235b403229e92fd0743ede48fe7f1a2c6f45d594,"{""distance"":5,""physical_error_rate"":0.0005}","{""detection_events"":12994,""detectors_checked"":5963776}"
      1024,         0,         0,   0.023,exact_mw,cb12ae119b9b2ba18d0216e7235b403229e92fd0743ede48fe7f1a2c6f45d594,"{""distance"":5,""physical_error_rate"":0.0005}","{""detection_events"":550,""detectors_checked"":229376}"
      1024,         0,         0,   0.025,exact_mw,cb12ae119b9b2ba18d0216e7235b403229e92fd0743ede48fe7f1a2c6f45d594,"{""distance"":5,""physical_error_rate"":0.0005}","{""detection_events"":502,""detectors_checked"":229376}"
      3072,         0,         0,   0.063,exact_mw,cb12ae119b9b2ba18d0216e7235b403229e92fd0743ede48fe7f1a2c6f45d594,"{""distance"":5,""physical_error_rate"":0.0005}","{""detection_events"":1488,""detectors_checked"":688128}"
       273,         0,         0,   0.026,exact_mw,cb12ae119b9b2ba18d0216e7235b403229e92fd0743ede48fe7f1a2c6f45d594,"{""distance"":5,""physical_error_rate"":0.0005}","{""detection_events"":119,""detectors_checked"":61152}"
      4096,         0,         0,   0.075,exact_mw,cb12ae119b9b2ba18d0216e7235b403229e92fd0743ede48fe7f1a2c6f45d594,"{""distance"":5,""physical_error_rate"":0.0005}","{""detection_events"":2060,""detectors_checked"":917504}"
      1297,         0,         0,   0.026,exact_mw,cb12ae119b9b2ba18d0216e7235b403229e92fd0743ede48fe7f1a2c6f45d594,"{""distance"":5,""physical_error_rate"":0.0005}","{""detection_events"":595,""detectors_checked"":290528}"
      1024,         0,         0,   0.024,exact_mw,cb12ae119b9b2ba18d0216e7235b403229e92fd0743ede48fe7f1a2c6f45d594,"{""distance"":5,""physical_error_rate"":0.0005}","{""detection_events"":510,""detectors_checked"":229376}"
     13312,         0,         0,   0.105,exact_mw,cb12ae119b9b2ba18d0216e7235b403229e92fd0743ede48fe7f1a2c6f45d594,"{""distance"":5,""physical_error_rate"":0.0005}","{""detection_events"":6597,""detectors_checked"":2981888}"
      2048,         0,         0,   0.047,exact_mw,cb12ae119b9b2ba18d0216e7235b403229e92fd0743ede48fe7f1a2c6f45d594,"{""distance"":5,""physical_error_rate"":0.0005}","{""detection_events"":1011,""detectors_checked"":458752}"
      2048,         0,         0,   0.050,exact_mw,cb12ae119b9b2ba18d0216e7235b403229e92fd0743ede48fe7f1a2c6f45d594,"{""distance"":5,""physical_error_rate"":0.0005}","{""detection_events"":984,""detectors_checked"":458752}"
       273,         0,         0,   0.022,exact_mw,cb12ae119b9b2ba18d0216e7235b403229e92fd0743ede48fe7f1a2c6f45d594,"{""distance"":5,""physical_error_rate"":0.0005}","{""detection_events"":121,""detectors_checked"":61152}"
      6144,         0,         0,   0.150,exact_mw,cb12ae119b9b2ba18d0216e7235b403229e92fd0743ede48fe7f1a2c6f45d594,"{""distance"":5,""physical_error_rate"":0.0005}","{""detection_events"":3060,""detectors_checked"":1376256}"
      1024,         0,         0,   0.030,exact_mw,cb12ae119b9b2ba18d0216e7235b403229e92fd0743ede48fe7f1a2c6f45d594,"{""distance"":5,""physical_error_rate"":0.0005}","{""detection_events"":497,""detectors_checked"":229376}"
      1024,         0,         0,   0.024,exact_mw,cb12ae119b9b2ba18d0216e7235b403229e92fd0743ede48fe7f1a2c6f45d594,"{""distance"":5,""physical_error_rate"":0.0005}","{""detection_events"":551,""detectors_checked"":229376}"
      1297,         0,         0,   0.025,exact_mw,cb12ae119b9b2ba18d0216e7235b403229e92fd0743ede48fe7f1a2c6f45d594,"{""distance"":5,""physical_error_rate"":0.0005}","{""detection_events"":651,""detectors_checked"":290528}"
      2048,         0,         0,   0.027,exact_mw,cb12ae119b9b2ba18d0216e7235b403229e92fd0743ede48fe7f1a2c6f45d594,"{""distance"":5,""physical_error_rate"":0.0005}","{""detection_events"":959,""detectors_checked"":458752}"
      2048,         0,         0,   0.048,exact_mw,cb12ae119b9b2ba18d0216e7235b403229e92fd0743ede48fe7f1a2c6f45d594,"{""distance"":5,""physical_error_rate"":0.0005}","{""detection_events"":902,""detectors_checked"":458752}"
      3072,         0,         0,   0.088,exact_mw,cb12ae119b9b2ba18d0216e7235b403229e92fd0743ede48fe7f1a2c6f45d594,"{""distance"":5,""physical_error_rate"":0.0005}","{""detection_events"":1536,""detectors_checked"":688128}"
      2048,         0,         0,   0.009,exact_mw,cb12ae119b9b2ba18d0216e7235b403229e92fd0743ede48fe7f1a2c6f45d594,"{""distance"":5,""physical_error_rate"":0.0005}","{""detection_events"":1047,""detectors_checked"":458752}"
      1024,         0,         0,   0.023,exact_mw,cb12ae119b9b2ba18d0216e7235b403229e92fd0743ede48fe7f1a2c6f45d594,"{""distance"":5,""physical_error_rate"":0.0005}","{""detection_events"":518,""detectors_checked"":229376}"
      2048,         0,         0,   0.059,exact_mw,cb12ae119b9b2ba18d0216e7235b403229e92fd0743ede48fe7f1a2c6f45d594,"{""distance"":5,""physical_error_rate"":0.0005}","{""detection_events"":964,""detectors_checked"":458752}"
      1024,         0,         0,   0.024,exact_mw,cb12ae119b9b2ba18d0216e7235b403229e92fd0743ede48fe7f1a2c6f45d594,"{""distance"":5,""physical_error_rate"":0.0005}","{""detection_events"":487,""detectors_checked"":229376}"
      1024,         0,         0,   0.030,exact_mw,cb12ae119b9b2ba18d0216e7235b403229e92fd0743ede48fe7f1a2c6f45d594,"{""distance"":5,""physical_error_rate"":0.0005}","{""detection_events"":480,""detectors_checked"":229376}"
     13312,         0,         0,   0.106,exact_mw,cb12ae119b9b2ba18d0216e7235b403229e92fd0743ede48fe7f1a2c6f45d594,"{""distance"":5,""physical_error_rate"":0.0005}","{""detection_events"":7044,""detectors_checked"":2981888}"
      3072,         0,         0,   0.050,exact_mw,cb12ae119b9b2ba18d0216e7235b403229e92fd0743ede48fe7f1a2c6f45d594,"{""distance"":5,""physical_error_rate"":0.0005}","{""detection_events"":1363,""detectors_checked"":688128}"
      3072,         0,         0,   0.051,exact_mw,cb12ae119b9b2ba18d0216e7235b403229e92fd0743ede48fe7f1a2c6f45d594,"{""distance"":5,""physical_error_rate"":0.0005}","{""detection_events"":1579,""detectors_checked"":688128}"
     28672,         0,         0,   0.106,exact_mw,cb12ae119b9b2ba18d0216e7235b403229e92fd0743ede48fe7f1a2c6f45d594,"{""distance"":5,""physical_error_rate"":0.0005}","{""detection_events"":14404,""detectors_checked"":6422528}"
      1024,         0,         0,   0.024,exact_mw,cb12ae119b9b2ba18d0216e7235b403229e92fd0743ede48fe7f1a2c6f45d594,"{""distance"":5,""physical_error_rate"":0.0005}","{""detection_events"":501,""detectors_checked"":229376}"
      1297,         0,         0,   0.026,exact_mw,cb12ae119b9b2ba18d0216e7235b403229e92fd0743ede48fe7f1a2c6f45d594,"{""distance"":5,""physical_error_rate"":0.0005}","{""detection_events"":577,""detectors_checked"":290528}"
     15360,         0,         0,   0.226,exact_mw,cb12ae119b9b2ba18d0216e7235b403229e92fd0743ede48fe7f1a2c6f45d594,"{""distance"":5,""physical_error_rate"":0.0005}","{""detection_events"":7474,""detectors_checked"":3440640}"
      5120,         0,         0,   0.077,exact_mw,cb12ae119b9b2ba18d0216e7235b403229e92fd0743ede48fe7f1a2c6f45d594,"{""distance"":5,""physical_error_rate"":0.0005}","{""detection_events"":2482,""detectors_checked"":1146880}"
      2048,         0,         0,   0.049,exact_mw,cb12ae119b9b2ba18d0216e7235b403229e92fd0743ede48fe7f1a2c6f45d594,"{""distance"":5,""physical_error_rate"":0.0005}","{""detection_events"":1068,""detectors_checked"":458752}"
      1024,         0,         0,   0.027,exact_mw,cb12ae119b9b2ba18d0216e7235b403229e92fd0743ede48fe7f1a2c6f45d594,"{""distance"":5,""physical_error_rate"":0.0005}","{""detection_events"":518,""detectors_checked"":229376}"
      2048,         0,         0,   0.031,exact_mw,cb12ae119b9b2ba18d0216e7235b403229e92fd0743ede48fe7f1a2c6f45d594,"{""distance"":5,""physical_error_rate"":0.0005}","{""detection_events"":1019,""detectors_checked"":458752}"
      3072,         0,         0,   0.052,exact_mw,cb12ae119b9b2ba18d0216e7235b403229e92fd0743ede48fe7f1a2c6f45d594,"{""distance"":5,""physical_error_rate"":0.0005}","{""detection_events"":1418,""detectors_checked"":688128}"
      1024,         0,         0,   0.023,exact_mw,cb12ae119b9b2ba18d0216e7235b403229e92fd0743ede48fe7f1a2c6f45d594,"{""distance"":5,""physical_error_rate"":0.0005}","{""detection_events"":485,""detectors_checked"":229376}"
      2048,         0,         0,   0.051,exact_mw,cb12ae119b9b2ba18d0216e7235b403229e92fd0743ede48fe7f1a2c6f45d594,"{""distance"":5,""physical_error_rate"":0.0005}","{""detection_events"":942,""detectors_checked"":458752}"
     10240,         0,         0,   0.223,exact_mw,cb12ae119b9b2ba18d0216e7235b403229e92fd0743ede48fe7f1a2c6f45d594,"{""distance"":5,""physical_error_rate"":0.0005}","{""detection_events"":5080,""detectors_checked"":2293760}"
      2048,         0,         0,   0.048,exact_mw,cb12ae119b9b2ba18d0216e7235b403229e92fd0743ede48fe7f1a2c6f45d594,"{""distance"":5,""physical_error_rate"":0.0005}","{""detection_events"":1002,""detectors_checked"":458752}"
      2048,         0,         0,   0.027,exact_mw,cb12ae119b9b2ba18d0216e7235b403229e92fd0743ede48fe7f1a2c6f45d594,"{""distance"":5,""physical_error_rate"":0.0005}","{""detection_events"":950,""detectors_checked"":458752}"
      2048,         0,         0,   0.047,exact_mw,cb12ae119b9b2ba18d0216e7235b403229e92fd0743ede48fe7f1a2c6f45d594,"{""distance"":5,""physical_error_rate"":0.0005}","{""detection_events"":1021,""detectors_checked"":458752}"
      4096,         0,         0,   0.075,exact_mw,cb12ae119b9b2ba18d0216e7235b403229e92fd0743ede48fe7f1a2c6f45d594,"{""distance"":5,""physical_error_rate"":0.0005}","{""detection_events"":2009,""detectors_checked"":917504}"
      4096,         0,         0,   0.076,exact_mw,cb12ae119b9b2ba18d0216e7235b403229e92fd0743ede48fe7f1a2c6f45d594,"{""distance"":5,""physical_error_rate"":0.0005}","{""detection_events"":2108,""detectors_checked"":917504}"
      4096,         0,         0,   0.090,exact_mw,cb12ae119b9b2ba18d0216e7235b403229e92fd0743ede48fe7f1a2c6f45d594,"{""distance"":5,""physical_error_rate"":0.0005}","{""detection_events"":1949,""detectors_checked"":917504}"
      2048,         0,         0,   0.058,exact_mw,cb12ae119b9b2ba18d0216e7235b403229e92fd0743ede48fe7f1a2c6f45d594,"{""distance"":5,""physical_error_rate"":0.0005}","{""detection_events"":1019,""detectors_checked"":458752}"
      2048,         0,         0,   0.048,exact_mw,cb12ae119b9b2ba18d0216e7235b403229e92fd0743ede48fe7f1a2c6f45d594,"{""distance"":5,""physical_error_rate"":0.0005}","{""detection_events"":982,""detectors_checked"":458752}"
      4096,         0,         0,   0.075,exact_mw,cb12ae119b9b2ba18d0216e7235b403229e92fd0743ede48fe7f1a2c6f45d594,"{""distance"":5,""physical_error_rate"":0.0005}","{""detection_events"":1862,""detectors_checked"":917504}"
      5120,         0,         0,   0.098,exact_mw,cb12ae119b9b2ba18d0216e7235b403229e92fd0743ede48fe7f1a2c6f45d594,"{""distance"":5,""physical_error_rate"":0.0005}","{""detection_events"":2534,""detectors_checked"":1146880}"
      4096,         0,         0,   0.073,exact_mw,cb12ae119b9b2ba18d0216e7235b403229e92fd0743ede48fe7f1a2c6f45d594,"{""distance"":5,""physical_error_rate"":0.0005}","{""detection_events"":2012,""detectors_checked"":917504}"
     20480,         0,         0,   0.153,exact_mw,cb12ae119b9b2ba18d0216e7235b403229e92fd0743ede48fe7f1a2c6f45d594,"{""distance"":5,""physical_error_rate"":0.0005}","{""detection_events"":10547,""detectors_checked"":4587520}"
      2048,         0,         0,   0.047,exact_mw,cb12ae119b9b2ba18d0216e7235b403229e92fd0743ede48fe7f1a2c6f45d594,"{""distance"":5,""physical_error_rate"":0.0005}","{""detection_events"":941,""detectors_checked"":458752}"
      3072,         0,         0,   0.050,exact_mw,cb12ae119b9b2ba18d0216e7235b403229e92fd0743ede48fe7f1a2c6f45d594,"{""distance"":5,""physical_error_rate"":0.0005}","{""detection_events"":1605,""detectors_checked"":688128}"
      3072,         0,         0,   0.051,exact_mw,cb12ae119b9b2ba18d0216e7235b403229e92fd0743ede48fe7f1a2c6f45d594,"{""distance"":5,""physical_error_rate"":0.0005}","{""detection_events"":1588,""detectors_checked"":688128}"
     15360,         0,         0,   0.298,exact_mw,cb12ae119b9b2ba18d0216e7235b403229e92fd0743ede48fe7f1a2c6f45d594,"{""distance"":5,""physical_error_rate"":0.0005}","{""detection_events"":7577,""detectors_checked"":3440640}"
     33792,         0,         0,   0.230,exact_mw,cb12ae119b9b2ba18d0216e7235b403229e92fd0743ede48fe7f1a2c6f45d594,"{""distance"":5,""physical_error_rate"":0.0005}","{""detection_events"":16543,""detectors_checked"":7569408}"
      3072,         0,         0,   0.054,exact_mw,cb12ae119b9b2ba18d0216e7235b403229e92fd0743ede48fe7f1a2c6f45d594,"{""distance"":5,""physical_error_rate"":0.0005}","{""detection_events"":1429,""detectors_checked"":688128}"
      7168,         0,         0,   0.127,exact_mw,cb12ae119b9b2ba18d0216e7235b403229e92fd0743ede48fe7f1a2c6f45d594,"{""distance"":5,""physical_error_rate"":0.0005}","{""detection_events"":3631,""detectors_checked"":1605632}"
      3072,         0,         0,   0.061,exact_mw,cb12ae119b9b2ba18d0216e7235b403229e92fd0743ede48fe7f1a2c6f45d594,"{""distance"":5,""physical_error_rate"":0.0005}","{""detection_events"":1643,""detectors_checked"":688128}"
     21504,         0,         0,   0.149,exact_mw,cb12ae119b9b2ba18d0216e7235b403229e92fd0743ede48fe7f1a2c6f45d594,"{""distance"":5,""physical_error_rate"":0.0005}","{""detection_events"":10909,""detectors_checked"":4816896}"
     39936,         0,         0,   0.147,exact_mw,cb12ae119b9b2ba18d0216e7235b403229e92fd0743ede48fe7f1a2c6f45d594,"{""distance"":5,""physical_error_rate"":0.0005}","{""detection_events"":19751,""detectors_checked"":8945664}"
       273,         0,         0,   0.026,exact_mw,cb12ae119b9b2ba18d0216e7235b403229e92fd0743ede48fe7f1a2c6f45d594,"{""distance"":5,""physical_error_rate"":0.0005}","{""detection_events"":131,""detectors_checked"":61152}"
      3072,         0,         0,   0.041,exact_mw,cb12ae119b9b2ba18d0216e7235b403229e92fd0743ede48fe7f1a2c6f45d594,"{""distance"":5,""physical_error_rate"":0.0005}","{""detection_events"":1518,""detectors_checked"":688128}"
      4096,         0,         0,   0.091,exact_mw,cb12ae119b9b2ba18d0216e7235b403229e92fd0743ede48fe7f1a2c6f45d594,"{""distance"":5,""physical_error_rate"":0.0005}","{""detection_events"":2091,""detectors_checked"":917504}"
      5120,         0,         0,   0.097,exact_mw,cb12ae119b9b2ba18d0216e7235b403229e92fd0743ede48fe7f1a2c6f45d594,"{""distance"":5,""physical_error_rate"":0.0005}","{""detection_events"":2563,""detectors_checked"":1146880}"
      4096,         0,         0,   0.051,exact_mw,cb12ae119b9b2ba18d0216e7235b403229e92fd0743ede48fe7f1a2c6f45d594,"{""distance"":5,""physical_error_rate"":0.0005}","{""detection_events"":2123,""detectors_checked"":917504}"
      3072,         0,         0,   0.058,exact_mw,cb12ae119b9b2ba18d0216e7235b403229e92fd0743ede48fe7f1a2c6f45d594,"{""distance"":5,""physical_error_rate"":0.0005}","{""detection_events"":1602,""detectors_checked"":688128}"
      4096,         0,         0,   0.075,exact_mw,cb12ae119b9b2ba18d0216e7235b403229e92fd0743ede48fe7f1a2c6f45d594,"{""distance"":5,""physical_error_rate"":0.0005}","{""detection_events"":2010,""detectors_checked"":917504}"
     11264,         0,         0,   0.214,exact_mw,cb12ae119b9b2ba18d0216e7235b403229e92fd0743ede48fe7f1a2c6f45d594,"{""distance"":5,""physical_error_rate"":0.0005}","{""detection_events"":5861,""detectors_checked"":2523136}"
      2048,         0,         0,   0.032,exact_mw,cb12ae119b9b2ba18d0216e7235b403229e92fd0743ede48fe7f1a2c6f45d594,"{""distance"":5,""physical_error_rate"":0.0005}","{""detection_events"":973,""detectors_checked"":458752}"
     19456,         0,         0,   0.304,exact_mw,cb12ae119b9b2ba18d0216e7235b403229e92fd0743ede48fe7f1a2c6f45d594,"{""distance"":5,""physical_error_rate"":0.0005}","{""detection_events"":9485,""detectors_checked"":4358144}"
      5120,         0,         0,   0.098,exact_mw,cb12ae119b9b2ba18d0216e7235b403229e92fd0743ede48fe7f1a2c6f45d594,"{""distance"":5,""physical_error_rate"":0.0005}","{""detection_events"":2481,""detectors_checked"":1146880}"
      1297,         0,         0,   0.027,exact_mw,cb12ae119b9b2ba18d0216e7235b403229e92fd0743ede48fe7f1a2c6f45d594,"{""distance"":5,""physical_error_rate"":0.0005}","{""detection_events"":674,""detectors_checked"":290528}"
      5120,         0,         0,   0.119,exact_mw,cb12ae119b9b2ba18d0216e7235b403229e92fd0743ede48fe7f1a2c6f45d594,"{""distance"":5,""physical_error_rate"":0.0005}","{""detection_events"":2640,""detectors_checked"":1146880}"
    174080,         0,         0,    3.04,exact_mw,cb12ae119b9b2ba18d0216e7235b403229e92fd0743ede48fe7f1a2c6f45d594,"{""distance"":5,""physical_error_rate"":0.0005}","{""detection_events"":86009,""detectors_checked"":38993920}"
         1,         0,         0,   0.000,exact_mw,cb12ae119b9b2ba18d0216e7235b403229e92fd0743ede48fe7f1a2c6f45d594,"{""distance"":5,""physical_error_rate"":0.0005}","{""detectors_checked"":224}"
      1024,         0,         0,   0.027,exact_mw,cb12ae119b9b2ba18d0216e7235b403229e92fd0743ede48fe7f1a2c6f45d594,"{""distance"":5,""physical_error_rate"":0.0005}","{""detection_events"":503,""detectors_checked"":229376}"
    151552,         0,         0,    3.06,exact_mw,cb12ae119b9b2ba18d0216e7235b403229e92fd0743ede48fe7f1a2c6f45d594,"{""distance"":5,""physical_error_rate"":0.0005}","{""detection_events"":73830,""detectors_checked"":33947648}"
    171008,         0,         0,    3.04,exact_mw,cb12ae119b9b2ba18d0216e7235b403229e92fd0743ede48fe7f1a2c6f45d594,"{""distance"":5,""physical_error_rate"":0.0005}","{""detection_events"":84208,""detectors_checked"":38305792}"
      4096,         0,         0,   0.095,exact_mw,cb12ae119b9b2ba18d0216e7235b403229e92fd0743ede48fe7f1a2c6f45d594,"{""distance"":5,""physical_error_rate"":0.0005}","{""detection_events"":2012,""detectors_checked"":917504}"
      5120,         0,         0,   0.100,exact_mw,cb12ae119b9b2ba18d0216e7235b403229e92fd0743ede48fe7f1a2c6f45d594,"{""distance"":5,""physical_error_rate"":0.0005}","{""detection_events"":2645,""detectors_checked"":1146880}"
      7168,         0,         0,   0.148,exact_mw,cb12ae119b9b2ba18d0216e7235b403229e92fd0743ede48fe7f1a2c6f45d594,"{""distance"":5,""physical_error_rate"":0.0005}","{""detection_events"":3583,""detectors_checked"":1605632}"
         1,         0,         0,   0.000,exact_mw,cb12ae119b9b2ba18d0216e7235b403229e92fd0743ede48fe7f1a2c6f45d594,"{""distance"":5,""physical_error_rate"":0.0005}","{""detectors_checked"":224}"
      1024,         0,         0,   0.030,exact_mw,cb12ae119b9b2ba18d0216e7235b403229e92fd0743ede48fe7f1a2c6f45d594,"{""distance"":5,""physical_error_rate"":0.0005}","{""detection_events"":476,""detectors_checked"":229376}"
      4096,         0,         0,   0.054,exact_mw,cb12ae119b9b2ba18d0216e7235b403229e92fd0743ede48fe7f1a2c6f45d594,"{""distance"":5,""physical_error_rate"":0.0005}","{""detection_events"":1886,""detectors_checked"":917504}"
      5120,         0,         0,   0.081,exact_mw,cb12ae119b9b2ba18d0216e7235b403229e92fd0743ede48fe7f1a2c6f45d594,"{""distance"":5,""physical_error_rate"":0.0005}","{""detection_events"":2450,""detectors_checked"":1146880}"
      2048,         0,         0,   0.032,exact_mw,cb12ae119b9b2ba18d0216e7235b403229e92fd0743ede48fe7f1a2c6f45d594,"{""distance"":5,""physical_error_rate"":0.0005}","{""detection_events"":1005,""detectors_checked"":458752}"
      2320,         0,         0,   0.041,exact_mw,cb12ae119b9b2ba18d0216e7235b403229e92fd0743ede48fe7f1a2c6f45d594,"{""distance"":5,""physical_error_rate"":0.0005}","{""detection_events"":1227,""detectors_checked"":519680}"
      4096,         0,         0,   0.101,exact_mw,cb12ae119b9b2ba18d0216e7235b403229e92fd0743ede48fe7f1a2c6f45d594,"{""distance"":5,""physical_error_rate"":0.0005}","{""detection_events"":1858,""detectors_checked"":917504}"
      7168,         0,         0,   0.125,exact_mw,cb12ae119b9b2ba18d0216e7235b403229e92fd0743ede48fe7f1a2c6f45d594,"{""distance"":5,""physical_error_rate"":0.0005}","{""detection_events"":3461,""detectors_checked"":1605632}"
      1024,         0,         0,   0.023,exact_mw,cb12ae119b9b2ba18d0216e7235b403229e92fd0743ede48fe7f1a2c6f45d594,"{""distance"":5,""physical_error_rate"":0.0005}","{""detection_events"":522,""detectors_checked"":229376}"
      7168,         0,         0,   0.109,exact_mw,cb12ae119b9b2ba18d0216e7235b403229e92fd0743ede48fe7f1a2c6f45d594,"{""distance"":5,""physical_error_rate"":0.0005}","{""detection_events"":3608,""detectors_checked"":1605632}"
      6144,         0,         0,   0.122,exact_mw,cb12ae119b9b2ba18d0216e7235b403229e92fd0743ede48fe7f1a2c6f45d594,"{""distance"":5,""physical_error_rate"":0.0005}","{""detection_events"":2999,""detectors_checked"":1376256}"
      1296,         0,         0,   0.031,exact_mw,cb12ae119b9b2ba18d0216e7235b403229e92fd0743ede48fe7f1a2c6f45d594,"{""distance"":5,""physical_error_rate"":0.0005}","{""detection_events"":709,""detectors_checked"":290304}"
      7168,         0,         0,   0.136,exact_mw,cb12ae119b9b2ba18d0216e7235b403229e92fd0743ede48fe7f1a2c6f45d594,"{""distance"":5,""physical_error_rate"":0.0005}","{""detection_events"":3627,""detectors_checked"":1605632}"
      6144,         0,         0,   0.107,exact_mw,cb12ae119b9b2ba18d0216e7235b403229e92fd0743ede48fe7f1a2c6f45d594,"{""distance"":5,""physical_error_rate"":0.0005}","{""detection_events"":2858,""detectors_checked"":1376256}"
     26624,         0,         0,   0.544,exact_mw,cb12ae119b9b2ba18d0216e7235b403229e92fd0743ede48fe7f1a2c6f45d594,"{""distance"":5,""physical_error_rate"":0.0005}","{""detection_events"":13181,""detectors_checked"":5963776}"
     26624,         0,         0,   0.198,exact_mw,cb12ae119b9b2ba18d0216e7235b403229e92fd0743ede48fe7f1a2c6f45d594,"{""distance"":5,""physical_error_rate"":0.0005}","{""detection_events"":13302,""detectors_checked"":5963776}"
         1,         0,         0,   0.000,exact_mw,cb12ae119b9b2ba18d0216e7235b403229e92fd0743ede48fe7f1a2c6f45d594,"{""distance"":5,""physical_error_rate"":0.0005}","{""detectors_checked"":224}"
      1297,         0,         0,   0.010,exact_mw,cb12ae119b9b2ba18d0216e7235b403229e92fd0743ede48fe7f1a2c6f45d594,"{""distance"":5,""physical_error_rate"":0.0005}","{""detection_events"":724,""detectors_checked"":290528}"
      1024,         0,         0,   0.003,exact_mw,cb12ae119b9b2ba18d0216e7235b403229e92fd0743ede48fe7f1a2c6f45d594,"{""distance"":5,""physical_error_rate"":0.0005}","{""detection_events"":458,""detectors_checked"":229376}"
     19456,         0,         0,   0.278,exact_mw,cb12ae119b9b2ba18d0216e7235b403229e92fd0743ede48fe7f1a2c6f45d594,"{""distance"":5,""physical_error_rate"":0.0005}","{""detection_events"":9965,""detectors_checked"":4358144}"
     26624,         0,         0,   0.404,exact_mw,cb12ae119b9b2ba18d0216e7235b403229e92fd0743ede48fe7f1a2c6f45d594,"{""distance"":5,""physical_error_rate"":0.0005}","{""detection_events"":13225,""detectors_checked"":5963776}"
      3072,         0,         0,   0.063,exact_mw,cb12ae119b9b2ba18d0216e7235b403229e92fd0743ede48fe7f1a2c6f45d594,"{""distance"":5,""physical_error_rate"":0.0005}","{""detection_events"":1548,""detectors_checked"":688128}"
         1,         0,         0,   0.000,exact_mw,cb12ae119b9b2ba18d0216e7235b403229e92fd0743ede48fe7f1a2c6f45d594,"{""distance"":5,""physical_error_rate"":0.0005}","{""detectors_checked"":224}"
     20480,         0,         0,   0.420,exact_mw,cb12ae119b9b2ba18d0216e7235b403229e92fd0743ede48fe7f1a2c6f45d594,"{""distance"":5,""physical_error_rate"":0.0005}","{""detection_events"":10214,""detectors_checked"":4587520}"
      2048,         0,         0,   0.010,exact_mw,cb12ae119b9b2ba18d0216e7235b403229e92fd0743ede48fe7f1a2c6f45d594,"{""distance"":5,""physical_error_rate"":0.0005}","{""detection_events"":1034,""detectors_checked"":458752}"
     34816,         0,         0,   0.409,exact_mw,cb12ae119b9b2ba18d0216e7235b403229e92fd0743ede48fe7f1a2c6f45d594,"{""distance"":5,""physical_error_rate"":0.0005}","{""detection_events"":16872,""detectors_checked"":7798784}"
      2048,         0,         0,   0.014,exact_mw,cb12ae119b9b2ba18d0216e7235b403229e92fd0743ede48fe7f1a2c6f45d594,"{""distance"":5,""physical_error_rate"":0.0005}","{""detection_events"":985,""detectors_checked"":458752}"
      1024,         0,         0,   0.005,exact_mw,cb12ae119b9b2ba18d0216e7235b403229e92fd0743ede48fe7f1a2c6f45d594,"{""distance"":5,""physical_error_rate"":0.0005}","{""detection_events"":518,""detectors_checked"":229376}"
      1024,         0,         0,   0.029,exact_mw,cb12ae119b9b2ba18d0216e7235b403229e92fd0743ede48fe7f1a2c6f45d594,"{""distance"":5,""physical_error_rate"":0.0005}","{""detection_events"":482,""detectors_checked"":229376}"
      2048,         0,         0,   0.062,exact_mw,cb12ae119b9b2ba18d0216e7235b403229e92fd0743ede48fe7f1a2c6f45d594,"{""distance"":5,""physical_error_rate"":0.0005}","{""detection_events"":974,""detectors_checked"":458752}"
     18432,         0,         0,   0.289,exact_mw,cb12ae119b9b2ba18d0216e7235b403229e92fd0743ede48fe7f1a2c6f45d594,"{""distance"":5,""physical_error_rate"":0.0005}","{""detection_events"":9056,""detectors_checked"":4128768}"
      1024,         0,         0,   0.004,exact_mw,cb12ae119b9b2ba18d0216e7235b403229e92fd0743ede48fe7f1a2c6f45d594,"{""distance"":5,""physical_error_rate"":0.0005}","{""detection_events"":473,""detectors_checked"":229376}"
      2320,         0,         0,   0.028,exact_mw,cb12ae119b9b2ba18d0216e7235b403229e92fd0743ede48fe7f1a2c6f45d594,"{""distance"":5,""physical_error_rate"":0.0005}","{""detection_events"":1201,""detectors_checked"":519680}"
      1296,         0,         0,   0.016,exact_mw,cb12ae119b9b2ba18d0216e7235b403229e92fd0743ede48fe7f1a2c6f45d594,"{""distance"":5,""physical_error_rate"":0.0005}","{""detection_events"":635,""detectors_checked"":290304}"
      1024,         0,         0,   0.020,exact_mw,cb12ae119b9b2ba18d0216e7235b403229e92fd0743ede48fe7f1a2c6f45d594,"{""distance"":5,""physical_error_rate"":0.0005}","{""detection_events"":534,""detectors_checked"":229376}"
      2048,         0,         0,   0.018,exact_mw,cb12ae119b9b2ba18d0216e7235b403229e92fd0743ede48fe7f1a2c6f45d594,"{""distance"":5,""physical_error_rate"":0.0005}","{""detection_events"":942,""detectors_checked"":458752}"
     30720,         0,         0,   0.572,exact_mw,cb12ae119b9b2ba18d0216e7235b403229e92fd0743ede48fe7f1a2c6f45d594,"{""distance"":5,""physical_error_rate"":0.0005}","{""detection_events"":15176,""detectors_checked"":6881280}"
     28672,         0,         0,   0.209,exact_mw,cb12ae119b9b2ba18d0216e7235b403229e92fd0743ede48fe7f1a2c6f45d594,"{""distance"":5,""physical_error_rate"":0.0005}","{""detection_events"":13891,""detectors_checked"":6422528}"
      2321,         0,         0,   0.014,exact_mw,cb12ae119b9b2ba18d0216e7235b403229e92fd0743ede48fe7f1a2c6f45d594,"{""distance"":5,""physical_error_rate"":0.0005}","{""detection_events"":1035,""detectors_checked"":519904}"
         1,         0,         0,   0.000,exact_mw,cb12ae119b9b2ba18d0216e7235b403229e92fd0743ede48fe7f1a2c6f45d594,"{""distance"":5,""physical_error_rate"":0.0005}","{""detection_events"":2,""detectors_checked"":224}"
      1297,         0,         0,   0.028,exact_mw,cb12ae119b9b2ba18d0216e7235b403229e92fd0743ede48fe7f1a2c6f45d594,"{""distance"":5,""physical_error_rate"":0.0005}","{""detection_events"":633,""detectors_checked"":290528}"
      6144,         0,         0,   0.108,exact_mw,cb12ae119b9b2ba18d0216e7235b403229e92fd0743ede48fe7f1a2c6f45d594,"{""distance"":5,""physical_error_rate"":0.0005}","{""detection_events"":3074,""detectors_checked"":1376256}"
     59392,         0,         0,   0.226,exact_mw,cb12ae119b9b2ba18d0216e7235b403229e92fd0743ede48fe7f1a2c6f45d594,"{""distance"":5,""physical_error_rate"":0.0005}","{""detection_events"":29560,""detectors_checked"":13303808}"
      1024,         0,         0,   0.024,exact_mw,cb12ae119b9b2ba18d0216e7235b403229e92fd0743ede48fe7f1a2c6f45d594,"{""distance"":5,""physical_error_rate"":0.0005}","{""detection_events"":441,""detectors_checked"":229376}"
      1024,         0,         0,   0.024,exact_mw,cb12ae119b9b2ba18d0216e7235b403229e92fd0743ede48fe7f1a2c6f45d594,"{""distance"":5,""physical_error_rate"":0.0005}","{""detection_events"":568,""detectors_checked"":229376}"
      6144,         0,         0,   0.089,exact_mw,cb12ae119b9b2ba18d0216e7235b403229e92fd0743ede48fe7f1a2c6f45d594,"{""distance"":5,""physical_error_rate"":0.0005}","{""detection_events"":3117,""detectors_checked"":1376256}"
      2048,         0,         0,   0.054,exact_mw,cb12ae119b9b2ba18d0216e7235b403229e92fd0743ede48fe7f1a2c6f45d594,"{""distance"":5,""physical_error_rate"":0.0005}","{""detection_events"":1093,""detectors_checked"":458752}"
      2048,         0,         0,   0.026,exact_mw,cb12ae119b9b2ba18d0216e7235b403229e92fd0743ede48fe7f1a2c6f45d594,"{""distance"":5,""physical_error_rate"":0.0005}","{""detection_events"":1028,""detectors_checked"":458752}"
      7168,         0,         0,   0.149,exact_mw,cb12ae119b9b2ba18d0216e7235b403229e92fd0743ede48fe7f1a2c6f45d594,"{""distance"":5,""physical_error_rate"":0.0005}","{""detection_events"":3604,""detectors_checked"":1605632}"
      6144,         0,         0,   0.125,exact_mw,cb12ae119b9b2ba18d0216e7235b403229e92fd0743ede48fe7f1a2c6f45d594,"{""distance"":5,""physical_error_rate"":0.0005}","{""detection_events"":2685,""detectors_checked"":1376256}"
      2048,         0,         0,   0.029,exact_mw,cb12ae119b9b2ba18d0216e7235b403229e92fd0743ede48fe7f1a2c6f45d594,"{""distance"":5,""physical_error_rate"":0.0005}","{""detection_events"":971,""detectors_checked"":458752}"
      6144,         0,         0,   0.129,exact_mw,cb12ae119b9b2ba18d0216e7235b403229e92fd0743ede48fe7f1a2c6f45d594,"{""distance"":5,""physical_error_rate"":0.0005}","{""detection_events"":3003,""detectors_checked"":1376256}"
     64512,         0,         0,   0.775,exact_mw,cb12ae119b9b2ba18d0216e7235b403229e92fd0743ede48fe7f1a2c6f45d594,"{""distance"":5,""physical_error_rate"":0.0005}","{""detection_events"":31646,""detectors_checked"":14450688}"
      4096,         0,         0,   0.061,exact_mw,cb12ae119b9b2ba18d0216e7235b403229e92fd0743ede48fe7f1a2c6f45d594,"{""distance"":5,""physical_error_rate"":0.0005}","{""detection_events"":2071,""detectors_checked"":917504}"
      1024,         0,         0,   0.021,exact_mw,cb12ae119b9b2ba18d0216e7235b403229e92fd0743ede48fe7f1a2c6f45d594,"{""distance"":5,""physical_error_rate"":0.0005}","{""detection_events"":428,""detectors_checked"":229376}"
      2048,         0,         0,   0.058,exact_mw,cb12ae119b9b2ba18d0216e7235b403229e92fd0743ede48fe7f1a2c6f45d594,"{""distance"":5,""physical_error_rate"":0.0005}","{""detection_events"":1143,""detectors_checked"":458752}"
      2048,         0,         0,   0.026,exact_mw,cb12ae119b9b2ba18d0216e7235b403229e92fd0743ede48fe7f1a2c6f45d594,"{""distance"":5,""physical_error_rate"":0.0005}","{""detection_events"":1038,""detectors_checked"":458752}"
      2048,         0,         0,   0.062,exact_mw,cb12ae119b9b2ba18d0216e7235b403229e92fd0743ede48fe7f1a2c6f45d594,"{""distance"":5,""physical_error_rate"":0.0005}","{""detection_events"":1112,""detectors_checked"":458752}"
      1024,         0,         0,   0.023,exact_mw,cb12ae119b9b2ba18d0216e7235b403229e92fd0743ede48fe7f1a2c6f45d594,"{""distance"":5,""physical_error_rate"":0.0005}","{""detection_events"":443,""detectors_checked"":229376}"
      1296,         0,         0,   0.054,exact_mw,cb12ae119b9b2ba18d0216e7235b403229e92fd0743ede48fe7f1a2c6f45d594,"{""distance"":5,""physical_error_rate"":0.0005}","{""detection_events"":681,""detectors_checked"":290304}"
      2048,         0,         0,   0.027,exact_mw,cb12ae119b9b2ba18d0216e7235b403229e92fd0743ede48fe7f1a2c6f45d594,"{""distance"":5,""physical_error_rate"":0.0005}","{""detection_events"":879,""detectors_checked"":458752}"
      5120,         0,         0,   0.087,exact_mw,cb12ae119b9b2ba18d0216e7235b403229e92fd0743ede48fe7f1a2c6f45d594,"{""distance"":5,""physical_error_rate"":0.0005}","{""detection_events"":2560,""detectors_checked"":1146880}"
      5120,         0,         0,   0.098,exact_mw,cb12ae119b9b2ba18d0216e7235b403229e92fd0743ede48fe7f1a2c6f45d594,"{""distance"":5,""physical_error_rate"":0.0005}","{""detection_events"":2422,""detectors_checked"":1146880}"
     46080,         0,         0,   0.288,exact_mw,cb12ae119b9b2ba18d0216e7235b403229e92fd0743ede48fe7f1a2c6f45d594,"{""distance"":5,""physical_error_rate"":0.0005}","{""detection_events"":22326,""detectors_checked"":10321920}"
      4096,         0,         0,   0.054,exact_mw,cb12ae119b9b2ba18d0216e7235b403229e92fd0743ede48fe7f1a2c6f45d594,"{""distance"":5,""physical_error_rate"":0.0005}","{""detection_events"":1857,""detectors_checked"":917504}"
      3072,         0,         0,   0.028,exact_mw,cb12ae119b9b2ba18d0216e7235b403229e92fd0743ede48fe7f1a2c6f45d594,"{""distance"":5,""physical_error_rate"":0.0005}","{""detection_events"":1508,""detectors_checked"":688128}"
      1024,         0,         0,   0.026,exact_mw,cb12ae119b9b2ba18d0216e7235b403229e92fd0743ede48fe7f1a2c6f45d594,"{""distance"":5,""physical_error_rate"":0.0005}","{""detection_events"":592,""detectors_checked"":229376}"
      7168,         0,         0,   0.144,exact_mw,cb12ae119b9b2ba18d0216e7235b403229e92fd0743ede48fe7f1a2c6f45d594,"{""distance"":5,""physical_error_rate"":0.0005}","{""detection_events"":3544,""detectors_checked"":1605632}"
      1024,         0,         0,   0.028,exact_mw,cb12ae119b9b2ba18d0216e7235b403229e92fd0743ede48fe7f1a2c6f45d594,"{""distance"":5,""physical_error_rate"":0.0005}","{""detection_events"":501,""detectors_checked"":229376}"
      2048,         0,         0,   0.030,exact_mw,cb12ae119b9b2ba18d0216e7235b403229e92fd0743ede48fe7f1a2c6f45d594,"{""distance"":5,""physical_error_rate"":0.0005}","{""detection_events"":994,""detectors_checked"":458752}"
      3072,         0,         0,   0.051,exact_mw,cb12ae119b9b2ba18d0216e7235b403229e92fd0743ede48fe7f1a2c6f45d594,"{""distance"":5,""physical_error_rate"":0.0005}","{""detection_events"":1431,""detectors_checked"":688128}"
      9216,         0,         0,   0.154,exact_mw,cb12ae119b9b2ba18d0216e7235b403229e92fd0743ede48fe7f1a2c6f45d594,"{""distance"":5,""physical_error_rate"":0.0005}","{""detection_events"":4588,""detectors_checked"":2064384}"
         1,         0,         0,   0.024,exact_mw,cb12ae119b9b2ba18d0216e7235b403229e92fd0743ede48fe7f1a2c6f45d594,"{""distance"":5,""physical_error_rate"":0.0005}","{""detection_events"":2,""detectors_checked"":224}"
      8192,         0,         0,   0.162,exact_mw,cb12ae119b9b2ba18d0216e7235b403229e92fd0743ede48fe7f1a2c6f45d594,"{""distance"":5,""physical_error_rate"":0.0005}","{""detection_events"":3916,""detectors_checked"":1835008}"
    220160,         0,         0,    2.94,exact_mw,cb12ae119b9b2ba18d0216e7235b403229e92fd0743ede48fe7f1a2c6f45d594,"{""distance"":5,""physical_error_rate"":0.0005}","{""detection_events"":109099,""detectors_checked"":49315840}"
      3072,         0,         0,   0.051,exact_mw,cb12ae119b9b2ba18d0216e7235b403229e92fd0743ede48fe7f1a2c6f45d594,"{""distance"":5,""physical_error_rate"":0.0005}","{""detection_events"":1513,""detectors_checked"":688128}"
      3072,         0,         0,   0.073,exact_mw,cb12ae119b9b2ba18d0216e7235b403229e92fd0743ede48fe7f1a2c6f45d594,"{""distance"":5,""physical_error_rate"":0.0005}","{""detection_events"":1512,""detectors_checked"":688128}"
     10240,         0,         0,   0.163,exact_mw,cb12ae119b9b2ba18d0216e7235b403229e92fd0743ede48fe7f1a2c6f45d594,"{""distance"":5,""physical_error_rate"":0.0005}","{""detection_events"":5002,""detectors_checked"":2293760}"
      8192,         0,         0,   0.233,exact_mw,cb12ae119b9b2ba18d0216e7235b403229e92fd0743ede48fe7f1a2c6f45d594,"{""distance"":5,""physical_error_rate"":0.0005}","{""detection_events"":4151,""detectors_checked"":1835008}"
     15360,         0,         0,   0.302,exact_mw,cb12ae119b9b2ba18d0216e7235b403229e92fd0743ede48fe7f1a2c6f45d594,"{""distance"":5,""physical_error_rate"":0.0005}","{""detection_events"":7682,""detectors_checked"":3440640}"
      1296,         0,         0,   0.030,exact_mw,cb12ae119b9b2ba18d0216e7235b403229e92fd0743ede48fe7f1a2c6f45d594,"{""distance"":5,""physical_error_rate"":0.0005}","{""detection_events"":597,""detectors_checked"":290304}"
      4096,         0,         0,   0.053,exact_mw,cb12ae119b9b2ba18d0216e7235b403229e92fd0743ede48fe7f1a2c6f45d594,"{""distance"":5,""physical_error_rate"":0.0005}","{""detection_events"":2051,""detectors_checked"":917504}"
      3072,         0,         0,   0.084,exact_mw,cb12ae119b9b2ba18d0216e7235b403229e92fd0743ede48fe7f1a2c6f45d594,"{""distance"":5,""physical_error_rate"":0.0005}","{""detection_events"":1648,""detectors_checked"":688128}"
      1297,         0,         0,   0.026,exact_mw,cb12ae119b9b2ba18d0216e7235b403229e92fd0743ede48fe7f1a2c6f45d594,"{""distance"":5,""physical_error_rate"":0.0005}","{""detection_events"":671,""detectors_checked"":290528}"
      2048,         0,         0,   0.057,exact_mw,cb12ae119b9b2ba18d0216e7235b403229e92fd0743ede48fe7f1a2c6f45d594,"{""distance"":5,""physical_error_rate"":0.0005}","{""detection_events"":942,""detectors_checked"":458752}"
      3072,         0,         0,   0.052,exact_mw,cb12ae119b9b2ba18d0216e7235b403229e92fd0743ede48fe7f1a2c6f45d594,"{""distance"":5,""physical_error_rate"":0.0005}","{""detection_events"":1400,""detectors_checked"":688128}"
      3072,         0,         0,   0.084,exact_mw,cb12ae119b9b2ba18d0216e7235b403229e92fd0743ede48fe7f1a2c6f45d594,"{""distance"":5,""physical_error_rate"":0.0005}","{""detection_events"":1590,""detectors_checked"":688128}"
      1297,         0,         0,   0.025,exact_mw,cb12ae119b9b2ba18d0216e7235b403229e92fd0743ede48fe7f1a2c6f45d594,"{""distance"":5,""physical_error_rate"":0.0005}","{""detection_events"":580,""detectors_checked"":290528}"
      1024,         0,         0,   0.028,exact_mw,cb12ae119b9b2ba18d0216e7235b403229e92fd0743ede48fe7f1a2c6f45d594,"{""distance"":5,""physical_error_rate"":0.0005}","{""detection_events"":499,""detectors_checked"":229376}"
     11264,         0,         0,   0.182,exact_mw,cb12ae119b9b2ba18d0216e7235b403229e92fd0743ede48fe7f1a2c6f45d594,"{""distance"":5,""physical_error_rate"":0.0005}","{""detection_events"":5443,""detectors_checked"":2523136}"
      4096,         0,         0,   0.075,exact_mw,cb12ae119b9b2ba18d0216e7235b403229e92fd0743ede48fe7f1a2c6f45d594,"{""distance"":5,""physical_error_rate"":0.0005}","{""detection_events"":1986,""detectors_checked"":917504}"
      7168,         0,         0,   0.143,exact_mw,cb12ae119b9b2ba18d0216e7235b403229e92fd0743ede48fe7f1a2c6f45d594,"{""distance"":5,""physical_error_rate"":0.0005}","{""detection_events"":3645,""detectors_checked"":1605632}"
      1024,         0,         0,   0.024,exact_mw,cb12ae119b9b2ba18d0216e7235b403229e92fd0743ede48fe7f1a2c6f45d594,"{""distance"":5,""physical_error_rate"":0.0005}","{""detection_events"":519,""detectors_checked"":229376}"
      7168,         0,         0,   0.134,exact_mw,cb12ae119b9b2ba18d0216e7235b403229e92fd0743ede48fe7f1a2c6f45d594,"{""distance"":5,""physical_error_rate"":0.0005}","{""detection_events"":3707,""detectors_checked"":1605632}"
      8192,         0,         0,   0.133,exact_mw,cb12ae119b9b2ba18d0216e7235b403229e92fd0743ede48fe7f1a2c6f45d594,"{""distance"":5,""physical_error_rate"":0.0005}","{""detection_events"":4044,""detectors_checked"":1835008}"
      6144,         0,         0,   0.086,exact_mw,cb12ae119b9b2ba18d0216e7235b403229e92fd0743ede48fe7f1a2c6f45d594,"{""distance"":5,""physical_error_rate"":0.0005}","{""detection_events"":2937,""detectors_checked"":1376256}"
      4096,         0,         0,   0.075,exact_mw,cb12ae119b9b2ba18d0216e7235b403229e92fd0743ede48fe7f1a2c6f45d594,"{""distance"":5,""physical_error_rate"":0.0005}","{""detection_events"":2145,""detectors_checked"":917504}"
     22528,         0,         0,   0.383,exact_mw,cb12ae119b9b2ba18d0216e7235b403229e92fd0743ede48fe7f1a2c6f45d594,"{""distance"":5,""physical_error_rate"":0.0005}","{""detection_events"":11150,""detectors_checked"":5046272}"
      1024,         0,         0,   0.023,exact_mw,cb12ae119b9b2ba18d0216e7235b403229e92fd0743ede48fe7f1a2c6f45d594,"{""distance"":5,""physical_error_rate"":0.0005}","{""detection_events"":460,""detectors_checked"":229376}"
      1297,         0,         0,   0.026,exact_mw,cb12ae119b9b2ba18d0216e7235b403229e92fd0743ede48fe7f1a2c6f45d594,"{""distance"":5,""physical_error_rate"":0.0005}","{""detection_events"":655,""detectors_checked"":290528}"
      3072,         0,         0,   0.072,exact_mw,cb12ae119b9b2ba18d0216e7235b403229e92fd0743ede48fe7f1a2c6f45d594,"{""distance"":5,""physical_error_rate"":0.0005}","{""detection_events"":1469,""detectors_checked"":688128}"
      1024,         0,         0,   0.028,exact_mw,cb12ae119b9b2ba18d0216e7235b403229e92fd0743ede48fe7f1a2c6f45d594,"{""distance"":5,""physical_error_rate"":0.0005}","{""detection_events"":510,""detectors_checked"":229376}"
      1024,         0,         0,   0.024,exact_mw,cb12ae119b9b2ba18d0216e7235b403229e92fd0743ede48fe7f1a2c6f45d594,"{""distance"":5,""physical_error_rate"":0.0005}","{""detection_events"":567,""detectors_checked"":229376}"
      4096,         0,         0,   0.075,exact_mw,cb12ae119b9b2ba18d0216e7235b403229e92fd0743ede48fe7f1a2c6f45d594,"{""distance"":5,""physical_error_rate"":0.0005}","{""detection_events"":1852,""detectors_checked"":917504}"
      5120,         0,         0,   0.056,exact_mw,cb12ae119b9b2ba18d0216e7235b403229e92fd0743ede48fe7f1a2c6f45d594,"{""distance"":5,""physical_error_rate"":0.0005}","{""detection_events"":2593,""detectors_checked"":1146880}"
      9216,         0,         0,   0.150,exact_mw,cb12ae119b9b2ba18d0216e7235b403229e92fd0743ede48fe7f1a2c6f45d594,"{""distance"":5,""physical_error_rate"":0.0005}","{""detection_events"":4454,""detectors_checked"":2064384}"
      2048,         0,         0,   0.055,exact_mw,cb12ae119b9b2ba18d0216e7235b403229e92fd0743ede48fe7f1a2c6f45d594,"{""distance"":5,""physical_error_rate"":0.0005}","{""detection_events"":911,""detectors_checked"":458752}"
      2048,         0,         0,   0.027,exact_mw,cb12ae119b9b2ba18d0216e7235b403229e92fd0743ede48fe7f1a2c6f45d594,"{""distance"":5,""physical_error_rate"":0.0005}","{""detection_events"":987,""detectors_checked"":458752}"
      1024,         0,         0,   0.025,exact_mw,cb12ae119b9b2ba18d0216e7235b403229e92fd0743ede48fe7f1a2c6f45d594,"{""distance"":5,""physical_error_rate"":0.0005}","{""detection_events"":551,""detectors_checked"":229376}"
      4096,         0,         0,   0.060,exact_mw,cb12ae119b9b2ba18d0216e7235b403229e92fd0743ede48fe7f1a2c6f45d594,"{""distance"":5,""physical_error_rate"":0.0005}","{""detection_events"":2113,""detectors_checked"":917504}"
      2048,         0,         0,   0.027,exact_mw,cb12ae119b9b2ba18d0216e7235b403229e92fd0743ede48fe7f1a2c6f45d594,"{""distance"":5,""physical_error_rate"":0.0005}","{""detection_events"":999,""detectors_checked"":458752}"
      1297,         0,         0,   0.084,exact_mw,cb12ae119b9b2ba18d0216e7235b403229e92fd0743ede48fe7f1a2c6f45d594,"{""distance"":5,""physical_error_rate"":0.0005}","{""detection_events"":652,""detectors_checked"":290528}"
      7168,         0,         0,   0.125,exact_mw,cb12ae119b9b2ba18d0216e7235b403229e92fd0743ede48fe7f1a2c6f45d594,"{""distance"":5,""physical_error_rate"":0.0005}","{""detection_events"":3604,""detectors_checked"":1605632}"
      1024,         0,         0,   0.025,exact_mw,cb12ae119b9b2ba18d0216e7235b403229e92fd0743ede48fe7f1a2c6f45d594,"{""distance"":5,""physical_error_rate"":0.0005}","{""detection_events"":535,""detectors_checked"":229376}"
    123904,         0,         0,    3.04,exact_mw,cb12ae119b9b2ba18d0216e7235b403229e92fd0743ede48fe7f1a2c6f45d594,"{""distance"":5,""physical_error_rate"":0.0005}","{""detection_events"":60821,""detectors_checked"":27754496}"
      4096,         0,         0,   0.076,exact_mw,cb12ae119b9b2ba18d0216e7235b403229e92fd0743ede48fe7f1a2c6f45d594,"{""distance"":5,""physical_error_rate"":0.0005}","{""detection_events"":2069,""detectors_checked"":917504}"
     36864,         0,         0,   0.796,exact_mw,cb12ae119b9b2ba18d0216e7235b403229e92fd0743ede48fe7f1a2c6f45d594,"{""distance"":5,""physical_error_rate"":0.0005}","{""detection_events"":17584,""detectors_checked"":8257536}"
      1024,         0,         0,   0.056,exact_mw,cb12ae119b9b2ba18d0216e7235b403229e92fd0743ede48fe7f1a2c6f45d594,"{""distance"":5,""physical_error_rate"":0.0005}","{""detection_events"":595,""detectors_checked"":229376}"
     10240,         0,         0,   0.190,exact_mw,cb12ae119b9b2ba18d0216e7235b403229e92fd0743ede48fe7f1a2c6f45d594,"{""distance"":5,""physical_error_rate"":0.0005}","{""detection_events"":5025,""detectors_checked"":2293760}"
      5120,         0,         0,   0.076,exact_mw,cb12ae119b9b2ba18d0216e7235b403229e92fd0743ede48fe7f1a2c6f45d594,"{""distance"":5,""physical_error_rate"":0.0005}","{""detection_events"":2409,""detectors_checked"":1146880}"
     24576,         0,         0,   0.405,exact_mw,cb12ae119b9b2ba18d0216e7235b403229e92fd0743ede48fe7f1a2c6f45d594,"{""distance"":5,""physical_error_rate"":0.0005}","{""detection_events"":12546,""detectors_checked"":5505024}"
      3072,         0,         0,   0.091,exact_mw,cb12ae119b9b2ba18d0216e7235b403229e92fd0743ede48fe7f1a2c6f45d594,"{""distance"":5,""physical_error_rate"":0.0005}","{""detection_events"":1630,""detectors_checked"":688128}"
      2048,         0,         0,   0.048,exact_mw,cb12ae119b9b2ba18d0216e7235b403229e92fd0743ede48fe7f1a2c6f45d594,"{""distance"":5,""physical_error_rate"":0.0005}","{""detection_events"":962,""detectors_checked"":458752}"
     23552,         0,         0,   0.283,exact_mw,cb12ae119b9b2ba18d0216e7235b403229e92fd0743ede48fe7f1a2c6f45d594,"{""distance"":5,""physical_error_rate"":0.0005}","{""detection_events"":11742,""detectors_checked"":5275648}"
      3072,         0,         0,   0.058,exact_mw,cb12ae119b9b2ba18d0216e7235b403229e92fd0743ede48fe7f1a2c6f45d594,"{""distance"":5,""physical_error_rate"":0.0005}","{""detection_events"":1414,""detectors_checked"":688128}"
      6144,         0,         0,   0.079,exact_mw,cb12ae119b9b2ba18d0216e7235b403229e92fd0743ede48fe7f1a2c6f45d594,"{""distance"":5,""physical_error_rate"":0.0005}","{""detection_events"":2955,""detectors_checked"":1376256}"
      4096,         0,         0,   0.111,exact_mw,cb12ae119b9b2ba18d0216e7235b403229e92fd0743ede48fe7f1a2c6f45d594,"{""distance"":5,""physical_error_rate"":0.0005}","{""detection_events"":2043,""detectors_checked"":917504}"
      2048,         0,         0,   0.049,exact_mw,cb12ae119b9b2ba18d0216e7235b403229e92fd0743ede48fe7f1a2c6f45d594,"{""distance"":5,""physical_error_rate"":0.0005}","{""detection_events"":1129,""detectors_checked"":458752}"
      7168,         0,         0,   0.082,exact_mw,cb12ae119b9b2ba18d0216e7235b403229e92fd0743ede48fe7f1a2c6f45d594,"{""distance"":5,""physical_error_rate"":0.0005}","{""detection_events"":3439,""detectors_checked"":1605632}"
      6144,         0,         0,   0.088,exact_mw,cb12ae119b9b2ba18d0216e7235b403229e92fd0743ede48fe7f1a2c6f45d594,"{""distance"":5,""physical_error_rate"":0.0005}","{""detection_events"":3099,""detectors_checked"":1376256}"
      2048,         0,         0,   0.049,exact_mw,cb12ae119b9b2ba18d0216e7235b403229e92fd0743ede48fe7f1a2c6f45d594,"{""distance"":5,""physical_error_rate"":0.0005}","{""detection_events"":1044,""detectors_checked"":458752}"
      5120,         0,         0,   0.080,exact_mw,cb12ae119b9b2ba18d0216e7235b403229e92fd0743ede48fe7f1a2c6f45d594,"{""distance"":5,""physical_error_rate"":0.0005}","{""detection_events"":2552,""detectors_checked"":1146880}"
     38912,         0,         0,   0.289,exact_mw,cb12ae119b9b2ba18d0216e7235b403229e92fd0743ede48fe7f1a2c6f45d594,"{""distance"":5,""physical_error_rate"":0.0005}","{""detection_events"":19289,""detectors_checked"":8716288}"
      1024,         0,         0,   0.079,exact_mw,cb12ae119b9b2ba18d0216e7235b403229e92fd0743ede48fe7f1a2c6f45d594,"{""distance"":5,""physical_error_rate"":0.0005}","{""detection_events"":506,""detectors_checked"":229376}"
      2048,         0,         0,   0.056,exact_mw,cb12ae119b9b2ba18d0216e7235b403229e92fd0743ede48fe7f1a2c6f45d594,"{""distance"":5,""physical_error_rate"":0.0005}","{""detection_events"":1005,""detectors_checked"":458752}"
      3072,         0,         0,   0.048,exact_mw,cb12ae119b9b2ba18d0216e7235b403229e92fd0743ede48fe7f1a2c6f45d594,"{""distance"":5,""physical_error_rate"":0.0005}","{""detection_events"":1572,""detectors_checked"":688128}"
     36864,         0,         0,   0.797,exact_mw,cb12ae119b9b2ba18d0216e7235b403229e92fd0743ede48fe7f1a2c6f45d594,"{""distance"":5,""physical_error_rate"":0.0005}","{""detection_events"":17947,""detectors_checked"":8257536}"
    107520,         0,         0,    2.15,exact_mw,cb12ae119b9b2ba18d0216e7235b403229e92fd0743ede48fe7f1a2c6f45d594,"{""distance"":5,""physical_error_rate"":0.0005}","{""detection_events"":52970,""detectors_checked"":24084480}"
     25600,         0,         0,   0.296,exact_mw,cb12ae119b9b2ba18d0216e7235b403229e92fd0743ede48fe7f1a2c6f45d594,"{""distance"":5,""physical_error_rate"":0.0005}","{""detection_events"":12582,""detectors_checked"":5734400}"
     11264,         0,         0,   0.210,exact_mw,cb12ae119b9b2ba18d0216e7235b403229e92fd0743ede48fe7f1a2c6f45d594,"{""distance"":5,""physical_error_rate"":0.0005}","{""detection_events"":5340,""detectors_checked"":2523136}"
      6144,         0,         0,   0.127,exact_mw,cb12ae119b9b2ba18d0216e7235b403229e92fd0743ede48fe7f1a2c6f45d594,"{""distance"":5,""physical_error_rate"":0.0005}","{""detection_events"":2955,""detectors_checked"":1376256}"
     13312,         0,         0,   0.223,exact_mw,cb12ae119b9b2ba18d0216e7235b403229e92fd0743ede48fe7f1a2c6f45d594,"{""distance"":5,""physical_error_rate"":0.0005}","{""detection_events"":6521,""detectors_checked"":2981888}"
      2048,         0,         0,   0.049,exact_mw,cb12ae119b9b2ba18d0216e7235b403229e92fd0743ede48fe7f1a2c6f45d594,"{""distance"":5,""physical_error_rate"":0.0005}","{""detection_events"":956,""detectors_checked"":458752}"
     13312,         0,         0,   0.208,exact_mw,cb12ae119b9b2ba18d0216e7235b403229e92fd0743ede48fe7f1a2c6f45d594,"{""distance"":5,""physical_error_rate"":0.0005}","{""detection_events"":6577,""detectors_checked"":2981888}"
     12288,         0,         0,   0.230,exact_mw,cb12ae119b9b2ba18d0216e7235b403229e92fd0743ede48fe7f1a2c6f45d594,"{""distance"":5,""physical_error_rate"":0.0005}","{""detection_events"":5858,""detectors_checked"":2752512}"
      3072,         0,         0,   0.075,exact_mw,cb12ae119b9b2ba18d0216e7235b403229e92fd0743ede48fe7f1a2c6f45d594,"{""distance"":5,""physical_error_rate"":0.0005}","{""detection_events"":1470,""detectors_checked"":688128}"
    128000,         0,         0,    3.03,exact_mw,cb12ae119b9b2ba18d0216e7235b403229e92fd0743ede48fe7f1a2c6f45d594,"{""distance"":5,""physical_error_rate"":0.0005}","{""detection_events"":62866,""detectors_checked"":28672000}"
    146432,         1,         0,    3.00,exact_mw,cb12ae119b9b2ba18d0216e7235b403229e92fd0743ede48fe7f1a2c6f45d594,"{""distance"":5,""physical_error_rate"":0.0005}","{""detection_events"":72176,""detectors_checked"":32800768,""obs_mistake_mask=E"":1}"
      3072,         0,         0,   0.082,exact_mw,cb12ae119b9b2ba18d0216e7235b403229e92fd0743ede48fe7f1a2c6f45d594,"{""distance"":5,""physical_error_rate"":0.0005}","{""detection_events"":1351,""detectors_checked"":688128}"
     11264,         0,         0,   0.808,exact_mw,cb12ae119b9b2ba18d0216e7235b403229e92fd0743ede48fe7f1a2c6f45d594,"{""distance"":5,""physical_error_rate"":0.0005}","{""detection_events"":5474,""detectors_checked"":2523136}"
      7168,         0,         0,   0.127,exact_mw,cb12ae119b9b2ba18d0216e7235b403229e92fd0743ede48fe7f1a2c6f45d594,"{""distance"":5,""physical_error_rate"":0.0005}","{""detection_events"":3727,""detectors_checked"":1605632}"
      7168,         0,         0,   0.127,exact_mw,cb12ae119b9b2ba18d0216e7235b403229e92fd0743ede48fe7f1a2c6f45d594,"{""distance"":5,""physical_error_rate"":0.0005}","{""detection_events"":3338,""detectors_checked"":1605632}"
     25600,         0,         0,   0.415,exact_mw,cb12ae119b9b2ba18d0216e7235b403229e92fd0743ede48fe7f1a2c6f45d594,"{""distance"":5,""physical_error_rate"":0.0005}","{""detection_events"":12535,""detectors_checked"":5734400}"
      4096,         0,         0,   0.085,exact_mw,cb12ae119b9b2ba18d0216e7235b403229e92fd0743ede48fe7f1a2c6f45d594,"{""distance"":5,""physical_error_rate"":0.0005}","{""detection_events"":1964,""detectors_checked"":917504}"
     10240,         0,         0,   0.112,exact_mw,cb12ae119b9b2ba18d0216e7235b403229e92fd0743ede48fe7f1a2c6f45d594,"{""distance"":5,""physical_error_rate"":0.0005}","{""detection_events"":5130,""detectors_checked"":2293760}"
      9216,         0,         0,   0.217,exact_mw,cb12ae119b9b2ba18d0216e7235b403229e92fd0743ede48fe7f1a2c6f45d594,"{""distance"":5,""physical_error_rate"":0.0005}","{""detection_events"":4644,""detectors_checked"":2064384}"
      3072,         0,         0,   0.084,exact_mw,cb12ae119b9b2ba18d0216e7235b403229e92fd0743ede48fe7f1a2c6f45d594,"{""distance"":5,""physical_error_rate"":0.0005}","{""detection_events"":1573,""detectors_checked"":688128}"
      9216,         0,         0,   0.226,exact_mw,cb12ae119b9b2ba18d0216e7235b403229e92fd0743ede48fe7f1a2c6f45d594,"{""distance"":5,""physical_error_rate"":0.0005}","{""detection_events"":4696,""detectors_checked"":2064384}"
     12288,         0,         0,   0.225,exact_mw,cb12ae119b9b2ba18d0216e7235b403229e92fd0743ede48fe7f1a2c6f45d594,"{""distance"":5,""physical_error_rate"":0.0005}","{""detection_events"":6240,""detectors_checked"":2752512}"
      7168,         0,         0,   0.124,exact_mw,cb12ae119b9b2ba18d0216e7235b403229e92fd0743ede48fe7f1a2c6f45d594,"{""distance"":5,""physical_error_rate"":0.0005}","{""detection_events"":3462,""detectors_checked"":1605632}"
      7168,         0,         0,   0.110,exact_mw,cb12ae119b9b2ba18d0216e7235b403229e92fd0743ede48fe7f1a2c6f45d594,"{""distance"":5,""physical_error_rate"":0.0005}","{""detection_events"":3523,""detectors_checked"":1605632}"
     27648,         0,         0,   0.419,exact_mw,cb12ae119b9b2ba18d0216e7235b403229e92fd0743ede48fe7f1a2c6f45d594,"{""distance"":5,""physical_error_rate"":0.0005}","{""detection_events"":13978,""detectors_checked"":6193152}"
      4096,         0,         0,   0.078,exact_mw,cb12ae119b9b2ba18d0216e7235b403229e92fd0743ede48fe7f1a2c6f45d594,"{""distance"":5,""physical_error_rate"":0.0005}","{""detection_events"":2072,""detectors_checked"":917504}"
      7168,         0,         0,   0.158,exact_mw,cb12ae119b9b2ba18d0216e7235b403229e92fd0743ede48fe7f1a2c6f45d594,"{""distance"":5,""physical_error_rate"":0.0005}","{""detection_events"":3499,""detectors_checked"":1605632}"
     14336,         0,         0,   0.221,exact_mw,cb12ae119b9b2ba18d0216e7235b403229e92fd0743ede48fe7f1a2c6f45d594,"{""distance"":5,""physical_error_rate"":0.0005}","{""detection_events"":6988,""detectors_checked"":3211264}"
      3072,         0,         0,   0.083,exact_mw,cb12ae119b9b2ba18d0216e7235b403229e92fd0743ede48fe7f1a2c6f45d594,"{""distance"":5,""physical_error_rate"":0.0005}","{""detection_events"":1550,""detectors_checked"":688128}"
      7168,         0,         0,   0.164,exact_mw,cb12ae119b9b2ba18d0216e7235b403229e92fd0743ede48fe7f1a2c6f45d594,"{""distance"":5,""physical_error_rate"":0.0005}","{""detection_events"":3464,""detectors_checked"":1605632}"
     10240,         0,         0,   0.304,exact_mw,cb12ae119b9b2ba18d0216e7235b403229e92fd0743ede48fe7f1a2c6f45d594,"{""distance"":5,""physical_error_rate"":0.0005}","{""detection_events"":5296,""detectors_checked"":2293760}"
     43008,         0,         0,    2.15,exact_mw,cb12ae119b9b2ba18d0216e7235b403229e92fd0743ede48fe7f1a2c6f45d594,"{""distance"":5,""physical_error_rate"":0.0005}","{""detection_events"":20807,""detectors_checked"":9633792}"
      9216,         0,         0,   0.168,exact_mw,cb12ae119b9b2ba18d0216e7235b403229e92fd0743ede48fe7f1a2c6f45d594,"{""distance"":5,""physical_error_rate"":0.0005}","{""detection_events"":4730,""detectors_checked"":2064384}"
      1024,         0,         0,   0.157,exact_mw,cb12ae119b9b2ba18d0216e7235b403229e92fd0743ede48fe7f1a2c6f45d594,"{""distance"":5,""physical_error_rate"":0.0005}","{""detection_events"":603,""detectors_checked"":229376}"
      4096,         0,         0,   0.076,exact_mw,cb12ae119b9b2ba18d0216e7235b403229e92fd0743ede48fe7f1a2c6f45d594,"{""distance"":5,""physical_error_rate"":0.0005}","{""detection_events"":2012,""detectors_checked"":917504}"
     11264,         0,         0,   0.248,exact_mw,cb12ae119b9b2ba18d0216e7235b403229e92fd0743ede48fe7f1a2c6f45d594,"{""distance"":5,""physical_error_rate"":0.0005}","{""detection_events"":5363,""detectors_checked"":2523136}"
     17408,         0,         0,   0.305,exact_mw,cb12ae119b9b2ba18d0216e7235b403229e92fd0743ede48fe7f1a2c6f45d594,"{""distance"":5,""physical_error_rate"":0.0005}","{""detection_events"":8343,""detectors_checked"":3899392}"
     87040,         0,         0,   0.413,exact_mw,cb12ae119b9b2ba18d0216e7235b403229e92fd0743ede48fe7f1a2c6f45d594,"{""distance"":5,""physical_error_rate"":0.0005}","{""detection_events"":42802,""detectors_checked"":19496960}"
      5120,         0,         0,   0.099,exact_mw,cb12ae119b9b2ba18d0216e7235b403229e92fd0743ede48fe7f1a2c6f45d594,"{""distance"":5,""physical_error_rate"":0.0005}","{""detection_events"":2550,""detectors_checked"":1146880}"
      5120,         0,         0,   0.101,exact_mw,cb12ae119b9b2ba18d0216e7235b403229e92fd0743ede48fe7f1a2c6f45d594,"{""distance"":5,""physical_error_rate"":0.0005}","{""detection_events"":2635,""detectors_checked"":1146880}"
      9216,         0,         0,   0.153,exact_mw,cb12ae119b9b2ba18d0216e7235b403229e92fd0743ede48fe7f1a2c6f45d594,"{""distance"":5,""physical_error_rate"":0.0005}","{""detection_events"":4403,""detectors_checked"":2064384}"
      5120,         0,         0,   0.104,exact_mw,cb12ae119b9b2ba18d0216e7235b403229e92fd0743ede48fe7f1a2c6f45d594,"{""distance"":5,""physical_error_rate"":0.0005}","{""detection_events"":2669,""detectors_checked"":1146880}"
     27648,         0,         0,   0.521,exact_mw,cb12ae119b9b2ba18d0216e7235b403229e92fd0743ede48fe7f1a2c6f45d594,"{""distance"":5,""physical_error_rate"":0.0005}","{""detection_events"":13868,""detectors_checked"":6193152}"
     30720,         0,         0,   0.546,exact_mw,cb12ae119b9b2ba18d0216e7235b403229e92fd0743ede48fe7f1a2c6f45d594,"{""distance"":5,""physical_error_rate"":0.0005}","{""detection_events"":14915,""detectors_checked"":6881280}"
      7168,         0,         0,   0.139,exact_mw,cb12ae119b9b2ba18d0216e7235b403229e92fd0743ede48fe7f1a2c6f45d594,"{""distance"":5,""physical_error_rate"":0.0005}","{""detection_events"":3319,""detectors_checked"":1605632}"
      9216,         0,         0,   0.135,exact_mw,cb12ae119b9b2ba18d0216e7235b403229e92fd0743ede48fe7f1a2c6f45d594,"{""distance"":5,""physical_error_rate"":0.0005}","{""detection_events"":4753,""detectors_checked"":2064384}"
      1024,         0,         0,   0.076,exact_mw,cb12ae119b9b2ba18d0216e7235b403229e92fd0743ede48fe7f1a2c6f45d594,"{""distance"":5,""physical_error_rate"":0.0005}","{""detection_events"":461,""detectors_checked"":229376}"
     20480,         0,         0,   0.408,exact_mw,cb12ae119b9b2ba18d0216e7235b403229e92fd0743ede48fe7f1a2c6f45d594,"{""distance"":5,""physical_error_rate"":0.0005}","{""detection_events"":10339,""detectors_checked"":4587520}"
     31744,         0,         0,   0.563,exact_mw,cb12ae119b9b2ba18d0216e7235b403229e92fd0743ede48fe7f1a2c6f45d594,"{""distance"":5,""physical_error_rate"":0.0005}","{""detection_events"":15665,""detectors_checked"":7110656}"
     20480,         0,         0,   0.151,exact_mw,cb12ae119b9b2ba18d0216e7235b403229e92fd0743ede48fe7f1a2c6f45d594,"{""distance"":5,""physical_error_rate"":0.0005}","{""detection_events"":9983,""detectors_checked"":4587520}"
      8192,         0,         0,   0.124,exact_mw,cb12ae119b9b2ba18d0216e7235b403229e92fd0743ede48fe7f1a2c6f45d594,"{""distance"":5,""physical_error_rate"":0.0005}","{""detection_events"":4089,""detectors_checked"":1835008}"
      1297,         0,         0,   0.025,exact_mw,cb12ae119b9b2ba18d0216e7235b403229e92fd0743ede48fe7f1a2c6f45d594,"{""distance"":5,""physical_error_rate"":0.0005}","{""detection_events"":654,""detectors_checked"":290528}"
     13312,         0,         0,   0.298,exact_mw,cb12ae119b9b2ba18d0216e7235b403229e92fd0743ede48fe7f1a2c6f45d594,"{""distance"":5,""physical_error_rate"":0.0005}","{""detection_events"":6452,""detectors_checked"":2981888}"
      7168,         0,         0,   0.123,exact_mw,cb12ae119b9b2ba18d0216e7235b403229e92fd0743ede48fe7f1a2c6f45d594,"{""distance"":5,""physical_error_rate"":0.0005}","{""detection_events"":3530,""detectors_checked"":1605632}"
     11264,         0,         0,   0.170,exact_mw,cb12ae119b9b2ba18d0216e7235b403229e92fd0743ede48fe7f1a2c6f45d594,"{""distance"":5,""physical_error_rate"":0.0005}","{""detection_events"":5420,""detectors_checked"":2523136}"
      2048,         0,         0,   0.028,exact_mw,cb12ae119b9b2ba18d0216e7235b403229e92fd0743ede48fe7f1a2c6f45d594,"{""distance"":5,""physical_error_rate"":0.0005}","{""detection_events"":1005,""detectors_checked"":458752}"
    126976,         0,         0,    3.03,exact_mw,cb12ae119b9b2ba18d0216e7235b403229e92fd0743ede48fe7f1a2c6f45d594,"{""distance"":5,""physical_error_rate"":0.0005}","{""detection_events"":62960,""detectors_checked"":28442624}"
      5120,         0,         0,   0.127,exact_mw,cb12ae119b9b2ba18d0216e7235b403229e92fd0743ede48fe7f1a2c6f45d594,"{""distance"":5,""physical_error_rate"":0.0005}","{""detection_events"":2566,""detectors_checked"":1146880}"
      2048,         0,         0,   0.028,exact_mw,cb12ae119b9b2ba18d0216e7235b403229e92fd0743ede48fe7f1a2c6f45d594,"{""distance"":5,""physical_error_rate"":0.0005}","{""detection_events"":981,""detectors_checked"":458752}"
      1024,         0,         0,   0.079,exact_mw,cb12ae119b9b2ba18d0216e7235b403229e92fd0743ede48fe7f1a2c6f45d594,"{""distance"":5,""physical_error_rate"":0.0005}","{""detection_events"":499,""detectors_checked"":229376}"
     15360,         0,         0,   0.301,exact_mw,cb12ae119b9b2ba18d0216e7235b403229e92fd0743ede48fe7f1a2c6f45d594,"{""distance"":5,""physical_error_rate"":0.0005}","{""detection_events"":7484,""detectors_checked"":3440640}"
      2048,         0,         0,   0.027,exact_mw,cb12ae119b9b2ba18d0216e7235b403229e92fd0743ede48fe7f1a2c6f45d594,"{""distance"":5,""physical_error_rate"":0.0005}","{""detection_events"":982,""detectors_checked"":458752}"
     19456,         0,         0,   0.305,exact_mw,cb12ae119b9b2ba18d0216e7235b403229e92fd0743ede48fe7f1a2c6f45d594,"{""distance"":5,""physical_error_rate"":0.0005}","{""detection_events"":9539,""detectors_checked"":4358144}"
     12288,         0,         0,   0.199,exact_mw,cb12ae119b9b2ba18d0216e7235b403229e92fd0743ede48fe7f1a2c6f45d594,"{""distance"":5,""physical_error_rate"":0.0005}","{""detection_events"":6018,""detectors_checked"":2752512}"
     19456,         0,         0,   0.298,exact_mw,cb12ae119b9b2ba18d0216e7235b403229e92fd0743ede48fe7f1a2c6f45d594,"{""distance"":5,""physical_error_rate"":0.0005}","{""detection_events"":9908,""detectors_checked"":4358144}"
      6144,         0,         0,   0.120,exact_mw,cb12ae119b9b2ba18d0216e7235b403229e92fd0743ede48fe7f1a2c6f45d594,"{""distance"":5,""physical_error_rate"":0.0005}","{""detection_events"":2937,""detectors_checked"":1376256}"
      7168,         0,         0,   0.150,exact_mw,cb12ae119b9b2ba18d0216e7235b403229e92fd0743ede48fe7f1a2c6f45d594,"{""distance"":5,""physical_error_rate"":0.0005}","{""detection_events"":3510,""detectors_checked"":1605632}"
      7168,         0,         0,   0.150,exact_mw,cb12ae119b9b2ba18d0216e7235b403229e92fd0743ede48fe7f1a2c6f45d594,"{""distance"":5,""physical_error_rate"":0.0005}","{""detection_events"":3424,""detectors_checked"":1605632}"
     17408,         0,         0,   0.306,exact_mw,cb12ae119b9b2ba18d0216e7235b403229e92fd0743ede48fe7f1a2c6f45d594,"{""distance"":5,""physical_error_rate"":0.0005}","{""detection_events"":8692,""detectors_checked"":3899392}"
     73728,         0,         0,    3.05,exact_mw,cb12ae119b9b2ba18d0216e7235b403229e92fd0743ede48fe7f1a2c6f45d594,"{""distance"":5,""physical_error_rate"":0.0005}","{""detection_events"":36453,""detectors_checked"":16515072}"
     11264,         0,         0,   0.230,exact_mw,cb12ae119b9b2ba18d0216e7235b403229e92fd0743ede48fe7f1a2c6f45d594,"{""distance"":5,""physical_error_rate"":0.0005}","{""detection_events"":5514,""detectors_checked"":2523136}"
     45056,         0,         0,   0.405,exact_mw,cb12ae119b9b2ba18d0216e7235b403229e92fd0743ede48fe7f1a2c6f45d594,"{""distance"":5,""physical_error_rate"":0.0005}","{""detection_events"":22482,""detectors_checked"":10092544}"
     15360,         0,         0,   0.223,exact_mw,cb12ae119b9b2ba18d0216e7235b403229e92fd0743ede48fe7f1a2c6f45d594,"{""distance"":5,""physical_error_rate"":0.0005}","{""detection_events"":7630,""detectors_checked"":3440640}"
     23552,         0,         0,   0.191,exact_mw,cb12ae119b9b2ba18d0216e7235b403229e92fd0743ede48fe7f1a2c6f45d594,"{""distance"":5,""physical_error_rate"":0.0005}","{""detection_events"":11039,""detectors_checked"":5275648}"
     14336,         0,         0,   0.296,exact_mw,cb12ae119b9b2ba18d0216e7235b403229e92fd0743ede48fe7f1a2c6f45d594,"{""distance"":5,""physical_error_rate"":0.0005}","{""detection_events"":7201,""detectors_checked"":3211264}"
      4096,         0,         0,   0.059,exact_mw,cb12ae119b9b2ba18d0216e7235b403229e92fd0743ede48fe7f1a2c6f45d594,"{""distance"":5,""physical_error_rate"":0.0005}","{""detection_events"":2034,""detectors_checked"":917504}"
      1024,         0,         0,   0.081,exact_mw,cb12ae119b9b2ba18d0216e7235b403229e92fd0743ede48fe7f1a2c6f45d594,"{""distance"":5,""physical_error_rate"":0.0005}","{""detection_events"":494,""detectors_checked"":229376}"
     16384,         0,         0,   0.301,exact_mw,cb12ae119b9b2ba18d0216e7235b403229e92fd0743ede48fe7f1a2c6f45d594,"{""distance"":5,""physical_error_rate"":0.0005}","{""detection_events"":8167,""detectors_checked"":3670016}"
      7168,         0,         0,   0.149,exact_mw,cb12ae119b9b2ba18d0216e7235b403229e92fd0743ede48fe7f1a2c6f45d594,"{""distance"":5,""physical_error_rate"":0.0005}","{""detection_events"":3632,""detectors_checked"":1605632}"
     16384,         0,         0,   0.305,exact_mw,cb12ae119b9b2ba18d0216e7235b403229e92fd0743ede48fe7f1a2c6f45d594,"{""distance"":5,""physical_error_rate"":0.0005}","{""detection_events"":8147,""detectors_checked"":3670016}"
     54272,         0,         0,   0.393,exact_mw,cb12ae119b9b2ba18d0216e7235b403229e92fd0743ede48fe7f1a2c6f45d594,"{""distance"":5,""physical_error_rate"":0.0005}","{""detection_events"":26909,""detectors_checked"":12156928}"
     62464,         0,         0,   0.404,exact_mw,cb12ae119b9b2ba18d0216e7235b403229e92fd0743ede48fe7f1a2c6f45d594,"{""distance"":5,""physical_error_rate"":0.0005}","{""detection_events"":30745,""detectors_checked"":13991936}"
     41984,         0,         0,   0.766,exact_mw,cb12ae119b9b2ba18d0216e7235b403229e92fd0743ede48fe7f1a2c6f45d594,"{""distance"":5,""physical_error_rate"":0.0005}","{""detection_events"":20137,""detectors_checked"":9404416}"
     18432,         0,         0,   0.306,exact_mw,cb12ae119b9b2ba18d0216e7235b403229e92fd0743ede48fe7f1a2c6f45d594,"{""distance"":5,""physical_error_rate"":0.0005}","{""detection_events"":9231,""detectors_checked"":4128768}"
      7168,         0,         0,   0.149,exact_mw,cb12ae119b9b2ba18d0216e7235b403229e92fd0743ede48fe7f1a2c6f45d594,"{""distance"":5,""physical_error_rate"":0.0005}","{""detection_events"":3664,""detectors_checked"":1605632}"
      4096,         0,         0,   0.056,exact_mw,cb12ae119b9b2ba18d0216e7235b403229e92fd0743ede48fe7f1a2c6f45d594,"{""distance"":5,""physical_error_rate"":0.0005}","{""detection_events"":2193,""detectors_checked"":917504}"
     37888,         0,         0,   0.570,exact_mw,cb12ae119b9b2ba18d0216e7235b403229e92fd0743ede48fe7f1a2c6f45d594,"{""distance"":5,""physical_error_rate"":0.0005}","{""detection_events"":18104,""detectors_checked"":8486912}"
     13312,         0,         0,   0.221,exact_mw,cb12ae119b9b2ba18d0216e7235b403229e92fd0743ede48fe7f1a2c6f45d594,"{""distance"":5,""physical_error_rate"":0.0005}","{""detection_events"":6629,""detectors_checked"":2981888}"
     12288,         0,         0,   0.229,exact_mw,cb12ae119b9b2ba18d0216e7235b403229e92fd0743ede48fe7f1a2c6f45d594,"{""distance"":5,""physical_error_rate"":0.0005}","{""detection_events"":6289,""detectors_checked"":2752512}"
     11264,         0,         0,   0.217,exact_mw,cb12ae119b9b2ba18d0216e7235b403229e92fd0743ede48fe7f1a2c6f45d594,"{""distance"":5,""physical_error_rate"":0.0005}","{""detection_events"":5419,""detectors_checked"":2523136}"
     16384,         0,         0,   0.293,exact_mw,cb12ae119b9b2ba18d0216e7235b403229e92fd0743ede48fe7f1a2c6f45d594,"{""distance"":5,""physical_error_rate"":0.0005}","{""detection_events"":7973,""detectors_checked"":3670016}"
      1024,         0,         0,   0.084,exact_mw,cb12ae119b9b2ba18d0216e7235b403229e92fd0743ede48fe7f1a2c6f45d594,"{""distance"":5,""physical_error_rate"":0.0005}","{""detection_events"":530,""detectors_checked"":229376}"
      8192,         0,         0,   0.154,exact_mw,cb12ae119b9b2ba18d0216e7235b403229e92fd0743ede48fe7f1a2c6f45d594,"{""distance"":5,""physical_error_rate"":0.0005}","{""detection_events"":4065,""detectors_checked"":1835008}"
     13312,         0,         0,   0.220,exact_mw,cb12ae119b9b2ba18d0216e7235b403229e92fd0743ede48fe7f1a2c6f45d594,"{""distance"":5,""physical_error_rate"":0.0005}","{""detection_events"":6674,""detectors_checked"":2981888}"
     52224,         0,         0,   0.799,exact_mw,cb12ae119b9b2ba18d0216e7235b403229e92fd0743ede48fe7f1a2c6f45d594,"{""distance"":5,""physical_error_rate"":0.0005}","{""detection_events"":25760,""detectors_checked"":11698176}"
      4096,         0,         0,   0.263,exact_mw,cb12ae119b9b2ba18d0216e7235b403229e92fd0743ede48fe7f1a2c6f45d594,"{""distance"":5,""physical_error_rate"":0.0005}","{""detection_events"":1930,""detectors_checked"":917504}"
      4096,         0,         0,   0.077,exact_mw,cb12ae119b9b2ba18d0216e7235b403229e92fd0743ede48fe7f1a2c6f45d594,"{""distance"":5,""physical_error_rate"":0.0005}","{""detection_events"":1972,""detectors_checked"":917504}"
     37888,         0,         0,   0.586,exact_mw,cb12ae119b9b2ba18d0216e7235b403229e92fd0743ede48fe7f1a2c6f45d594,"{""distance"":5,""physical_error_rate"":0.0005}","{""detection_events"":18083,""detectors_checked"":8486912}"
     22528,         0,         0,   0.408,exact_mw,cb12ae119b9b2ba18d0216e7235b403229e92fd0743ede48fe7f1a2c6f45d594,"{""distance"":5,""physical_error_rate"":0.0005}","{""detection_events"":10922,""detectors_checked"":5046272}"
      1297,         0,         0,   0.030,exact_mw,cb12ae119b9b2ba18d0216e7235b403229e92fd0743ede48fe7f1a2c6f45d594,"{""distance"":5,""physical_error_rate"":0.0005}","{""detection_events"":587,""detectors_checked"":290528}"
      1297,         0,         0,   0.025,exact_mw,cb12ae119b9b2ba18d0216e7235b403229e92fd0743ede48fe7f1a2c6f45d594,"{""distance"":5,""physical_error_rate"":0.0005}","{""detection_events"":638,""detectors_checked"":290528}"
     11264,         0,         0,   0.229,exact_mw,cb12ae119b9b2ba18d0216e7235b403229e92fd0743ede48fe7f1a2c6f45d594,"{""distance"":5,""physical_error_rate"":0.0005}","{""detection_events"":5510,""detectors_checked"":2523136}"
      9216,         0,         0,   0.210,exact_mw,cb12ae119b9b2ba18d0216e7235b403229e92fd0743ede48fe7f1a2c6f45d594,"{""distance"":5,""physical_error_rate"":0.0005}","{""detection_events"":4668,""detectors_checked"":2064384}"
      1024,         0,         0,   0.025,exact_mw,cb12ae119b9b2ba18d0216e7235b403229e92fd0743ede48fe7f1a2c6f45d594,"{""distance"":5,""physical_error_rate"":0.0005}","{""detection_events"":476,""detectors_checked"":229376}"
      2048,         0,         0,   0.032,exact_mw,cb12ae119b9b2ba18d0216e7235b403229e92fd0743ede48fe7f1a2c6f45d594,"{""distance"":5,""physical_error_rate"":0.0005}","{""detection_events"":870,""detectors_checked"":458752}"
     19456,         0,         0,   0.416,exact_mw,cb12ae119b9b2ba18d0216e7235b403229e92fd0743ede48fe7f1a2c6f45d594,"{""distance"":5,""physical_error_rate"":0.0005}","{""detection_events"":9784,""detectors_checked"":4358144}"
      2048,         0,         0,   0.028,exact_mw,cb12ae119b9b2ba18d0216e7235b403229e92fd0743ede48fe7f1a2c6f45d594,"{""distance"":5,""physical_error_rate"":0.0005}","{""detection_events"":1076,""detectors_checked"":458752}"
      1024,         0,         0,   0.028,exact_mw,cb12ae119b9b2ba18d0216e7235b403229e92fd0743ede48fe7f1a2c6f45d594,"{""distance"":5,""physical_error_rate"":0.0005}","{""detection_events"":458,""detectors_checked"":229376}"
     11264,         0,         0,   0.223,exact_mw,cb12ae119b9b2ba18d0216e7235b403229e92fd0743ede48fe7f1a2c6f45d594,"{""distance"":5,""physical_error_rate"":0.0005}","{""detection_events"":5559,""detectors_checked"":2523136}"
     16384,         0,         0,   0.297,exact_mw,cb12ae119b9b2ba18d0216e7235b403229e92fd0743ede48fe7f1a2c6f45d594,"{""distance"":5,""physical_error_rate"":0.0005}","{""detection_events"":8200,""detectors_checked"":3670016}"
      7168,         0,         0,   0.109,exact_mw,cb12ae119b9b2ba18d0216e7235b403229e92fd0743ede48fe7f1a2c6f45d594,"{""distance"":5,""physical_error_rate"":0.0005}","{""detection_events"":3779,""detectors_checked"":1605632}"
    151552,         0,         0,    3.01,exact_mw,cb12ae119b9b2ba18d0216e7235b403229e92fd0743ede48fe7f1a2c6f45d594,"{""distance"":5,""physical_error_rate"":0.0005}","{""detection_events"":74443,""detectors_checked"":33947648}"
      2048,         0,         0,   0.170,exact_mw,cb12ae119b9b2ba18d0216e7235b403229e92fd0743ede48fe7f1a2c6f45d594,"{""distance"":5,""physical_error_rate"":0.0005}","{""detection_events"":883,""detectors_checked"":458752}"
      1024,         0,         0,   0.030,exact_mw,cb12ae119b9b2ba18d0216e7235b403229e92fd0743ede48fe7f1a2c6f45d594,"{""distance"":5,""physical_error_rate"":0.0005}","{""detection_events"":480,""detectors_checked"":229376}"
     15360,         0,         0,   0.296,exact_mw,cb12ae119b9b2ba18d0216e7235b403229e92fd0743ede48fe7f1a2c6f45d594,"{""distance"":5,""physical_error_rate"":0.0005}","{""detection_events"":7234,""detectors_checked"":3440640}"
     33792,         0,         0,   0.570,exact_mw,cb12ae119b9b2ba18d0216e7235b403229e92fd0743ede48fe7f1a2c6f45d594,"{""distance"":5,""physical_error_rate"":0.0005}","{""detection_events"":16761,""detectors_checked"":7569408}"
     22528,         0,         0,   0.411,exact_mw,cb12ae119b9b2ba18d0216e7235b403229e92fd0743ede48fe7f1a2c6f45d594,"{""distance"":5,""physical_error_rate"":0.0005}","{""detection_events"":10620,""detectors_checked"":5046272}"
     11264,         0,         0,   0.222,exact_mw,cb12ae119b9b2ba18d0216e7235b403229e92fd0743ede48fe7f1a2c6f45d594,"{""distance"":5,""physical_error_rate"":0.0005}","{""detection_events"":5546,""detectors_checked"":2523136}"
      2048,         0,         0,   0.047,exact_mw,cb12ae119b9b2ba18d0216e7235b403229e92fd0743ede48fe7f1a2c6f45d594,"{""distance"":5,""physical_error_rate"":0.0005}","{""detection_events"":990,""detectors_checked"":458752}"
     36864,         0,         0,   0.567,exact_mw,cb12ae119b9b2ba18d0216e7235b403229e92fd0743ede48fe7f1a2c6f45d594,"{""distance"":5,""physical_error_rate"":0.0005}","{""detection_events"":18351,""detectors_checked"":8257536}"
     21504,         0,         0,   0.300,exact_mw,cb12ae119b9b2ba18d0216e7235b403229e92fd0743ede48fe7f1a2c6f45d594,"{""distance"":5,""physical_error_rate"":0.0005}","{""detection_events"":10388,""detectors_checked"":4816896}"
     11264,         0,         0,   0.219,exact_mw,cb12ae119b9b2ba18d0216e7235b403229e92fd0743ede48fe7f1a2c6f45d594,"{""distance"":5,""physical_error_rate"":0.0005}","{""detection_events"":5687,""detectors_checked"":2523136}"
      3072,         0,         0,   0.059,exact_mw,cb12ae119b9b2ba18d0216e7235b403229e92fd0743ede48fe7f1a2c6f45d594,"{""distance"":5,""physical_error_rate"":0.0005}","{""detection_events"":1405,""detectors_checked"":688128}"
      3072,         0,         0,   0.051,exact_mw,cb12ae119b9b2ba18d0216e7235b403229e92fd0743ede48fe7f1a2c6f45d594,"{""distance"":5,""physical_error_rate"":0.0005}","{""detection_events"":1598,""detectors_checked"":688128}"
    183296,         0,         0,    2.96,exact_mw,cb12ae119b9b2ba18d0216e7235b403229e92fd0743ede48fe7f1a2c6f45d594,"{""distance"":5,""physical_error_rate"":0.0005}","{""detection_events"":90227,""detectors_checked"":41058304}"
     32768,         0,         0,   0.345,exact_mw,cb12ae119b9b2ba18d0216e7235b403229e92fd0743ede48fe7f1a2c6f45d594,"{""distance"":5,""physical_error_rate"":0.0005}","{""detection_events"":16113,""detectors_checked"":7340032}"
     23552,         0,         0,   0.412,exact_mw,cb12ae119b9b2ba18d0216e7235b403229e92fd0743ede48fe7f1a2c6f45d594,"{""distance"":5,""physical_error_rate"":0.0005}","{""detection_events"":11351,""detectors_checked"":5275648}"
     14336,         0,         0,   0.290,exact_mw,cb12ae119b9b2ba18d0216e7235b403229e92fd0743ede48fe7f1a2c6f45d594,"{""distance"":5,""physical_error_rate"":0.0005}","{""detection_events"":7082,""detectors_checked"":3211264}"
     28672,         0,         0,   0.397,exact_mw,cb12ae119b9b2ba18d0216e7235b403229e92fd0743ede48fe7f1a2c6f45d594,"{""distance"":5,""physical_error_rate"":0.0005}","{""detection_events"":14114,""detectors_checked"":6422528}"
     26624,         0,         0,   0.423,exact_mw,cb12ae119b9b2ba18d0216e7235b403229e92fd0743ede48fe7f1a2c6f45d594,"{""distance"":5,""physical_error_rate"":0.0005}","{""detection_events"":12989,""detectors_checked"":5963776}"
     16384,         0,         0,   0.301,exact_mw,cb12ae119b9b2ba18d0216e7235b403229e92fd0743ede48fe7f1a2c6f45d594,"{""distance"":5,""physical_error_rate"":0.0005}","{""detection_events"":8327,""detectors_checked"":3670016}"
     74752,         0,         0,   0.574,exact_mw,cb12ae119b9b2ba18d0216e7235b403229e92fd0743ede48fe7f1a2c6f45d594,"{""distance"":5,""physical_error_rate"":0.0005}","{""detection_events"":36716,""detectors_checked"":16744448}"
     16384,         0,         0,   0.298,exact_mw,cb12ae119b9b2ba18d0216e7235b403229e92fd0743ede48fe7f1a2c6f45d594,"{""distance"":5,""physical_error_rate"":0.0005}","{""detection_events"":8112,""detectors_checked"":3670016}"
      3072,         0,         0,   0.061,exact_mw,cb12ae119b9b2ba18d0216e7235b403229e92fd0743ede48fe7f1a2c6f45d594,"{""distance"":5,""physical_error_rate"":0.0005}","{""detection_events"":1449,""detectors_checked"":688128}"
     20480,         0,         0,   0.427,exact_mw,cb12ae119b9b2ba18d0216e7235b403229e92fd0743ede48fe7f1a2c6f45d594,"{""distance"":5,""physical_error_rate"":0.0005}","{""detection_events"":9932,""detectors_checked"":4587520}"
         1,         0,         0,   0.000,exact_mw,cb12ae119b9b2ba18d0216e7235b403229e92fd0743ede48fe7f1a2c6f45d594,"{""distance"":5,""physical_error_rate"":0.0005}","{""detectors_checked"":224}"
      4096,         0,         0,   0.077,exact_mw,cb12ae119b9b2ba18d0216e7235b403229e92fd0743ede48fe7f1a2c6f45d594,"{""distance"":5,""physical_error_rate"":0.0005}","{""detection_events"":1906,""detectors_checked"":917504}"
     20480,         0,         0,   0.307,exact_mw,cb12ae119b9b2ba18d0216e7235b403229e92fd0743ede48fe7f1a2c6f45d594,"{""distance"":5,""physical_error_rate"":0.0005}","{""detection_events"":9999,""detectors_checked"":4587520}"
     12288,         0,         0,   0.170,exact_mw,cb12ae119b9b2ba18d0216e7235b403229e92fd0743ede48fe7f1a2c6f45d594,"{""distance"":5,""physical_error_rate"":0.0005}","{""detection_events"":6184,""detectors_checked"":2752512}"
      2048,         0,         0,   0.157,exact_mw,cb12ae119b9b2ba18d0216e7235b403229e92fd0743ede48fe7f1a2c6f45d594,"{""distance"":5,""physical_error_rate"":0.0005}","{""detection_events"":1067,""detectors_checked"":458752}"
      4096,         0,         0,   0.303,exact_mw,cb12ae119b9b2ba18d0216e7235b403229e92fd0743ede48fe7f1a2c6f45d594,"{""distance"":5,""physical_error_rate"":0.0005}","{""detection_events"":1956,""detectors_checked"":917504}"
     25600,         0,         0,   0.413,exact_mw,cb12ae119b9b2ba18d0216e7235b403229e92fd0743ede48fe7f1a2c6f45d594,"{""distance"":5,""physical_error_rate"":0.0005}","{""detection_events"":12215,""detectors_checked"":5734400}"
     31744,         0,         0,   0.553,exact_mw,cb12ae119b9b2ba18d0216e7235b403229e92fd0743ede48fe7f1a2c6f45d594,"{""distance"":5,""physical_error_rate"":0.0005}","{""detection_events"":15448,""detectors_checked"":7110656}"
     20480,         0,         0,   0.414,exact_mw,cb12ae119b9b2ba18d0216e7235b403229e92fd0743ede48fe7f1a2c6f45d594,"{""distance"":5,""physical_error_rate"":0.0005}","{""detection_events"":10246,""detectors_checked"":4587520}"
     23552,         0,         0,   0.433,exact_mw,cb12ae119b9b2ba18d0216e7235b403229e92fd0743ede48fe7f1a2c6f45d594,"{""distance"":5,""physical_error_rate"":0.0005}","{""detection_events"":11328,""detectors_checked"":5275648}"
      2320,         0,         0,   0.039,exact_mw,cb12ae119b9b2ba18d0216e7235b403229e92fd0743ede48fe7f1a2c6f45d594,"{""distance"":5,""physical_error_rate"":0.0005}","{""detection_events"":1059,""detectors_checked"":519680}"
      1024,         0,         0,   0.023,exact_mw,cb12ae119b9b2ba18d0216e7235b403229e92fd0743ede48fe7f1a2c6f45d594,"{""distance"":5,""physical_error_rate"":0.0005}","{""detection_events"":547,""detectors_checked"":229376}"
     58368,         0,         0,    1.08,exact_mw,cb12ae119b9b2ba18d0216e7235b403229e92fd0743ede48fe7f1a2c6f45d594,"{""distance"":5,""physical_error_rate"":0.0005}","{""detection_events"":28677,""detectors_checked"":13074432}"
     26624,         0,         0,   0.429,exact_mw,cb12ae119b9b2ba18d0216e7235b403229e92fd0743ede48fe7f1a2c6f45d594,"{""distance"":5,""physical_error_rate"":0.0005}","{""detection_events"":13552,""detectors_checked"":5963776}"
      4096,         0,         0,   0.090,exact_mw,cb12ae119b9b2ba18d0216e7235b403229e92fd0743ede48fe7f1a2c6f45d594,"{""distance"":5,""physical_error_rate"":0.0005}","{""detection_events"":2063,""detectors_checked"":917504}"
     20480,         0,         0,   0.405,exact_mw,cb12ae119b9b2ba18d0216e7235b403229e92fd0743ede48fe7f1a2c6f45d594,"{""distance"":5,""physical_error_rate"":0.0005}","{""detection_events"":9836,""detectors_checked"":4587520}"
      2048,         0,         0,   0.027,exact_mw,cb12ae119b9b2ba18d0216e7235b403229e92fd0743ede48fe7f1a2c6f45d594,"{""distance"":5,""physical_error_rate"":0.0005}","{""detection_events"":974,""detectors_checked"":458752}"
     16384,         0,         0,   0.302,exact_mw,cb12ae119b9b2ba18d0216e7235b403229e92fd0743ede48fe7f1a2c6f45d594,"{""distance"":5,""physical_error_rate"":0.0005}","{""detection_events"":8211,""detectors_checked"":3670016}"
     12288,         0,         0,   0.299,exact_mw,cb12ae119b9b2ba18d0216e7235b403229e92fd0743ede48fe7f1a2c6f45d594,"{""distance"":5,""physical_error_rate"":0.0005}","{""detection_events"":6244,""detectors_checked"":2752512}"
      5120,         0,         0,   0.095,exact_mw,cb12ae119b9b2ba18d0216e7235b403229e92fd0743ede48fe7f1a2c6f45d594,"{""distance"":5,""physical_error_rate"":0.0005}","{""detection_events"":2464,""detectors_checked"":1146880}"
      1297,         0,         0,   0.026,exact_mw,cb12ae119b9b2ba18d0216e7235b403229e92fd0743ede48fe7f1a2c6f45d594,"{""distance"":5,""physical_error_rate"":0.0005}","{""detection_events"":597,""detectors_checked"":290528}"
      2048,         0,         0,   0.049,exact_mw,cb12ae119b9b2ba18d0216e7235b403229e92fd0743ede48fe7f1a2c6f45d594,"{""distance"":5,""physical_error_rate"":0.0005}","{""detection_events"":1072,""detectors_checked"":458752}"
     14336,         0,         0,   0.303,exact_mw,cb12ae119b9b2ba18d0216e7235b403229e92fd0743ede48fe7f1a2c6f45d594,"{""distance"":5,""physical_error_rate"":0.0005}","{""detection_events"":7250,""detectors_checked"":3211264}"
      1024,         0,         0,   0.026,exact_mw,cb12ae119b9b2ba18d0216e7235b403229e92fd0743ede48fe7f1a2c6f45d594,"{""distance"":5,""physical_error_rate"":0.0005}","{""detection_events"":477,""detectors_checked"":229376}"
     77824,         0,         0,   0.580,exact_mw,cb12ae119b9b2ba18d0216e7235b403229e92fd0743ede48fe7f1a2c6f45d594,"{""distance"":5,""physical_error_rate"":0.0005}","{""detection_events"":38606,""detectors_checked"":17432576}"
      1024,         0,         0,   0.024,exact_mw,cb12ae119b9b2ba18d0216e7235b403229e92fd0743ede48fe7f1a2c6f45d594,"{""distance"":5,""physical_error_rate"":0.0005}","{""detection_events"":489,""detectors_checked"":229376}"
     16384,         0,         0,   0.309,exact_mw,cb12ae119b9b2ba18d0216e7235b403229e92fd0743ede48fe7f1a2c6f45d594,"{""distance"":5,""physical_error_rate"":0.0005}","{""detection_events"":8150,""detectors_checked"":3670016}"
     82944,         0,         0,   0.571,exact_mw,cb12ae119b9b2ba18d0216e7235b403229e92fd0743ede48fe7f1a2c6f45d594,"{""distance"":5,""physical_error_rate"":0.0005}","{""detection_events"":41077,""detectors_checked"":18579456}"
      4096,         0,         0,   0.071,exact_mw,cb12ae119b9b2ba18d0216e7235b403229e92fd0743ede48fe7f1a2c6f45d594,"{""distance"":5,""physical_error_rate"":0.0005}","{""detection_events"":1995,""detectors_checked"":917504}"
      6144,         0,         0,   0.122,exact_mw,cb12ae119b9b2ba18d0216e7235b403229e92fd0743ede48fe7f1a2c6f45d594,"{""distance"":5,""physical_error_rate"":0.0005}","{""detection_events"":2983,""detectors_checked"":1376256}"
      3072,         0,         0,   0.209,exact_mw,cb12ae119b9b2ba18d0216e7235b403229e92fd0743ede48fe7f1a2c6f45d594,"{""distance"":5,""physical_error_rate"":0.0005}","{""detection_events"":1501,""detectors_checked"":688128}"
    140288,         0,         0,   0.567,exact_mw,cb12ae119b9b2ba18d0216e7235b403229e92fd0743ede48fe7f1a2c6f45d594,"{""distance"":5,""physical_error_rate"":0.0005}","{""detection_events"":68469,""detectors_checked"":31424512}"
     14336,         0,         0,   0.289,exact_mw,cb12ae119b9b2ba18d0216e7235b403229e92fd0743ede48fe7f1a2c6f45d594,"{""distance"":5,""physical_error_rate"":0.0005}","{""detection_events"":7095,""detectors_checked"":3211264}"
      2048,         0,         0,   0.028,exact_mw,cb12ae119b9b2ba18d0216e7235b403229e92fd0743ede48fe7f1a2c6f45d594,"{""distance"":5,""physical_error_rate"":0.0005}","{""detection_events"":1028,""detectors_checked"":458752}"
     14336,         0,         0,   0.222,exact_mw,cb12ae119b9b2ba18d0216e7235b403229e92fd0743ede48fe7f1a2c6f45d594,"{""distance"":5,""physical_error_rate"":0.0005}","{""detection_events"":7112,""detectors_checked"":3211264}"
     36864,         0,         0,   0.811,exact_mw,cb12ae119b9b2ba18d0216e7235b403229e92fd0743ede48fe7f1a2c6f45d594,"{""distance"":5,""physical_error_rate"":0.0005}","{""detection_events"":17788,""detectors_checked"":8257536}"
     41984,         0,         0,   0.810,exact_mw,cb12ae119b9b2ba18d0216e7235b403229e92fd0743ede48fe7f1a2c6f45d594,"{""distance"":5,""physical_error_rate"":0.0005}","{""detection_events"":20520,""detectors_checked"":9404416}"
      7168,         0,         0,   0.138,exact_mw,cb12ae119b9b2ba18d0216e7235b403229e92fd0743ede48fe7f1a2c6f45d594,"{""distance"":5,""physical_error_rate"":0.0005}","{""detection_events"":3607,""detectors_checked"":1605632}"
     53248,         0,         0,   0.805,exact_mw,cb12ae119b9b2ba18d0216e7235b403229e92fd0743ede48fe7f1a2c6f45d594,"{""distance"":5,""physical_error_rate"":0.0005}","{""detection_events"":26259,""detectors_checked"":11927552}"
     37888,         0,         0,    1.12,exact_mw,cb12ae119b9b2ba18d0216e7235b403229e92fd0743ede48fe7f1a2c6f45d594,"{""distance"":5,""physical_error_rate"":0.0005}","{""detection_events"":18469,""detectors_checked"":8486912}"
     20480,         0,         0,   0.418,exact_mw,cb12ae119b9b2ba18d0216e7235b403229e92fd0743ede48fe7f1a2c6f45d594,"{""distance"":5,""physical_error_rate"":0.0005}","{""detection_events"":9842,""detectors_checked"":4587520}"
      1024,         0,         0,   0.029,exact_mw,cb12ae119b9b2ba18d0216e7235b403229e92fd0743ede48fe7f1a2c6f45d594,"{""distance"":5,""physical_error_rate"":0.0005}","{""detection_events"":493,""detectors_checked"":229376}"
         1,         0,         0,   0.000,exact_mw,cb12ae119b9b2ba18d0216e7235b403229e92fd0743ede48fe7f1a2c6f45d594,"{""distance"":5,""physical_error_rate"":0.0005}","{""detectors_checked"":224}"
         1,         0,         0,   0.000,exact_mw,cb12ae119b9b2ba18d0216e7235b403229e92fd0743ede48fe7f1a2c6f45d594,"{""distance"":5,""physical_error_rate"":0.0005}","{""detectors_checked"":224}"
      4096,         0,         0,   0.066,exact_mw,cb12ae119b9b2ba18d0216e7235b403229e92fd0743ede48fe7f1a2c6f45d594,"{""distance"":5,""physical_error_rate"":0.0005}","{""detection_events"":2106,""detectors_checked"":917504}"
     23552,         0,         0,   0.426,exact_mw,cb12ae119b9b2ba18d0216e7235b403229e92fd0743ede48fe7f1a2c6f45d594,"{""distance"":5,""physical_error_rate"":0.0005}","{""detection_events"":11455,""detectors_checked"":5275648}"
     26624,         0,         0,   0.388,exact_mw,cb12ae119b9b2ba18d0216e7235b403229e92fd0743ede48fe7f1a2c6f45d594,"{""distance"":5,""physical_error_rate"":0.0005}","{""detection_events"":13423,""detectors_checked"":5963776}"
      1296,         0,         0,   0.032,exact_mw,cb12ae119b9b2ba18d0216e7235b403229e92fd0743ede48fe7f1a2c6f45d594,"{""distance"":5,""physical_error_rate"":0.0005}","{""detection_events"":632,""detectors_checked"":290304}"
      2320,         0,         0,   0.041,exact_mw,cb12ae119b9b2ba18d0216e7235b403229e92fd0743ede48fe7f1a2c6f45d594,"{""distance"":5,""physical_error_rate"":0.0005}","{""detection_events"":1130,""detectors_checked"":519680}"
     29696,         0,         0,   0.547,exact_mw,cb12ae119b9b2ba18d0216e7235b403229e92fd0743ede48fe7f1a2c6f45d594,"{""distance"":5,""physical_error_rate"":0.0005}","{""detection_events"":14685,""detectors_checked"":6651904}"
      3072,         0,         0,   0.053,exact_mw,cb12ae119b9b2ba18d0216e7235b403229e92fd0743ede48fe7f1a2c6f45d594,"{""distance"":5,""physical_error_rate"":0.0005}","{""detection_events"":1532,""detectors_checked"":688128}"
      1024,         0,         0,   0.029,exact_mw,cb12ae119b9b2ba18d0216e7235b403229e92fd0743ede48fe7f1a2c6f45d594,"{""distance"":5,""physical_error_rate"":0.0005}","{""detection_events"":602,""detectors_checked"":229376}"
      2048,         0,         0,   0.032,exact_mw,cb12ae119b9b2ba18d0216e7235b403229e92fd0743ede48fe7f1a2c6f45d594,"{""distance"":5,""physical_error_rate"":0.0005}","{""detection_events"":946,""detectors_checked"":458752}"
      6144,         0,         0,   0.347,exact_mw,cb12ae119b9b2ba18d0216e7235b403229e92fd0743ede48fe7f1a2c6f45d594,"{""distance"":5,""physical_error_rate"":0.0005}","{""detection_events"":2967,""detectors_checked"":1376256}"
      7168,         0,         0,   0.132,exact_mw,cb12ae119b9b2ba18d0216e7235b403229e92fd0743ede48fe7f1a2c6f45d594,"{""distance"":5,""physical_error_rate"":0.0005}","{""detection_events"":3623,""detectors_checked"":1605632}"
      1024,         0,         0,   0.030,exact_mw,cb12ae119b9b2ba18d0216e7235b403229e92fd0743ede48fe7f1a2c6f45d594,"{""distance"":5,""physical_error_rate"":0.0005}","{""detection_events"":483,""detectors_checked"":229376}"
     37888,         0,         0,    1.14,exact_mw,cb12ae119b9b2ba18d0216e7235b403229e92fd0743ede48fe7f1a2c6f45d594,"{""distance"":5,""physical_error_rate"":0.0005}","{""detection_events"":18758,""detectors_checked"":8486912}"
     22528,         0,         0,   0.420,exact_mw,cb12ae119b9b2ba18d0216e7235b403229e92fd0743ede48fe7f1a2c6f45d594,"{""distance"":5,""physical_error_rate"":0.0005}","{""detection_events"":11276,""detectors_checked"":5046272}"
     35840,         0,         0,    1.10,exact_mw,cb12ae119b9b2ba18d0216e7235b403229e92fd0743ede48fe7f1a2c6f45d594,"{""distance"":5,""physical_error_rate"":0.0005}","{""detection_events"":17351,""detectors_checked"":8028160}"
      1024,         0,         0,   0.029,exact_mw,cb12ae119b9b2ba18d0216e7235b403229e92fd0743ede48fe7f1a2c6f45d594,"{""distance"":5,""physical_error_rate"":0.0005}","{""detection_events"":533,""detectors_checked"":229376}"
     20480,         0,         0,   0.413,exact_mw,cb12ae119b9b2ba18d0216e7235b403229e92fd0743ede48fe7f1a2c6f45d594,"{""distance"":5,""physical_error_rate"":0.0005}","{""detection_events"":10174,""detectors_checked"":4587520}"
     20480,         0,         0,   0.417,exact_mw,cb12ae119b9b2ba18d0216e7235b403229e92fd0743ede48fe7f1a2c6f45d594,"{""distance"":5,""physical_error_rate"":0.0005}","{""detection_events"":9949,""detectors_checked"":4587520}"
     26624,         0,         0,   0.590,exact_mw,cb12ae119b9b2ba18d0216e7235b403229e92fd0743ede48fe7f1a2c6f45d594,"{""distance"":5,""physical_error_rate"":0.0005}","{""detection_events"":13170,""detectors_checked"":5963776}"
      5120,         0,         0,   0.078,exact_mw,cb12ae119b9b2ba18d0216e7235b403229e92fd0743ede48fe7f1a2c6f45d594,"{""distance"":5,""physical_error_rate"":0.0005}","{""detection_events"":2490,""detectors_checked"":1146880}"
      9216,         0,         0,   0.145,exact_mw,cb12ae119b9b2ba18d0216e7235b403229e92fd0743ede48fe7f1a2c6f45d594,"{""distance"":5,""physical_error_rate"":0.0005}","{""detection_events"":4346,""detectors_checked"":2064384}"
      7168,         0,         0,   0.137,exact_mw,cb12ae119b9b2ba18d0216e7235b403229e92fd0743ede48fe7f1a2c6f45d594,"{""distance"":5,""physical_error_rate"":0.0005}","{""detection_events"":3472,""detectors_checked"":1605632}"
     10240,         0,         0,   0.375,exact_mw,cb12ae119b9b2ba18d0216e7235b403229e92fd0743ede48fe7f1a2c6f45d594,"{""distance"":5,""physical_error_rate"":0.0005}","{""detection_events"":5158,""detectors_checked"":2293760}"
      3072,         0,         0,   0.060,exact_mw,cb12ae119b9b2ba18d0216e7235b403229e92fd0743ede48fe7f1a2c6f45d594,"{""distance"":5,""physical_error_rate"":0.0005}","{""detection_events"":1460,""detectors_checked"":688128}"
     27648,         0,         0,   0.419,exact_mw,cb12ae119b9b2ba18d0216e7235b403229e92fd0743ede48fe7f1a2c6f45d594,"{""distance"":5,""physical_error_rate"":0.0005}","{""detection_events"":13420,""detectors_checked"":6193152}"
      3072,         0,         0,   0.066,exact_mw,cb12ae119b9b2ba18d0216e7235b403229e92fd0743ede48fe7f1a2c6f45d594,"{""distance"":5,""physical_error_rate"":0.0005}","{""detection_events"":1561,""detectors_checked"":688128}"
     29696,         0,         0,   0.559,exact_mw,cb12ae119b9b2ba18d0216e7235b403229e92fd0743ede48fe7f1a2c6f45d594,"{""distance"":5,""physical_error_rate"":0.0005}","{""detection_events"":14738,""detectors_checked"":6651904}"
     53248,         0,         0,   0.791,exact_mw,cb12ae119b9b2ba18d0216e7235b403229e92fd0743ede48fe7f1a2c6f45d594,"{""distance"":5,""physical_error_rate"":0.0005}","{""detection_events"":25915,""detectors_checked"":11927552}"
      4096,         0,         0,   0.062,exact_mw,cb12ae119b9b2ba18d0216e7235b403229e92fd0743ede48fe7f1a2c6f45d594,"{""distance"":5,""physical_error_rate"":0.0005}","{""detection_events"":2065,""detectors_checked"":917504}"
     18432,         0,         0,   0.405,exact_mw,cb12ae119b9b2ba18d0216e7235b403229e92fd0743ede48fe7f1a2c6f45d594,"{""distance"":5,""physical_error_rate"":0.0005}","{""detection_events"":9395,""detectors_checked"":4128768}"
      2048,         0,         0,   0.058,exact_mw,cb12ae119b9b2ba18d0216e7235b403229e92fd0743ede48fe7f1a2c6f45d594,"{""distance"":5,""physical_error_rate"":0.0005}","{""detection_events"":1106,""detectors_checked"":458752}"
     19456,         0,         0,   0.419,exact_mw,cb12ae119b9b2ba18d0216e7235b403229e92fd0743ede48fe7f1a2c6f45d594,"{""distance"":5,""physical_error_rate"":0.0005}","{""detection_events"":9431,""detectors_checked"":4358144}"
     38912,         0,         0,   0.567,exact_mw,cb12ae119b9b2ba18d0216e7235b403229e92fd0743ede48fe7f1a2c6f45d594,"{""distance"":5,""physical_error_rate"":0.0005}","{""detection_events"":18769,""detectors_checked"":8716288}"
     29696,         0,         0,   0.589,exact_mw,cb12ae119b9b2ba18d0216e7235b403229e92fd0743ede48fe7f1a2c6f45d594,"{""distance"":5,""physical_error_rate"":0.0005}","{""detection_events"":14557,""detectors_checked"":6651904}"
     10240,         0,         0,   0.308,exact_mw,cb12ae119b9b2ba18d0216e7235b403229e92fd0743ede48fe7f1a2c6f45d594,"{""distance"":5,""physical_error_rate"":0.0005}","{""detection_events"":5001,""detectors_checked"":2293760}"
      7168,         0,         0,   0.124,exact_mw,cb12ae119b9b2ba18d0216e7235b403229e92fd0743ede48fe7f1a2c6f45d594,"{""distance"":5,""physical_error_rate"":0.0005}","{""detection_events"":3596,""detectors_checked"":1605632}"
     38912,         0,         0,   0.579,exact_mw,cb12ae119b9b2ba18d0216e7235b403229e92fd0743ede48fe7f1a2c6f45d594,"{""distance"":5,""physical_error_rate"":0.0005}","{""detection_events"":19156,""detectors_checked"":8716288}"
     17408,         0,         0,   0.304,exact_mw,cb12ae119b9b2ba18d0216e7235b403229e92fd0743ede48fe7f1a2c6f45d594,"{""distance"":5,""physical_error_rate"":0.0005}","{""detection_events"":8603,""detectors_checked"":3899392}"
      1297,         0,         0,   0.026,exact_mw,cb12ae119b9b2ba18d0216e7235b403229e92fd0743ede48fe7f1a2c6f45d594,"{""distance"":5,""physical_error_rate"":0.0005}","{""detection_events"":630,""detectors_checked"":290528}"
     52224,         0,         0,   0.808,exact_mw,cb12ae119b9b2ba18d0216e7235b403229e92fd0743ede48fe7f1a2c6f45d594,"{""distance"":5,""physical_error_rate"":0.0005}","{""detection_events"":26138,""detectors_checked"":11698176}"
      1024,         0,         0,   0.004,exact_mw,cb12ae119b9b2ba18d0216e7235b403229e92fd0743ede48fe7f1a2c6f45d594,"{""distance"":5,""physical_error_rate"":0.0005}","{""detection_events"":473,""detectors_checked"":229376}"
     31744,         0,         0,   0.582,exact_mw,cb12ae119b9b2ba18d0216e7235b403229e92fd0743ede48fe7f1a2c6f45d594,"{""distance"":5,""physical_error_rate"":0.0005}","{""detection_events"":15609,""detectors_checked"":7110656}"
      7168,         0,         0,   0.148,exact_mw,cb12ae119b9b2ba18d0216e7235b403229e92fd0743ede48fe7f1a2c6f45d594,"{""distance"":5,""physical_error_rate"":0.0005}","{""detection_events"":3461,""detectors_checked"":1605632}"
     22528,         0,         0,   0.415,exact_mw,cb12ae119b9b2ba18d0216e7235b403229e92fd0743ede48fe7f1a2c6f45d594,"{""distance"":5,""physical_error_rate"":0.0005}","{""detection_events"":11032,""detectors_checked"":5046272}"
      4096,         0,         0,   0.091,exact_mw,cb12ae119b9b2ba18d0216e7235b403229e92fd0743ede48fe7f1a2c6f45d594,"{""distance"":5,""physical_error_rate"":0.0005}","{""detection_events"":2006,""detectors_checked"":917504}"
     12288,         0,         0,   0.228,exact_mw,cb12ae119b9b2ba18d0216e7235b403229e92fd0743ede48fe7f1a2c6f45d594,"{""distance"":5,""physical_error_rate"":0.0005}","{""detection_events"":5872,""detectors_checked"":2752512}"
      2048,         0,         0,   0.024,exact_mw,cb12ae119b9b2ba18d0216e7235b403229e92fd0743ede48fe7f1a2c6f45d594,"{""distance"":5,""physical_error_rate"":0.0005}","{""detection_events"":1039,""detectors_checked"":458752}"
      3072,         0,         0,   0.090,exact_mw,cb12ae119b9b2ba18d0216e7235b403229e92fd0743ede48fe7f1a2c6f45d594,"{""distance"":5,""physical_error_rate"":0.0005}","{""detection_events"":1490,""detectors_checked"":688128}"
     19456,         0,         0,   0.415,exact_mw,cb12ae119b9b2ba18d0216e7235b403229e92fd0743ede48fe7f1a2c6f45d594,"{""distance"":5,""physical_error_rate"":0.0005}","{""detection_events"":9619,""detectors_checked"":4358144}"
     29696,         0,         0,   0.565,exact_mw,cb12ae119b9b2ba18d0216e7235b403229e92fd0743ede48fe7f1a2c6f45d594,"{""distance"":5,""physical_error_rate"":0.0005}","{""detection_events"":14686,""detectors_checked"":6651904}"
     49152,         0,         0,    2.16,exact_mw,cb12ae119b9b2ba18d0216e7235b403229e92fd0743ede48fe7f1a2c6f45d594,"{""distance"":5,""physical_error_rate"":0.0005}","{""detection_events"":23844,""detectors_checked"":11010048}"
     23552,         0,         0,   0.388,exact_mw,cb12ae119b9b2ba18d0216e7235b403229e92fd0743ede48fe7f1a2c6f45d594,"{""distance"":5,""physical_error_rate"":0.0005}","{""detection_events"":11415,""detectors_checked"":5275648}"
     12288,         0,         0,   0.207,exact_mw,cb12ae119b9b2ba18d0216e7235b403229e92fd0743ede48fe7f1a2c6f45d594,"{""distance"":5,""physical_error_rate"":0.0005}","{""detection_events"":5954,""detectors_checked"":2752512}"
     26624,         0,         0,   0.583,exact_mw,cb12ae119b9b2ba18d0216e7235b403229e92fd0743ede48fe7f1a2c6f45d594,"{""distance"":5,""physical_error_rate"":0.0005}","{""detection_events"":13213,""detectors_checked"":5963776}"
     27648,         0,         0,   0.588,exact_mw,cb12ae119b9b2ba18d0216e7235b403229e92fd0743ede48fe7f1a2c6f45d594,"{""distance"":5,""physical_error_rate"":0.0005}","{""detection_events"":13617,""detectors_checked"":6193152}"
      2048,         0,         0,   0.048,exact_mw,cb12ae119b9b2ba18d0216e7235b403229e92fd0743ede48fe7f1a2c6f45d594,"{""distance"":5,""physical_error_rate"":0.0005}","{""detection_events"":917,""detectors_checked"":458752}"
     39936,         0,         0,   0.578,exact_mw,cb12ae119b9b2ba18d0216e7235b403229e92fd0743ede48fe7f1a2c6f45d594,"{""distance"":5,""physical_error_rate"":0.0005}","{""detection_events"":20022,""detectors_checked"":8945664}"
     31744,         0,         0,   0.586,exact_mw,cb12ae119b9b2ba18d0216e7235b403229e92fd0743ede48fe7f1a2c6f45d594,"{""distance"":5,""physical_error_rate"":0.0005}","{""detection_events"":15489,""detectors_checked"":7110656}"
     40960,         0,         0,   0.796,exact_mw,cb12ae119b9b2ba18d0216e7235b403229e92fd0743ede48fe7f1a2c6f45d594,"{""distance"":5,""physical_error_rate"":0.0005}","{""detection_events"":19960,""detectors_checked"":9175040}"
      2048,         0,         0,   0.028,exact_mw,cb12ae119b9b2ba18d0216e7235b403229e92fd0743ede48fe7f1a2c6f45d594,"{""distance"":5,""physical_error_rate"":0.0005}","{""detection_events"":1082,""detectors_checked"":458752}"
     53248,         0,         0,    3.06,exact_mw,cb12ae119b9b2ba18d0216e7235b403229e92fd0743ede48fe7f1a2c6f45d594,"{""distance"":5,""physical_error_rate"":0.0005}","{""detection_events"":25593,""detectors_checked"":11927552}"
     54272,         0,         0,   0.774,exact_mw,cb12ae119b9b2ba18d0216e7235b403229e92fd0743ede48fe7f1a2c6f45d594,"{""distance"":5,""physical_error_rate"":0.0005}","{""detection_events"":26060,""detectors_checked"":12156928}"
      4096,         0,         0,   0.117,exact_mw,cb12ae119b9b2ba18d0216e7235b403229e92fd0743ede48fe7f1a2c6f45d594,"{""distance"":5,""physical_error_rate"":0.0005}","{""detection_events"":2131,""detectors_checked"":917504}"
      8192,         0,         0,   0.152,exact_mw,cb12ae119b9b2ba18d0216e7235b403229e92fd0743ede48fe7f1a2c6f45d594,"{""distance"":5,""physical_error_rate"":0.0005}","{""detection_events"":4201,""detectors_checked"":1835008}"
      5120,         0,         0,   0.095,exact_mw,cb12ae119b9b2ba18d0216e7235b403229e92fd0743ede48fe7f1a2c6f45d594,"{""distance"":5,""physical_error_rate"":0.0005}","{""detection_events"":2455,""detectors_checked"":1146880}"
    192512,         0,         0,    4.27,exact_mw,cb12ae119b9b2ba18d0216e7235b403229e92fd0743ede48fe7f1a2c6f45d594,"{""distance"":5,""physical_error_rate"":0.0005}","{""detection_events"":94773,""detectors_checked"":43122688}"
      4096,         0,         0,   0.074,exact_mw,cb12ae119b9b2ba18d0216e7235b403229e92fd0743ede48fe7f1a2c6f45d594,"{""distance"":5,""physical_error_rate"":0.0005}","{""detection_events"":1997,""detectors_checked"":917504}"
     61440,         0,         0,    1.08,exact_mw,cb12ae119b9b2ba18d0216e7235b403229e92fd0743ede48fe7f1a2c6f45d594,"{""distance"":5,""physical_error_rate"":0.0005}","{""detection_events"":30086,""detectors_checked"":13762560}"
   1679856,         0,         0,    33.3,exact_mw,cb12ae119b9b2ba18d0216e7235b403229e92fd0743ede48fe7f1a2c6f45d594,"{""distance"":5,""physical_error_rate"":0.0005}","{""detection_events"":826019,""detectors_checked"":376287744}"
     15360,         0,         0,   0.221,exact_mw,cb12ae119b9b2ba18d0216e7235b403229e92fd0743ede48fe7f1a2c6f45d594,"{""distance"":5,""physical_error_rate"":0.0005}","{""detection_events"":7976,""detectors_checked"":3440640}"
     75776,         0,         0,   0.803,exact_mw,cb12ae119b9b2ba18d0216e7235b403229e92fd0743ede48fe7f1a2c6f45d594,"{""distance"":5,""physical_error_rate"":0.0005}","{""detection_events"":37858,""detectors_checked"":16973824}"
     40960,         0,         0,   0.778,exact_mw,cb12ae119b9b2ba18d0216e7235b403229e92fd0743ede48fe7f1a2c6f45d594,"{""distance"":5,""physical_error_rate"":0.0005}","{""detection_events"":20016,""detectors_checked"":9175040}"
    193536,         0,         0,    4.19,exact_mw,cb12ae119b9b2ba18d0216e7235b403229e92fd0743ede48fe7f1a2c6f45d594,"{""distance"":5,""physical_error_rate"":0.0005}","{""detection_events"":95623,""detectors_checked"":43352064}"
      4096,         0,         0,   0.075,exact_mw,cb12ae119b9b2ba18d0216e7235b403229e92fd0743ede48fe7f1a2c6f45d594,"{""distance"":5,""physical_error_rate"":0.0005}","{""detection_events"":1951,""detectors_checked"":917504}"
     73728,         0,         0,    1.12,exact_mw,cb12ae119b9b2ba18d0216e7235b403229e92fd0743ede48fe7f1a2c6f45d594,"{""distance"":5,""physical_error_rate"":0.0005}","{""detection_events"":36023,""detectors_checked"":16515072}"
     30720,         0,         0,   0.552,exact_mw,cb12ae119b9b2ba18d0216e7235b403229e92fd0743ede48fe7f1a2c6f45d594,"{""distance"":5,""physical_error_rate"":0.0005}","{""detection_events"":15075,""detectors_checked"":6881280}"
      7168,         0,         0,   0.149,exact_mw,cb12ae119b9b2ba18d0216e7235b403229e92fd0743ede48fe7f1a2c6f45d594,"{""distance"":5,""physical_error_rate"":0.0005}","{""detection_events"":3519,""detectors_checked"":1605632}"
     27648,         0,         0,   0.566,exact_mw,cb12ae119b9b2ba18d0216e7235b403229e92fd0743ede48fe7f1a2c6f45d594,"{""distance"":5,""physical_error_rate"":0.0005}","{""detection_events"":13979,""detectors_checked"":6193152}"
     33792,         0,         0,   0.582,exact_mw,cb12ae119b9b2ba18d0216e7235b403229e92fd0743ede48fe7f1a2c6f45d594,"{""distance"":5,""physical_error_rate"":0.0005}","{""detection_events"":16843,""detectors_checked"":7569408}"
      7168,         0,         0,   0.164,exact_mw,cb12ae119b9b2ba18d0216e7235b403229e92fd0743ede48fe7f1a2c6f45d594,"{""distance"":5,""physical_error_rate"":0.0005}","{""detection_events"":3627,""detectors_checked"":1605632}"
     19456,         0,         0,   0.305,exact_mw,cb12ae119b9b2ba18d0216e7235b403229e92fd0743ede48fe7f1a2c6f45d594,"{""distance"":5,""physical_error_rate"":0.0005}","{""detection_events"":9745,""detectors_checked"":4358144}"
     11264,         0,         0,   0.221,exact_mw,cb12ae119b9b2ba18d0216e7235b403229e92fd0743ede48fe7f1a2c6f45d594,"{""distance"":5,""physical_error_rate"":0.0005}","{""detection_events"":5655,""detectors_checked"":2523136}"
     18432,         0,         0,   0.303,exact_mw,cb12ae119b9b2ba18d0216e7235b403229e92fd0743ede48fe7f1a2c6f45d594,"{""distance"":5,""physical_error_rate"":0.0005}","{""detection_events"":8929,""detectors_checked"":4128768}"
     33792,         0,         0,   0.394,exact_mw,cb12ae119b9b2ba18d0216e7235b403229e92fd0743ede48fe7f1a2c6f45d594,"{""distance"":5,""physical_error_rate"":0.0005}","{""detection_events"":16375,""detectors_checked"":7569408}"
     18432,         0,         0,   0.591,exact_mw,cb12ae119b9b2ba18d0216e7235b403229e92fd0743ede48fe7f1a2c6f45d594,"{""distance"":5,""physical_error_rate"":0.0005}","{""detection_events"":9242,""detectors_checked"":4128768}"
      7168,         0,         0,   0.106,exact_mw,cb12ae119b9b2ba18d0216e7235b403229e92fd0743ede48fe7f1a2c6f45d594,"{""distance"":5,""physical_error_rate"":0.0005}","{""detection_events"":3442,""detectors_checked"":1605632}"
     29696,         0,         0,   0.558,exact_mw,cb12ae119b9b2ba18d0216e7235b403229e92fd0743ede48fe7f1a2c6f45d594,"{""distance"":5,""physical_error_rate"":0.0005}","{""detection_events"":14962,""detectors_checked"":6651904}"
     29696,         0,         0,   0.535,exact_mw,cb12ae119b9b2ba18d0216e7235b403229e92fd0743ede48fe7f1a2c6f45d594,"{""distance"":5,""physical_error_rate"":0.0005}","{""detection_events"":14251,""detectors_checked"":6651904}"
      1297,         0,         0,   0.041,exact_mw,cb12ae119b9b2ba18d0216e7235b403229e92fd0743ede48fe7f1a2c6f45d594,"{""distance"":5,""physical_error_rate"":0.0005}","{""detection_events"":622,""detectors_checked"":290528}"
     58368,         0,         0,   0.808,exact_mw,cb12ae119b9b2ba18d0216e7235b403229e92fd0743ede48fe7f1a2c6f45d594,"{""distance"":5,""physical_error_rate"":0.0005}","{""detection_events"":28333,""detectors_checked"":13074432}"
     21504,         0,         0,   0.383,exact_mw,cb12ae119b9b2ba18d0216e7235b403229e92fd0743ede48fe7f1a2c6f45d594,"{""distance"":5,""physical_error_rate"":0.0005}","{""detection_events"":10543,""detectors_checked"":4816896}"
     30720,         0,         0,   0.577,exact_mw,cb12ae119b9b2ba18d0216e7235b403229e92fd0743ede48fe7f1a2c6f45d594,"{""distance"":5,""physical_error_rate"":0.0005}","{""detection_events"":14652,""detectors_checked"":6881280}"
    102400,         0,         0,   0.785,exact_mw,cb12ae119b9b2ba18d0216e7235b403229e92fd0743ede48fe7f1a2c6f45d594,"{""distance"":5,""physical_error_rate"":0.0005}","{""detection_events"":50705,""detectors_checked"":22937600}"
     17408,         0,         0,   0.585,exact_mw,cb12ae119b9b2ba18d0216e7235b403229e92fd0743ede48fe7f1a2c6f45d594,"{""distance"":5,""physical_error_rate"":0.0005}","{""detection_events"":8359,""detectors_checked"":3899392}"
     49152,         0,         0,   0.783,exact_mw,cb12ae119b9b2ba18d0216e7235b403229e92fd0743ede48fe7f1a2c6f45d594,"{""distance"":5,""physical_error_rate"":0.0005}","{""detection_events"":24552,""detectors_checked"":11010048}"
     31744,         0,         0,   0.569,exact_mw,cb12ae119b9b2ba18d0216e7235b403229e92fd0743ede48fe7f1a2c6f45d594,"{""distance"":5,""physical_error_rate"":0.0005}","{""detection_events"":16081,""detectors_checked"":7110656}"
      1024,         0,         0,   0.077,exact_mw,cb12ae119b9b2ba18d0216e7235b403229e92fd0743ede48fe7f1a2c6f45d594,"{""distance"":5,""physical_error_rate"":0.0005}","{""detection_events"":491,""detectors_checked"":229376}"
      8192,         0,         0,   0.207,exact_mw,cb12ae119b9b2ba18d0216e7235b403229e92fd0743ede48fe7f1a2c6f45d594,"{""distance"":5,""physical_error_rate"":0.0005}","{""detection_events"":4008,""detectors_checked"":1835008}"
     22528,         0,         0,   0.542,exact_mw,cb12ae119b9b2ba18d0216e7235b403229e92fd0743ede48fe7f1a2c6f45d594,"{""distance"":5,""physical_error_rate"":0.0005}","{""detection_events"":11059,""detectors_checked"":5046272}"
     28672,         0,         0,   0.582,exact_mw,cb12ae119b9b2ba18d0216e7235b403229e92fd0743ede48fe7f1a2c6f45d594,"{""distance"":5,""physical_error_rate"":0.0005}","{""detection_events"":14466,""detectors_checked"":6422528}"
      1024,         0,         0,   0.040,exact_mw,cb12ae119b9b2ba18d0216e7235b403229e92fd0743ede48fe7f1a2c6f45d594,"{""distance"":5,""physical_error_rate"":0.0005}","{""detection_events"":559,""detectors_checked"":229376}"
      9216,         0,         0,   0.212,exact_mw,cb12ae119b9b2ba18d0216e7235b403229e92fd0743ede48fe7f1a2c6f45d594,"{""distance"":5,""physical_error_rate"":0.0005}","{""detection_events"":4566,""detectors_checked"":2064384}"
     18432,         0,         0,   0.301,exact_mw,cb12ae119b9b2ba18d0216e7235b403229e92fd0743ede48fe7f1a2c6f45d594,"{""distance"":5,""physical_error_rate"":0.0005}","{""detection_events"":9035,""detectors_checked"":4128768}"
      9216,         0,         0,   0.154,exact_mw,cb12ae119b9b2ba18d0216e7235b403229e92fd0743ede48fe7f1a2c6f45d594,"{""distance"":5,""physical_error_rate"":0.0005}","{""detection_events"":4636,""detectors_checked"":2064384}"
     41984,         0,         0,   0.801,exact_mw,cb12ae119b9b2ba18d0216e7235b403229e92fd0743ede48fe7f1a2c6f45d594,"{""distance"":5,""physical_error_rate"":0.0005}","{""detection_events"":20489,""detectors_checked"":9404416}"
      1024,         0,         0,   0.041,exact_mw,cb12ae119b9b2ba18d0216e7235b403229e92fd0743ede48fe7f1a2c6f45d594,"{""distance"":5,""physical_error_rate"":0.0005}","{""detection_events"":447,""detectors_checked"":229376}"
     23552,         0,         0,   0.544,exact_mw,cb12ae119b9b2ba18d0216e7235b403229e92fd0743ede48fe7f1a2c6f45d594,"{""distance"":5,""physical_error_rate"":0.0005}","{""detection_events"":11892,""detectors_checked"":5275648}"
      1024,         0,         0,   0.040,exact_mw,cb12ae119b9b2ba18d0216e7235b403229e92fd0743ede48fe7f1a2c6f45d594,"{""distance"":5,""physical_error_rate"":0.0005}","{""detection_events"":503,""detectors_checked"":229376}"
     26624,         0,         0,   0.566,exact_mw,cb12ae119b9b2ba18d0216e7235b403229e92fd0743ede48fe7f1a2c6f45d594,"{""distance"":5,""physical_error_rate"":0.0005}","{""detection_events"":13203,""detectors_checked"":5963776}"
     28672,         0,         0,   0.568,exact_mw,cb12ae119b9b2ba18d0216e7235b403229e92fd0743ede48fe7f1a2c6f45d594,"{""distance"":5,""physical_error_rate"":0.0005}","{""detection_events"":14368,""detectors_checked"":6422528}"
     15360,         0,         0,   0.300,exact_mw,cb12ae119b9b2ba18d0216e7235b403229e92fd0743ede48fe7f1a2c6f45d594,"{""distance"":5,""physical_error_rate"":0.0005}","{""detection_events"":7779,""detectors_checked"":3440640}"
      2048,         0,         0,   0.081,exact_mw,cb12ae119b9b2ba18d0216e7235b403229e92fd0743ede48fe7f1a2c6f45d594,"{""distance"":5,""physical_error_rate"":0.0005}","{""detection_events"":968,""detectors_checked"":458752}"
     31744,         0,         0,   0.842,exact_mw,cb12ae119b9b2ba18d0216e7235b403229e92fd0743ede48fe7f1a2c6f45d594,"{""distance"":5,""physical_error_rate"":0.0005}","{""detection_events"":15884,""detectors_checked"":7110656}"
     44032,         0,         0,   0.803,exact_mw,cb12ae119b9b2ba18d0216e7235b403229e92fd0743ede48fe7f1a2c6f45d594,"{""distance"":5,""physical_error_rate"":0.0005}","{""detection_events"":22113,""detectors_checked"":9863168}"
    146432,         0,         0,    3.02,exact_mw,cb12ae119b9b2ba18d0216e7235b403229e92fd0743ede48fe7f1a2c6f45d594,"{""distance"":5,""physical_error_rate"":0.0005}","{""detection_events"":72317,""detectors_checked"":32800768}"
     21504,         0,         0,   0.399,exact_mw,cb12ae119b9b2ba18d0216e7235b403229e92fd0743ede48fe7f1a2c6f45d594,"{""distance"":5,""physical_error_rate"":0.0005}","{""detection_events"":10458,""detectors_checked"":4816896}"
      2048,         0,         0,   0.078,exact_mw,cb12ae119b9b2ba18d0216e7235b403229e92fd0743ede48fe7f1a2c6f45d594,"{""distance"":5,""physical_error_rate"":0.0005}","{""detection_events"":971,""detectors_checked"":458752}"
      8192,         0,         0,   0.222,exact_mw,cb12ae119b9b2ba18d0216e7235b403229e92fd0743ede48fe7f1a2c6f45d594,"{""distance"":5,""physical_error_rate"":0.0005}","{""detection_events"":4043,""detectors_checked"":1835008}"
     41984,         0,         0,   0.780,exact_mw,cb12ae119b9b2ba18d0216e7235b403229e92fd0743ede48fe7f1a2c6f45d594,"{""distance"":5,""physical_error_rate"":0.0005}","{""detection_events"":20627,""detectors_checked"":9404416}"
     24576,         0,         0,   0.396,exact_mw,cb12ae119b9b2ba18d0216e7235b403229e92fd0743ede48fe7f1a2c6f45d594,"{""distance"":5,""physical_error_rate"":0.0005}","{""detection_events"":11884,""detectors_checked"":5505024}"
     52224,         0,         0,   0.789,exact_mw,cb12ae119b9b2ba18d0216e7235b403229e92fd0743ede48fe7f1a2c6f45d594,"{""distance"":5,""physical_error_rate"":0.0005}","{""detection_events"":25561,""detectors_checked"":11698176}"
     40960,         0,         0,   0.781,exact_mw,cb12ae119b9b2ba18d0216e7235b403229e92fd0743ede48fe7f1a2c6f45d594,"{""distance"":5,""physical_error_rate"":0.0005}","{""detection_events"":20106,""detectors_checked"":9175040}"
     13312,         0,         0,   0.299,exact_mw,cb12ae119b9b2ba18d0216e7235b403229e92fd0743ede48fe7f1a2c6f45d594,"{""distance"":5,""physical_error_rate"":0.0005}","{""detection_events"":6551,""detectors_checked"":2981888}"
     57344,         0,         0,    1.11,exact_mw,cb12ae119b9b2ba18d0216e7235b403229e92fd0743ede48fe7f1a2c6f45d594,"{""distance"":5,""physical_error_rate"":0.0005}","{""detection_events"":28426,""detectors_checked"":12845056}"
     40960,         0,         0,   0.779,exact_mw,cb12ae119b9b2ba18d0216e7235b403229e92fd0743ede48fe7f1a2c6f45d594,"{""distance"":5,""physical_error_rate"":0.0005}","{""detection_events"":20188,""detectors_checked"":9175040}"
     57344,         0,         0,    1.11,exact_mw,cb12ae119b9b2ba18d0216e7235b403229e92fd0743ede48fe7f1a2c6f45d594,"{""distance"":5,""physical_error_rate"":0.0005}","{""detection_events"":28302,""detectors_checked"":12845056}"
     52224,         0,         0,    1.14,exact_mw,cb12ae119b9b2ba18d0216e7235b403229e92fd0743ede48fe7f1a2c6f45d594,"{""distance"":5,""physical_error_rate"":0.0005}","{""detection_events"":25637,""detectors_checked"":11698176}"
     11264,         0,         0,   0.297,exact_mw,cb12ae119b9b2ba18d0216e7235b403229e92fd0743ede48fe7f1a2c6f45d594,"{""distance"":5,""physical_error_rate"":0.0005}","{""detection_events"":5284,""detectors_checked"":2523136}"
     40960,         0,         0,   0.757,exact_mw,cb12ae119b9b2ba18d0216e7235b403229e92fd0743ede48fe7f1a2c6f45d594,"{""distance"":5,""physical_error_rate"":0.0005}","{""detection_events"":20526,""detectors_checked"":9175040}"
     34816,         0,         0,   0.787,exact_mw,cb12ae119b9b2ba18d0216e7235b403229e92fd0743ede48fe7f1a2c6f45d594,"{""distance"":5,""physical_error_rate"":0.0005}","{""detection_events"":17601,""detectors_checked"":7798784}"
     41984,         0,         0,   0.790,exact_mw,cb12ae119b9b2ba18d0216e7235b403229e92fd0743ede48fe7f1a2c6f45d594,"{""distance"":5,""physical_error_rate"":0.0005}","{""detection_events"":20304,""detectors_checked"":9404416}"
      3072,         0,         0,   0.121,exact_mw,cb12ae119b9b2ba18d0216e7235b403229e92fd0743ede48fe7f1a2c6f45d594,"{""distance"":5,""physical_error_rate"":0.0005}","{""detection_events"":1462,""detectors_checked"":688128}"
     54272,         0,         0,   0.783,exact_mw,cb12ae119b9b2ba18d0216e7235b403229e92fd0743ede48fe7f1a2c6f45d594,"{""distance"":5,""physical_error_rate"":0.0005}","{""detection_events"":26555,""detectors_checked"":12156928}"
     41984,         0,         0,   0.806,exact_mw,cb12ae119b9b2ba18d0216e7235b403229e92fd0743ede48fe7f1a2c6f45d594,"{""distance"":5,""physical_error_rate"":0.0005}","{""detection_events"":20649,""detectors_checked"":9404416}"
     41984,         0,         0,   0.563,exact_mw,cb12ae119b9b2ba18d0216e7235b403229e92fd0743ede48fe7f1a2c6f45d594,"{""distance"":5,""physical_error_rate"":0.0005}","{""detection_events"":20733,""detectors_checked"":9404416}"
     26624,         0,         0,   0.415,exact_mw,cb12ae119b9b2ba18d0216e7235b403229e92fd0743ede48fe7f1a2c6f45d594,"{""distance"":5,""physical_error_rate"":0.0005}","{""detection_events"":12935,""detectors_checked"":5963776}"
     28672,         0,         0,   0.533,exact_mw,cb12ae119b9b2ba18d0216e7235b403229e92fd0743ede48fe7f1a2c6f45d594,"{""distance"":5,""physical_error_rate"":0.0005}","{""detection_events"":14122,""detectors_checked"":6422528}"
     72704,         0,         0,    1.09,exact_mw,cb12ae119b9b2ba18d0216e7235b403229e92fd0743ede48fe7f1a2c6f45d594,"{""distance"":5,""physical_error_rate"":0.0005}","{""detection_events"":35542,""detectors_checked"":16285696}"
      4096,         0,         0,   0.159,exact_mw,cb12ae119b9b2ba18d0216e7235b403229e92fd0743ede48fe7f1a2c6f45d594,"{""distance"":5,""physical_error_rate"":0.0005}","{""detection_events"":1928,""detectors_checked"":917504}"
     78848,         0,         0,    1.54,exact_mw,cb12ae119b9b2ba18d0216e7235b403229e92fd0743ede48fe7f1a2c6f45d594,"{""distance"":5,""physical_error_rate"":0.0005}","{""detection_events"":38821,""detectors_checked"":17661952}"
     19456,         0,         0,   0.411,exact_mw,cb12ae119b9b2ba18d0216e7235b403229e92fd0743ede48fe7f1a2c6f45d594,"{""distance"":5,""physical_error_rate"":0.0005}","{""detection_events"":9531,""detectors_checked"":4358144}"
     15360,         0,         0,   0.301,exact_mw,cb12ae119b9b2ba18d0216e7235b403229e92fd0743ede48fe7f1a2c6f45d594,"{""distance"":5,""physical_error_rate"":0.0005}","{""detection_events"":7466,""detectors_checked"":3440640}"
     39936,         0,         0,   0.791,exact_mw,cb12ae119b9b2ba18d0216e7235b403229e92fd0743ede48fe7f1a2c6f45d594,"{""distance"":5,""physical_error_rate"":0.0005}","{""detection_events"":19800,""detectors_checked"":8945664}"
     37888,         0,         0,   0.772,exact_mw,cb12ae119b9b2ba18d0216e7235b403229e92fd0743ede48fe7f1a2c6f45d594,"{""distance"":5,""physical_error_rate"":0.0005}","{""detection_events"":18965,""detectors_checked"":8486912}"
     39936,         0,         0,   0.773,exact_mw,cb12ae119b9b2ba18d0216e7235b403229e92fd0743ede48fe7f1a2c6f45d594,"{""distance"":5,""physical_error_rate"":0.0005}","{""detection_events"":19510,""detectors_checked"":8945664}"
     71680,         0,         0,    1.11,exact_mw,cb12ae119b9b2ba18d0216e7235b403229e92fd0743ede48fe7f1a2c6f45d594,"{""distance"":5,""physical_error_rate"":0.0005}","{""detection_events"":35728,""detectors_checked"":16056320}"
     40960,         0,         0,   0.796,exact_mw,cb12ae119b9b2ba18d0216e7235b403229e92fd0743ede48fe7f1a2c6f45d594,"{""distance"":5,""physical_error_rate"":0.0005}","{""detection_events"":19883,""detectors_checked"":9175040}"
     23552,         0,         0,   0.813,exact_mw,cb12ae119b9b2ba18d0216e7235b403229e92fd0743ede48fe7f1a2c6f45d594,"{""distance"":5,""physical_error_rate"":0.0005}","{""detection_events"":11479,""detectors_checked"":5275648}"
     18432,         0,         0,   0.387,exact_mw,cb12ae119b9b2ba18d0216e7235b403229e92fd0743ede48fe7f1a2c6f45d594,"{""distance"":5,""physical_error_rate"":0.0005}","{""detection_events"":9063,""detectors_checked"":4128768}"
     39936,         0,         0,   0.788,exact_mw,cb12ae119b9b2ba18d0216e7235b403229e92fd0743ede48fe7f1a2c6f45d594,"{""distance"":5,""physical_error_rate"":0.0005}","{""detection_events"":19377,""detectors_checked"":8945664}"
     41984,         0,         0,   0.787,exact_mw,cb12ae119b9b2ba18d0216e7235b403229e92fd0743ede48fe7f1a2c6f45d594,"{""distance"":5,""physical_error_rate"":0.0005}","{""detection_events"":20877,""detectors_checked"":9404416}"
     60416,         0,         0,    1.09,exact_mw,cb12ae119b9b2ba18d0216e7235b403229e92fd0743ede48fe7f1a2c6f45d594,"{""distance"":5,""physical_error_rate"":0.0005}","{""detection_events"":29845,""detectors_checked"":13533184}"
      1297,         0,         0,   0.037,exact_mw,cb12ae119b9b2ba18d0216e7235b403229e92fd0743ede48fe7f1a2c6f45d594,"{""distance"":5,""physical_error_rate"":0.0005}","{""detection_events"":665,""detectors_checked"":290528}"
     70656,         0,         0,    1.10,exact_mw,cb12ae119b9b2ba18d0216e7235b403229e92fd0743ede48fe7f1a2c6f45d594,"{""distance"":5,""physical_error_rate"":0.0005}","{""detection_events"":34581,""detectors_checked"":15826944}"
     40960,         0,         0,   0.794,exact_mw,cb12ae119b9b2ba18d0216e7235b403229e92fd0743ede48fe7f1a2c6f45d594,"{""distance"":5,""physical_error_rate"":0.0005}","{""detection_events"":19787,""detectors_checked"":9175040}"
     17408,         0,         0,   0.396,exact_mw,cb12ae119b9b2ba18d0216e7235b403229e92fd0743ede48fe7f1a2c6f45d594,"{""distance"":5,""physical_error_rate"":0.0005}","{""detection_events"":8616,""detectors_checked"":3899392}"
     21504,         0,         0,   0.819,exact_mw,cb12ae119b9b2ba18d0216e7235b403229e92fd0743ede48fe7f1a2c6f45d594,"{""distance"":5,""physical_error_rate"":0.0005}","{""detection_events"":10601,""detectors_checked"":4816896}"
      1024,         0,         0,   0.035,exact_mw,cb12ae119b9b2ba18d0216e7235b403229e92fd0743ede48fe7f1a2c6f45d594,"{""distance"":5,""physical_error_rate"":0.0005}","{""detection_events"":439,""detectors_checked"":229376}"
      6144,         0,         0,   0.240,exact_mw,cb12ae119b9b2ba18d0216e7235b403229e92fd0743ede48fe7f1a2c6f45d594,"{""distance"":5,""physical_error_rate"":0.0005}","{""detection_events"":3096,""detectors_checked"":1376256}"
     44032,         0,         0,    1.55,exact_mw,cb12ae119b9b2ba18d0216e7235b403229e92fd0743ede48fe7f1a2c6f45d594,"{""distance"":5,""physical_error_rate"":0.0005}","{""detection_events"":21903,""detectors_checked"":9863168}"
      1024,         0,         0,   0.036,exact_mw,cb12ae119b9b2ba18d0216e7235b403229e92fd0743ede48fe7f1a2c6f45d594,"{""distance"":5,""physical_error_rate"":0.0005}","{""detection_events"":508,""detectors_checked"":229376}"
     40960,         0,         0,   0.778,exact_mw,cb12ae119b9b2ba18d0216e7235b403229e92fd0743ede48fe7f1a2c6f45d594,"{""distance"":5,""physical_error_rate"":0.0005}","{""detection_events"":20264,""detectors_checked"":9175040}"
     36864,         0,         0,   0.584,exact_mw,cb12ae119b9b2ba18d0216e7235b403229e92fd0743ede48fe7f1a2c6f45d594,"{""distance"":5,""physical_error_rate"":0.0005}","{""detection_events"":17730,""detectors_checked"":8257536}"
     32768,         0,         0,   0.809,exact_mw,cb12ae119b9b2ba18d0216e7235b403229e92fd0743ede48fe7f1a2c6f45d594,"{""distance"":5,""physical_error_rate"":0.0005}","{""detection_events"":16010,""detectors_checked"":7340032}"
     32768,         0,         0,    1.05,exact_mw,cb12ae119b9b2ba18d0216e7235b403229e92fd0743ede48fe7f1a2c6f45d594,"{""distance"":5,""physical_error_rate"":0.0005}","{""detection_events"":16267,""detectors_checked"":7340032}"
     35840,         0,         0,   0.566,exact_mw,cb12ae119b9b2ba18d0216e7235b403229e92fd0743ede48fe7f1a2c6f45d594,"{""distance"":5,""physical_error_rate"":0.0005}","{""detection_events"":17569,""detectors_checked"":8028160}"
      1024,         0,         0,   0.036,exact_mw,cb12ae119b9b2ba18d0216e7235b403229e92fd0743ede48fe7f1a2c6f45d594,"{""distance"":5,""physical_error_rate"":0.0005}","{""detection_events"":474,""detectors_checked"":229376}"
     56320,         0,         0,    1.10,exact_mw,cb12ae119b9b2ba18d0216e7235b403229e92fd0743ede48fe7f1a2c6f45d594,"{""distance"":5,""physical_error_rate"":0.0005}","{""detection_events"":27485,""detectors_checked"":12615680}"
     36864,         1,         0,   0.815,exact_mw,cb12ae119b9b2ba18d0216e7235b403229e92fd0743ede48fe7f1a2c6f45d594,"{""distance"":5,""physical_error_rate"":0.0005}","{""detection_events"":18114,""detectors_checked"":8257536,""obs_mistake_mask=E"":1}"
     33792,         0,         0,   0.792,exact_mw,cb12ae119b9b2ba18d0216e7235b403229e92fd0743ede48fe7f1a2c6f45d594,"{""distance"":5,""physical_error_rate"":0.0005}","{""detection_events"":16705,""detectors_checked"":7569408}"
      1297,         0,         0,   0.038,exact_mw,cb12ae119b9b2ba18d0216e7235b403229e92fd0743ede48fe7f1a2c6f45d594,"{""distance"":5,""physical_error_rate"":0.0005}","{""detection_events"":618,""detectors_checked"":290528}"
     45056,         0,         0,    1.55,exact_mw,cb12ae119b9b2ba18d0216e7235b403229e92fd0743ede48fe7f1a2c6f45d594,"{""distance"":5,""physical_error_rate"":0.0005}","{""detection_events"":22341,""detectors_checked"":10092544}"
     46080,         0,         0,    1.50,exact_mw,cb12ae119b9b2ba18d0216e7235b403229e92fd0743ede48fe7f1a2c6f45d594,"{""distance"":5,""physical_error_rate"":0.0005}","{""detection_events"":22582,""detectors_checked"":10321920}"
      2048,         0,         0,   0.071,exact_mw,cb12ae119b9b2ba18d0216e7235b403229e92fd0743ede48fe7f1a2c6f45d594,"{""distance"":5,""physical_error_rate"":0.0005}","{""detection_events"":973,""detectors_checked"":458752}"
     38912,         0,         0,   0.806,exact_mw,cb12ae119b9b2ba18d0216e7235b403229e92fd0743ede48fe7f1a2c6f45d594,"{""distance"":5,""physical_error_rate"":0.0005}","{""detection_events"":19509,""detectors_checked"":8716288}"
      1024,         0,         0,   0.069,exact_mw,cb12ae119b9b2ba18d0216e7235b403229e92fd0743ede48fe7f1a2c6f45d594,"{""distance"":5,""physical_error_rate"":0.0005}","{""detection_events"":431,""detectors_checked"":229376}"
      2048,         0,         0,   0.072,exact_mw,cb12ae119b9b2ba18d0216e7235b403229e92fd0743ede48fe7f1a2c6f45d594,"{""distance"":5,""physical_error_rate"":0.0005}","{""detection_events"":1047,""detectors_checked"":458752}"
     21504,         0,         0,   0.421,exact_mw,cb12ae119b9b2ba18d0216e7235b403229e92fd0743ede48fe7f1a2c6f45d594,"{""distance"":5,""physical_error_rate"":0.0005}","{""detection_events"":10345,""detectors_checked"":4816896}"
   1565848,         1,         0,    34.3,exact_mw,cb12ae119b9b2ba18d0216e7235b403229e92fd0743ede48fe7f1a2c6f45d594,"{""distance"":5,""physical_error_rate"":0.0005}","{""detection_events"":769885,""detectors_checked"":350749952,""obs_mistake_mask=E"":1}"
     33792,         0,         0,   0.581,exact_mw,cb12ae119b9b2ba18d0216e7235b403229e92fd0743ede48fe7f1a2c6f45d594,"{""distance"":5,""physical_error_rate"":0.0005}","{""detection_events"":16587,""detectors_checked"":7569408}"
     34816,         0,         0,    1.08,exact_mw,cb12ae119b9b2ba18d0216e7235b403229e92fd0743ede48fe7f1a2c6f45d594,"{""distance"":5,""physical_error_rate"":0.0005}","{""detection_events"":17160,""detectors_checked"":7798784}"
      2048,         0,         0,   0.074,exact_mw,cb12ae119b9b2ba18d0216e7235b403229e92fd0743ede48fe7f1a2c6f45d594,"{""distance"":5,""physical_error_rate"":0.0005}","{""detection_events"":1083,""detectors_checked"":458752}"
   1552384,         0,         0,    15.4,exact_mw,cb12ae119b9b2ba18d0216e7235b403229e92fd0743ede48fe7f1a2c6f45d594,"{""distance"":5,""physical_error_rate"":0.0005}","{""detection_events"":763612,""detectors_checked"":347734016}"
    103424,         0,         0,    1.11,exact_mw,cb12ae119b9b2ba18d0216e7235b403229e92fd0743ede48fe7f1a2c6f45d594,"{""distance"":5,""physical_error_rate"":0.0005}","{""detection_events"":51560,""detectors_checked"":23166976}"
      1024,         0,         0,   0.034,exact_mw,cb12ae119b9b2ba18d0216e7235b403229e92fd0743ede48fe7f1a2c6f45d594,"{""distance"":5,""physical_error_rate"":0.0005}","{""detection_events"":542,""detectors_checked"":229376}"
     75776,         0,         0,    1.11,exact_mw,cb12ae119b9b2ba18d0216e7235b403229e92fd0743ede48fe7f1a2c6f45d594,"{""distance"":5,""physical_error_rate"":0.0005}","{""detection_events"":36669,""detectors_checked"":16973824}"
      3072,         0,         0,   0.100,exact_mw,cb12ae119b9b2ba18d0216e7235b403229e92fd0743ede48fe7f1a2c6f45d594,"{""distance"":5,""physical_error_rate"":0.0005}","{""detection_events"":1498,""detectors_checked"":688128}"
      6144,         0,         0,   0.304,exact_mw,cb12ae119b9b2ba18d0216e7235b403229e92fd0743ede48fe7f1a2c6f45d594,"{""distance"":5,""physical_error_rate"":0.0005}","{""detection_events"":3008,""detectors_checked"":1376256}"
      2048,         0,         0,   0.063,exact_mw,cb12ae119b9b2ba18d0216e7235b403229e92fd0743ede48fe7f1a2c6f45d594,"{""distance"":5,""physical_error_rate"":0.0005}","{""detection_events"":870,""detectors_checked"":458752}"
     28672,         0,         0,   0.574,exact_mw,cb12ae119b9b2ba18d0216e7235b403229e92fd0743ede48fe7f1a2c6f45d594,"{""distance"":5,""physical_error_rate"":0.0005}","{""detection_events"":14179,""detectors_checked"":6422528}"
    230400,         0,         0,    4.26,exact_mw,cb12ae119b9b2ba18d0216e7235b403229e92fd0743ede48fe7f1a2c6f45d594,"{""distance"":5,""physical_error_rate"":0.0005}","{""detection_events"":113785,""detectors_checked"":51609600}"
     57344,         0,         0,    1.12,exact_mw,cb12ae119b9b2ba18d0216e7235b403229e92fd0743ede48fe7f1a2c6f45d594,"{""distance"":5,""physical_error_rate"":0.0005}","{""detection_events"":27743,""detectors_checked"":12845056}"
     97280,         0,         0,    2.94,exact_mw,cb12ae119b9b2ba18d0216e7235b403229e92fd0743ede48fe7f1a2c6f45d594,"{""distance"":5,""physical_error_rate"":0.0005}","{""detection_events"":47418,""detectors_checked"":21790720}"
      5120,         0,         0,   0.128,exact_mw,cb12ae119b9b2ba18d0216e7235b403229e92fd0743ede48fe7f1a2c6f45d594,"{""distance"":5,""physical_error_rate"":0.0005}","{""detection_events"":2507,""detectors_checked"":1146880}"
      2048,         0,         0,   0.095,exact_mw,cb12ae119b9b2ba18d0216e7235b403229e92fd0743ede48fe7f1a2c6f45d594,"{""distance"":5,""physical_error_rate"":0.0005}","{""detection_events"":1021,""detectors_checked"":458752}"
     41984,         0,         0,   0.769,exact_mw,cb12ae119b9b2ba18d0216e7235b403229e92fd0743ede48fe7f1a2c6f45d594,"{""distance"":5,""physical_error_rate"":0.0005}","{""detection_events"":20147,""detectors_checked"":9404416}"
     80896,         0,         0,    1.55,exact_mw,cb12ae119b9b2ba18d0216e7235b403229e92fd0743ede48fe7f1a2c6f45d594,"{""distance"":5,""physical_error_rate"":0.0005}","{""detection_events"":40156,""detectors_checked"":18120704}"
     40960,         0,         0,   0.802,exact_mw,cb12ae119b9b2ba18d0216e7235b403229e92fd0743ede48fe7f1a2c6f45d594,"{""distance"":5,""physical_error_rate"":0.0005}","{""detection_events"":20046,""detectors_checked"":9175040}"
    226304,         0,         0,    4.22,exact_mw,cb12ae119b9b2ba18d0216e7235b403229e92fd0743ede48fe7f1a2c6f45d594,"{""distance"":5,""physical_error_rate"":0.0005}","{""detection_events"":111602,""detectors_checked"":50692096}"
     25600,         0,         0,   0.572,exact_mw,cb12ae119b9b2ba18d0216e7235b403229e92fd0743ede48fe7f1a2c6f45d594,"{""distance"":5,""physical_error_rate"":0.0005}","{""detection_events"":12491,""detectors_checked"":5734400}"
     51200,         0,         0,    1.08,exact_mw,cb12ae119b9b2ba18d0216e7235b403229e92fd0743ede48fe7f1a2c6f45d594,"{""distance"":5,""physical_error_rate"":0.0005}","{""detection_events"":24913,""detectors_checked"":11468800}"
     61440,         0,         0,    1.11,exact_mw,cb12ae119b9b2ba18d0216e7235b403229e92fd0743ede48fe7f1a2c6f45d594,"{""distance"":5,""physical_error_rate"":0.0005}","{""detection_events"":29998,""detectors_checked"":13762560}"
      3072,         0,         0,   0.094,exact_mw,cb12ae119b9b2ba18d0216e7235b403229e92fd0743ede48fe7f1a2c6f45d594,"{""distance"":5,""physical_error_rate"":0.0005}","{""detection_events"":1387,""detectors_checked"":688128}"
     26624,         0,         0,   0.588,exact_mw,cb12ae119b9b2ba18d0216e7235b403229e92fd0743ede48fe7f1a2c6f45d594,"{""distance"":5,""physical_error_rate"":0.0005}","{""detection_events"":12938,""detectors_checked"":5963776}"
         1,         0,         0,   0.000,exact_mw,cb12ae119b9b2ba18d0216e7235b403229e92fd0743ede48fe7f1a2c6f45d594,"{""distance"":5,""physical_error_rate"":0.0005}","{""detectors_checked"":224}"
     99328,         0,         0,    1.56,exact_mw,cb12ae119b9b2ba18d0216e7235b403229e92fd0743ede48fe7f1a2c6f45d594,"{""distance"":5,""physical_error_rate"":0.0005}","{""detection_events"":48516,""detectors_checked"":22249472}"
     82944,         0,         0,    2.93,exact_mw,cb12ae119b9b2ba18d0216e7235b403229e92fd0743ede48fe7f1a2c6f45d594,"{""distance"":5,""physical_error_rate"":0.0005}","{""detection_events"":39981,""detectors_checked"":18579456}"
      6144,         0,         0,   0.160,exact_mw,cb12ae119b9b2ba18d0216e7235b403229e92fd0743ede48fe7f1a2c6f45d594,"{""distance"":5,""physical_error_rate"":0.0005}","{""detection_events"":3077,""detectors_checked"":1376256}"
      1296,         0,         0,   0.031,exact_mw,cb12ae119b9b2ba18d0216e7235b403229e92fd0743ede48fe7f1a2c6f45d594,"{""distance"":5,""physical_error_rate"":0.0005}","{""detection_events"":649,""detectors_checked"":290304}"
       273,         0,         0,   0.029,exact_mw,cb12ae119b9b2ba18d0216e7235b403229e92fd0743ede48fe7f1a2c6f45d594,"{""distance"":5,""physical_error_rate"":0.0005}","{""detection_events"":102,""detectors_checked"":61152}"
     69632,         0,         0,    1.11,exact_mw,cb12ae119b9b2ba18d0216e7235b403229e92fd0743ede48fe7f1a2c6f45d594,"{""distance"":5,""physical_error_rate"":0.0005}","{""detection_events"":34454,""detectors_checked"":15597568}"
     58368,         0,         0,    1.13,exact_mw,cb12ae119b9b2ba18d0216e7235b403229e92fd0743ede48fe7f1a2c6f45d594,"{""distance"":5,""physical_error_rate"":0.0005}","{""detection_events"":28633,""detectors_checked"":13074432}"
     57344,         0,         0,    1.10,exact_mw,cb12ae119b9b2ba18d0216e7235b403229e92fd0743ede48fe7f1a2c6f45d594,"{""distance"":5,""physical_error_rate"":0.0005}","{""detection_events"":28241,""detectors_checked"":12845056}"
      1024,         0,         0,   0.029,exact_mw,cb12ae119b9b2ba18d0216e7235b403229e92fd0743ede48fe7f1a2c6f45d594,"{""distance"":5,""physical_error_rate"":0.0005}","{""detection_events"":514,""detectors_checked"":229376}"
      1024,         0,         0,   0.032,exact_mw,cb12ae119b9b2ba18d0216e7235b403229e92fd0743ede48fe7f1a2c6f45d594,"{""distance"":5,""physical_error_rate"":0.0005}","{""detection_events"":481,""detectors_checked"":229376}"
     58368,         0,         0,    1.12,exact_mw,cb12ae119b9b2ba18d0216e7235b403229e92fd0743ede48fe7f1a2c6f45d594,"{""distance"":5,""physical_error_rate"":0.0005}","{""detection_events"":29269,""detectors_checked"":13074432}"
      2048,         0,         0,   0.034,exact_mw,cb12ae119b9b2ba18d0216e7235b403229e92fd0743ede48fe7f1a2c6f45d594,"{""distance"":5,""physical_error_rate"":0.0005}","{""detection_events"":1122,""detectors_checked"":458752}"
      4096,         0,         0,   0.124,exact_mw,cb12ae119b9b2ba18d0216e7235b403229e92fd0743ede48fe7f1a2c6f45d594,"{""distance"":5,""physical_error_rate"":0.0005}","{""detection_events"":2038,""detectors_checked"":917504}"
      1024,         0,         0,   0.031,exact_mw,cb12ae119b9b2ba18d0216e7235b403229e92fd0743ede48fe7f1a2c6f45d594,"{""distance"":5,""physical_error_rate"":0.0005}","{""detection_events"":490,""detectors_checked"":229376}"
     58368,         0,         0,    1.12,exact_mw,cb12ae119b9b2ba18d0216e7235b403229e92fd0743ede48fe7f1a2c6f45d594,"{""distance"":5,""physical_error_rate"":0.0005}","{""detection_events"":28331,""detectors_checked"":13074432}"
     49152,         0,         0,    1.10,exact_mw,cb12ae119b9b2ba18d0216e7235b403229e92fd0743ede48fe7f1a2c6f45d594,"{""distance"":5,""physical_error_rate"":0.0005}","{""detection_events"":24518,""detectors_checked"":11010048}"
     53248,         0,         0,    1.09,exact_mw,cb12ae119b9b2ba18d0216e7235b403229e92fd0743ede48fe7f1a2c6f45d594,"{""distance"":5,""physical_error_rate"":0.0005}","{""detection_events"":25938,""detectors_checked"":11927552}"
      1024,         0,         0,   0.033,exact_mw,cb12ae119b9b2ba18d0216e7235b403229e92fd0743ede48fe7f1a2c6f45d594,"{""distance"":5,""physical_error_rate"":0.0005}","{""detection_events"":517,""detectors_checked"":229376}"
      2048,         0,         0,   0.057,exact_mw,cb12ae119b9b2ba18d0216e7235b403229e92fd0743ede48fe7f1a2c6f45d594,"{""distance"":5,""physical_error_rate"":0.0005}","{""detection_events"":1008,""detectors_checked"":458752}"
     15360,         0,         0,   0.418,exact_mw,cb12ae119b9b2ba18d0216e7235b403229e92fd0743ede48fe7f1a2c6f45d594,"{""distance"":5,""physical_error_rate"":0.0005}","{""detection_events"":7667,""detectors_checked"":3440640}"
     66560,         0,         0,    1.09,exact_mw,cb12ae119b9b2ba18d0216e7235b403229e92fd0743ede48fe7f1a2c6f45d594,"{""distance"":5,""physical_error_rate"":0.0005}","{""detection_events"":32859,""detectors_checked"":14909440}"
     58368,         0,         0,    1.13,exact_mw,cb12ae119b9b2ba18d0216e7235b403229e92fd0743ede48fe7f1a2c6f45d594,"{""distance"":5,""physical_error_rate"":0.0005}","{""detection_events"":29348,""detectors_checked"":13074432}"
      3072,         0,         0,   0.066,exact_mw,cb12ae119b9b2ba18d0216e7235b403229e92fd0743ede48fe7f1a2c6f45d594,"{""distance"":5,""physical_error_rate"":0.0005}","{""detection_events"":1577,""detectors_checked"":688128}"
      3072,         0,         0,   0.062,exact_mw,cb12ae119b9b2ba18d0216e7235b403229e92fd0743ede48fe7f1a2c6f45d594,"{""distance"":5,""physical_error_rate"":0.0005}","{""detection_events"":1615,""detectors_checked"":688128}"
    141312,         0,         0,    4.22,exact_mw,cb12ae119b9b2ba18d0216e7235b403229e92fd0743ede48fe7f1a2c6f45d594,"{""distance"":5,""physical_error_rate"":0.0005}","{""detection_events"":69369,""detectors_checked"":31653888}"
     29696,         0,         0,   0.580,exact_mw,cb12ae119b9b2ba18d0216e7235b403229e92fd0743ede48fe7f1a2c6f45d594,"{""distance"":5,""physical_error_rate"":0.0005}","{""detection_events"":14858,""detectors_checked"":6651904}"
    210944,         0,         0,    4.22,exact_mw,cb12ae119b9b2ba18d0216e7235b403229e92fd0743ede48fe7f1a2c6f45d594,"{""distance"":5,""physical_error_rate"":0.0005}","{""detection_events"":104590,""detectors_checked"":47251456}"
      6144,         0,         0,   0.223,exact_mw,cb12ae119b9b2ba18d0216e7235b403229e92fd0743ede48fe7f1a2c6f45d594,"{""distance"":5,""physical_error_rate"":0.0005}","{""detection_events"":3033,""detectors_checked"":1376256}"
   1526552,         0,         0,    19.8,exact_mw,cb12ae119b9b2ba18d0216e7235b403229e92fd0743ede48fe7f1a2c6f45d594,"{""distance"":5,""physical_error_rate"":0.0005}","{""detection_events"":752834,""detectors_checked"":341947648}"
      6144,         0,         0,   0.160,exact_mw,cb12ae119b9b2ba18d0216e7235b403229e92fd0743ede48fe7f1a2c6f45d594,"{""distance"":5,""physical_error_rate"":0.0005}","{""detection_events"":2834,""detectors_checked"":1376256}"
      2048,         0,         0,   0.066,exact_mw,cb12ae119b9b2ba18d0216e7235b403229e92fd0743ede48fe7f1a2c6f45d594,"{""distance"":5,""physical_error_rate"":0.0005}","{""detection_events"":1028,""detectors_checked"":458752}"
     51200,         0,         0,   0.805,exact_mw,cb12ae119b9b2ba18d0216e7235b403229e92fd0743ede48fe7f1a2c6f45d594,"{""distance"":5,""physical_error_rate"":0.0005}","{""detection_events"":25451,""detectors_checked"":11468800}"
      3072,         0,         0,   0.086,exact_mw,cb12ae119b9b2ba18d0216e7235b403229e92fd0743ede48fe7f1a2c6f45d594,"{""distance"":5,""physical_error_rate"":0.0005}","{""detection_events"":1511,""detectors_checked"":688128}"
     52224,         1,         0,   0.793,exact_mw,cb12ae119b9b2ba18d0216e7235b403229e92fd0743ede48fe7f1a2c6f45d594,"{""distance"":5,""physical_error_rate"":0.0005}","{""detection_events"":25340,""detectors_checked"":11698176,""obs_mistake_mask=E"":1}"
     57344,         0,         0,    1.08,exact_mw,cb12ae119b9b2ba18d0216e7235b403229e92fd0743ede48fe7f1a2c6f45d594,"{""distance"":5,""physical_error_rate"":0.0005}","{""detection_events"":28433,""detectors_checked"":12845056}"
      3072,         0,         0,   0.037,exact_mw,cb12ae119b9b2ba18d0216e7235b403229e92fd0743ede48fe7f1a2c6f45d594,"{""distance"":5,""physical_error_rate"":0.0005}","{""detection_events"":1531,""detectors_checked"":688128}"
     52224,         0,         0,    1.12,exact_mw,cb12ae119b9b2ba18d0216e7235b403229e92fd0743ede48fe7f1a2c6f45d594,"{""distance"":5,""physical_error_rate"":0.0005}","{""detection_events"":25825,""detectors_checked"":11698176}"
     59392,         0,         0,    1.12,exact_mw,cb12ae119b9b2ba18d0216e7235b403229e92fd0743ede48fe7f1a2c6f45d594,"{""distance"":5,""physical_error_rate"":0.0005}","{""detection_events"":29158,""detectors_checked"":13303808}"
   1483886,         2,         0,    35.8,exact_mw,cb12ae119b9b2ba18d0216e7235b403229e92fd0743ede48fe7f1a2c6f45d594,"{""distance"":5,""physical_error_rate"":0.0005}","{""detection_events"":729863,""detectors_checked"":332390464,""obs_mistake_mask=E"":2}"
     63488,         0,         0,    1.12,exact_mw,cb12ae119b9b2ba18d0216e7235b403229e92fd0743ede48fe7f1a2c6f45d594,"{""distance"":5,""physical_error_rate"":0.0005}","{""detection_events"":31852,""detectors_checked"":14221312}"
     49152,         0,         0,   0.763,exact_mw,cb12ae119b9b2ba18d0216e7235b403229e92fd0743ede48fe7f1a2c6f45d594,"{""distance"":5,""physical_error_rate"":0.0005}","{""detection_events"":24948,""detectors_checked"":11010048}"
     58368,         0,         0,    1.09,exact_mw,cb12ae119b9b2ba18d0216e7235b403229e92fd0743ede48fe7f1a2c6f45d594,"{""distance"":5,""physical_error_rate"":0.0005}","{""detection_events"":28472,""detectors_checked"":13074432}"
      5120,         0,         0,   0.076,exact_mw,cb12ae119b9b2ba18d0216e7235b403229e92fd0743ede48fe7f1a2c6f45d594,"{""distance"":5,""physical_error_rate"":0.0005}","{""detection_events"":2514,""detectors_checked"":1146880}"
      4096,         0,         0,   0.138,exact_mw,cb12ae119b9b2ba18d0216e7235b403229e92fd0743ede48fe7f1a2c6f45d594,"{""distance"":5,""physical_error_rate"":0.0005}","{""detection_events"":2046,""detectors_checked"":917504}"
      1297,         0,         0,   0.018,exact_mw,cb12ae119b9b2ba18d0216e7235b403229e92fd0743ede48fe7f1a2c6f45d594,"{""distance"":5,""physical_error_rate"":0.0005}","{""detection_events"":694,""detectors_checked"":290528}"
      1024,         0,         0,   0.005,exact_mw,cb12ae119b9b2ba18d0216e7235b403229e92fd0743ede48fe7f1a2c6f45d594,"{""distance"":5,""physical_error_rate"":0.0005}","{""detection_events"":574,""detectors_checked"":229376}"
     82944,         0,         0,    1.57,exact_mw,cb12ae119b9b2ba18d0216e7235b403229e92fd0743ede48fe7f1a2c6f45d594,"{""distance"":5,""physical_error_rate"":0.0005}","{""detection_events"":40590,""detectors_checked"":18579456}"
     72704,         0,         0,    1.55,exact_mw,cb12ae119b9b2ba18d0216e7235b403229e92fd0743ede48fe7f1a2c6f45d594,"{""distance"":5,""physical_error_rate"":0.0005}","{""detection_events"":35460,""detectors_checked"":16285696}"
     36864,         0,         0,    1.11,exact_mw,cb12ae119b9b2ba18d0216e7235b403229e92fd0743ede48fe7f1a2c6f45d594,"{""distance"":5,""physical_error_rate"":0.0005}","{""detection_events"":17959,""detectors_checked"":8257536}"
     56320,         0,         0,    1.11,exact_mw,cb12ae119b9b2ba18d0216e7235b403229e92fd0743ede48fe7f1a2c6f45d594,"{""distance"":5,""physical_error_rate"":0.0005}","{""detection_events"":28540,""detectors_checked"":12615680}"
      6144,         0,         0,   0.196,exact_mw,cb12ae119b9b2ba18d0216e7235b403229e92fd0743ede48fe7f1a2c6f45d594,"{""distance"":5,""physical_error_rate"":0.0005}","{""detection_events"":3095,""detectors_checked"":1376256}"
     78848,         0,         0,    1.56,exact_mw,cb12ae119b9b2ba18d0216e7235b403229e92fd0743ede48fe7f1a2c6f45d594,"{""distance"":5,""physical_error_rate"":0.0005}","{""detection_events"":38990,""detectors_checked"":17661952}"
      2048,         0,         0,   0.028,exact_mw,cb12ae119b9b2ba18d0216e7235b403229e92fd0743ede48fe7f1a2c6f45d594,"{""distance"":5,""physical_error_rate"":0.0005}","{""detection_events"":1029,""detectors_checked"":458752}"
     12288,         0,         0,   0.242,exact_mw,cb12ae119b9b2ba18d0216e7235b403229e92fd0743ede48fe7f1a2c6f45d594,"{""distance"":5,""physical_error_rate"":0.0005}","{""detection_events"":5937,""detectors_checked"":2752512}"
     36864,         0,         0,    1.05,exact_mw,cb12ae119b9b2ba18d0216e7235b403229e92fd0743ede48fe7f1a2c6f45d594,"{""distance"":5,""physical_error_rate"":0.0005}","{""detection_events"":18282,""detectors_checked"":8257536}"
     60416,         0,         0,    1.20,exact_mw,cb12ae119b9b2ba18d0216e7235b403229e92fd0743ede48fe7f1a2c6f45d594,"{""distance"":5,""physical_error_rate"":0.0005}","{""detection_events"":29342,""detectors_checked"":13533184}"
     55296,         0,         0,    1.08,exact_mw,cb12ae119b9b2ba18d0216e7235b403229e92fd0743ede48fe7f1a2c6f45d594,"{""distance"":5,""physical_error_rate"":0.0005}","{""detection_events"":27355,""detectors_checked"":12386304}"
      3072,         0,         0,   0.094,exact_mw,cb12ae119b9b2ba18d0216e7235b403229e92fd0743ede48fe7f1a2c6f45d594,"{""distance"":5,""physical_error_rate"":0.0005}","{""detection_events"":1549,""detectors_checked"":688128}"
      2048,         0,         0,   0.052,exact_mw,cb12ae119b9b2ba18d0216e7235b403229e92fd0743ede48fe7f1a2c6f45d594,"{""distance"":5,""physical_error_rate"":0.0005}","{""detection_events"":1000,""detectors_checked"":458752}"
     56320,         0,         0,    1.10,exact_mw,cb12ae119b9b2ba18d0216e7235b403229e92fd0743ede48fe7f1a2c6f45d594,"{""distance"":5,""physical_error_rate"":0.0005}","{""detection_events"":27633,""detectors_checked"":12615680}"
     41984,         0,         0,   0.799,exact_mw,cb12ae119b9b2ba18d0216e7235b403229e92fd0743ede48fe7f1a2c6f45d594,"{""distance"":5,""physical_error_rate"":0.0005}","{""detection_events"":20248,""detectors_checked"":9404416}"
    224256,         0,         0,    4.18,exact_mw,cb12ae119b9b2ba18d0216e7235b403229e92fd0743ede48fe7f1a2c6f45d594,"{""distance"":5,""physical_error_rate"":0.0005}","{""detection_events"":110133,""detectors_checked"":50233344}"
      7168,         0,         0,   0.154,exact_mw,cb12ae119b9b2ba18d0216e7235b403229e92fd0743ede48fe7f1a2c6f45d594,"{""distance"":5,""physical_error_rate"":0.0005}","{""detection_events"":3480,""detectors_checked"":1605632}"
    274432,         0,         0,    4.24,exact_mw,cb12ae119b9b2ba18d0216e7235b403229e92fd0743ede48fe7f1a2c6f45d594,"{""distance"":5,""physical_error_rate"":0.0005}","{""detection_events"":135604,""detectors_checked"":61472768}"
    273408,         0,         0,    4.11,exact_mw,cb12ae119b9b2ba18d0216e7235b403229e92fd0743ede48fe7f1a2c6f45d594,"{""distance"":5,""physical_error_rate"":0.0005}","{""detection_events"":135499,""detectors_checked"":61243392}"
     49152,         0,         0,    1.06,exact_mw,cb12ae119b9b2ba18d0216e7235b403229e92fd0743ede48fe7f1a2c6f45d594,"{""distance"":5,""physical_error_rate"":0.0005}","{""detection_events"":23457,""detectors_checked"":11010048}"
      2048,         0,         0,   0.048,exact_mw,cb12ae119b9b2ba18d0216e7235b403229e92fd0743ede48fe7f1a2c6f45d594,"{""distance"":5,""physical_error_rate"":0.0005}","{""detection_events"":1098,""detectors_checked"":458752}"
     49152,         0,         0,    1.08,exact_mw,cb12ae119b9b2ba18d0216e7235b403229e92fd0743ede48fe7f1a2c6f45d594,"{""distance"":5,""physical_error_rate"":0.0005}","{""detection_events"":24299,""detectors_checked"":11010048}"
     55296,         0,         0,    1.06,exact_mw,cb12ae119b9b2ba18d0216e7235b403229e92fd0743ede48fe7f1a2c6f45d594,"{""distance"":5,""physical_error_rate"":0.0005}","{""detection_events"":27087,""detectors_checked"":12386304}"
     97280,         0,         0,    1.56,exact_mw,cb12ae119b9b2ba18d0216e7235b403229e92fd0743ede48fe7f1a2c6f45d594,"{""distance"":5,""physical_error_rate"":0.0005}","{""detection_events"":47671,""detectors_checked"":21790720}"
     21504,         0,         0,   0.472,exact_mw,cb12ae119b9b2ba18d0216e7235b403229e92fd0743ede48fe7f1a2c6f45d594,"{""distance"":5,""physical_error_rate"":0.0005}","{""detection_events"":10603,""detectors_checked"":4816896}"
     35840,         0,         0,   0.702,exact_mw,cb12ae119b9b2ba18d0216e7235b403229e92fd0743ede48fe7f1a2c6f45d594,"{""distance"":5,""physical_error_rate"":0.0005}","{""detection_events"":17714,""detectors_checked"":8028160}"
      1024,         0,         0,   0.091,exact_mw,cb12ae119b9b2ba18d0216e7235b403229e92fd0743ede48fe7f1a2c6f45d594,"{""distance"":5,""physical_error_rate"":0.0005}","{""detection_events"":521,""detectors_checked"":229376}"
     39936,         0,         0,   0.769,exact_mw,cb12ae119b9b2ba18d0216e7235b403229e92fd0743ede48fe7f1a2c6f45d594,"{""distance"":5,""physical_error_rate"":0.0005}","{""detection_events"":19213,""detectors_checked"":8945664}"
     14336,         0,         0,   0.194,exact_mw,cb12ae119b9b2ba18d0216e7235b403229e92fd0743ede48fe7f1a2c6f45d594,"{""distance"":5,""physical_error_rate"":0.0005}","{""detection_events"":6844,""detectors_checked"":3211264}"
     93184,         0,         0,    1.56,exact_mw,cb12ae119b9b2ba18d0216e7235b403229e92fd0743ede48fe7f1a2c6f45d594,"{""distance"":5,""physical_error_rate"":0.0005}","{""detection_events"":45497,""detectors_checked"":20873216}"
     13312,         0,         0,   0.291,exact_mw,cb12ae119b9b2ba18d0216e7235b403229e92fd0743ede48fe7f1a2c6f45d594,"{""distance"":5,""physical_error_rate"":0.0005}","{""detection_events"":6573,""detectors_checked"":2981888}"
      9216,         0,         0,   0.212,exact_mw,cb12ae119b9b2ba18d0216e7235b403229e92fd0743ede48fe7f1a2c6f45d594,"{""distance"":5,""physical_error_rate"":0.0005}","{""detection_events"":4457,""detectors_checked"":2064384}"
    227328,         0,         0,    4.23,exact_mw,cb12ae119b9b2ba18d0216e7235b403229e92fd0743ede48fe7f1a2c6f45d594,"{""distance"":5,""physical_error_rate"":0.0005}","{""detection_events"":111130,""detectors_checked"":50921472}"
      4096,         0,         0,   0.096,exact_mw,cb12ae119b9b2ba18d0216e7235b403229e92fd0743ede48fe7f1a2c6f45d594,"{""distance"":5,""physical_error_rate"":0.0005}","{""detection_events"":2016,""detectors_checked"":917504}"
        17,         0,         0,   0.057,exact_mw,cb12ae119b9b2ba18d0216e7235b403229e92fd0743ede48fe7f1a2c6f45d594,"{""distance"":5,""physical_error_rate"":0.0005}","{""detection_events"":9,""detectors_checked"":3808}"
     81920,         0,         0,    1.51,exact_mw,cb12ae119b9b2ba18d0216e7235b403229e92fd0743ede48fe7f1a2c6f45d594,"{""distance"":5,""physical_error_rate"":0.0005}","{""detection_events"":40437,""detectors_checked"":18350080}"
    100352,         0,         0,    1.56,exact_mw,cb12ae119b9b2ba18d0216e7235b403229e92fd0743ede48fe7f1a2c6f45d594,"{""distance"":5,""physical_error_rate"":0.0005}","{""detection_events"":49739,""detectors_checked"":22478848}"
      1152,         0,         0,   0.061,exact_mw,cb12ae119b9b2ba18d0216e7235b403229e92fd0743ede48fe7f1a2c6f45d594,"{""distance"":5,""physical_error_rate"":0.0005}","{""detection_events"":612,""detectors_checked"":258048}"
     18432,         0,         0,   0.420,exact_mw,cb12ae119b9b2ba18d0216e7235b403229e92fd0743ede48fe7f1a2c6f45d594,"{""distance"":5,""physical_error_rate"":0.0005}","{""detection_events"":8985,""detectors_checked"":4128768}"
         1,         0,         0,   0.000,exact_mw,cb12ae119b9b2ba18d0216e7235b403229e92fd0743ede48fe7f1a2c6f45d594,"{""distance"":5,""physical_error_rate"":0.0005}","{""detectors_checked"":224}"
      5120,         0,         0,   0.104,exact_mw,cb12ae119b9b2ba18d0216e7235b403229e92fd0743ede48fe7f1a2c6f45d594,"{""distance"":5,""physical_error_rate"":0.0005}","{""detection_events"":2515,""detectors_checked"":1146880}"
    115712,         0,         0,    4.10,exact_mw,cb12ae119b9b2ba18d0216e7235b403229e92fd0743ede48fe7f1a2c6f45d594,"{""distance"":5,""physical_error_rate"":0.0005}","{""detection_events"":57951,""detectors_checked"":25919488}"
      1296,         0,         0,   0.032,exact_mw,cb12ae119b9b2ba18d0216e7235b403229e92fd0743ede48fe7f1a2c6f45d594,"{""distance"":5,""physical_error_rate"":0.0005}","{""detection_events"":657,""detectors_checked"":290304}"
     58368,         0,         0,    1.10,exact_mw,cb12ae119b9b2ba18d0216e7235b403229e92fd0743ede48fe7f1a2c6f45d594,"{""distance"":5,""physical_error_rate"":0.0005}","{""detection_events"":28873,""detectors_checked"":13074432}"
      1024,         0,         0,   0.062,exact_mw,cb12ae119b9b2ba18d0216e7235b403229e92fd0743ede48fe7f1a2c6f45d594,"{""distance"":5,""physical_error_rate"":0.0005}","{""detection_events"":537,""detectors_checked"":229376}"
     29696,         0,         0,   0.717,exact_mw,cb12ae119b9b2ba18d0216e7235b403229e92fd0743ede48fe7f1a2c6f45d594,"{""distance"":5,""physical_error_rate"":0.0005}","{""detection_events"":14578,""detectors_checked"":6651904}"
      1024,         0,         0,   0.003,exact_mw,cb12ae119b9b2ba18d0216e7235b403229e92fd0743ede48fe7f1a2c6f45d594,"{""distance"":5,""physical_error_rate"":0.0005}","{""detection_events"":465,""detectors_checked"":229376}"
     47104,         0,         0,    1.46,exact_mw,cb12ae119b9b2ba18d0216e7235b403229e92fd0743ede48fe7f1a2c6f45d594,"{""distance"":5,""physical_error_rate"":0.0005}","{""detection_events"":23115,""detectors_checked"":10551296}"
     51200,         0,         0,    1.12,exact_mw,cb12ae119b9b2ba18d0216e7235b403229e92fd0743ede48fe7f1a2c6f45d594,"{""distance"":5,""physical_error_rate"":0.0005}","{""detection_events"":25265,""detectors_checked"":11468800}"
      1024,         0,         0,   0.026,exact_mw,cb12ae119b9b2ba18d0216e7235b403229e92fd0743ede48fe7f1a2c6f45d594,"{""distance"":5,""physical_error_rate"":0.0005}","{""detection_events"":534,""detectors_checked"":229376}"
      1024,         0,         0,   0.003,exact_mw,cb12ae119b9b2ba18d0216e7235b403229e92fd0743ede48fe7f1a2c6f45d594,"{""distance"":5,""physical_error_rate"":0.0005}","{""detection_events"":470,""detectors_checked"":229376}"
     72704,         0,         0,    1.55,exact_mw,cb12ae119b9b2ba18d0216e7235b403229e92fd0743ede48fe7f1a2c6f45d594,"{""distance"":5,""physical_error_rate"":0.0005}","{""detection_events"":36084,""detectors_checked"":16285696}"
    200704,         0,         0,    4.20,exact_mw,cb12ae119b9b2ba18d0216e7235b403229e92fd0743ede48fe7f1a2c6f45d594,"{""distance"":5,""physical_error_rate"":0.0005}","{""detection_events"":98866,""detectors_checked"":44957696}"
     18432,         0,         0,   0.306,exact_mw,cb12ae119b9b2ba18d0216e7235b403229e92fd0743ede48fe7f1a2c6f45d594,"{""distance"":5,""physical_error_rate"":0.0005}","{""detection_events"":8972,""detectors_checked"":4128768}"
    206848,         0,         0,    4.13,exact_mw,cb12ae119b9b2ba18d0216e7235b403229e92fd0743ede48fe7f1a2c6f45d594,"{""distance"":5,""physical_error_rate"":0.0005}","{""detection_events"":102016,""detectors_checked"":46333952}"
      1024,         0,         0,   0.060,exact_mw,cb12ae119b9b2ba18d0216e7235b403229e92fd0743ede48fe7f1a2c6f45d594,"{""distance"":5,""physical_error_rate"":0.0005}","{""detection_events"":533,""detectors_checked"":229376}"
      8192,         0,         0,   0.128,exact_mw,cb12ae119b9b2ba18d0216e7235b403229e92fd0743ede48fe7f1a2c6f45d594,"{""distance"":5,""physical_error_rate"":0.0005}","{""detection_events"":3943,""detectors_checked"":1835008}"
      4096,         0,         0,   0.059,exact_mw,cb12ae119b9b2ba18d0216e7235b403229e92fd0743ede48fe7f1a2c6f45d594,"{""distance"":5,""physical_error_rate"":0.0005}","{""detection_events"":2046,""detectors_checked"":917504}"
     13312,         0,         0,   0.298,exact_mw,cb12ae119b9b2ba18d0216e7235b403229e92fd0743ede48fe7f1a2c6f45d594,"{""distance"":5,""physical_error_rate"":0.0005}","{""detection_events"":6662,""detectors_checked"":2981888}"
      1024,         0,         0,   0.059,exact_mw,cb12ae119b9b2ba18d0216e7235b403229e92fd0743ede48fe7f1a2c6f45d594,"{""distance"":5,""physical_error_rate"":0.0005}","{""detection_events"":495,""detectors_checked"":229376}"
      2048,         0,         0,   0.058,exact_mw,cb12ae119b9b2ba18d0216e7235b403229e92fd0743ede48fe7f1a2c6f45d594,"{""distance"":5,""physical_error_rate"":0.0005}","{""detection_events"":1056,""detectors_checked"":458752}"
     18432,         0,         0,   0.389,exact_mw,cb12ae119b9b2ba18d0216e7235b403229e92fd0743ede48fe7f1a2c6f45d594,"{""distance"":5,""physical_error_rate"":0.0005}","{""detection_events"":9109,""detectors_checked"":4128768}"
     49152,         0,         0,    1.56,exact_mw,cb12ae119b9b2ba18d0216e7235b403229e92fd0743ede48fe7f1a2c6f45d594,"{""distance"":5,""physical_error_rate"":0.0005}","{""detection_events"":24289,""detectors_checked"":11010048}"
    168960,         0,         0,    2.92,exact_mw,cb12ae119b9b2ba18d0216e7235b403229e92fd0743ede48fe7f1a2c6f45d594,"{""distance"":5,""physical_error_rate"":0.0005}","{""detection_events"":83647,""detectors_checked"":37847040}"
    128000,         0,         0,    1.52,exact_mw,cb12ae119b9b2ba18d0216e7235b403229e92fd0743ede48fe7f1a2c6f45d594,"{""distance"":5,""physical_error_rate"":0.0005}","{""detection_events"":63098,""detectors_checked"":28672000}"
      4096,         0,         0,   0.076,exact_mw,cb12ae119b9b2ba18d0216e7235b403229e92fd0743ede48fe7f1a2c6f45d594,"{""distance"":5,""physical_error_rate"":0.0005}","{""detection_events"":2129,""detectors_checked"":917504}"
     68608,         0,         0,    1.47,exact_mw,cb12ae119b9b2ba18d0216e7235b403229e92fd0743ede48fe7f1a2c6f45d594,"{""distance"":5,""physical_error_rate"":0.0005}","{""detection_events"":33627,""detectors_checked"":15368192}"
      2048,         0,         0,   0.118,exact_mw,cb12ae119b9b2ba18d0216e7235b403229e92fd0743ede48fe7f1a2c6f45d594,"{""distance"":5,""physical_error_rate"":0.0005}","{""detection_events"":1013,""detectors_checked"":458752}"
    141312,         0,         0,    4.18,exact_mw,cb12ae119b9b2ba18d0216e7235b403229e92fd0743ede48fe7f1a2c6f45d594,"{""distance"":5,""physical_error_rate"":0.0005}","{""detection_events"":68855,""detectors_checked"":31653888}"
      9216,         0,         0,   0.226,exact_mw,cb12ae119b9b2ba18d0216e7235b403229e92fd0743ede48fe7f1a2c6f45d594,"{""distance"":5,""physical_error_rate"":0.0005}","{""detection_events"":4518,""detectors_checked"":2064384}"
      1297,         0,         0,   0.061,exact_mw,cb12ae119b9b2ba18d0216e7235b403229e92fd0743ede48fe7f1a2c6f45d594,"{""distance"":5,""physical_error_rate"":0.0005}","{""detection_events"":646,""detectors_checked"":290528}"
    114688,         0,         0,    1.55,exact_mw,cb12ae119b9b2ba18d0216e7235b403229e92fd0743ede48fe7f1a2c6f45d594,"{""distance"":5,""physical_error_rate"":0.0005}","{""detection_events"":56246,""detectors_checked"":25690112}"
    136192,         0,         0,    2.14,exact_mw,cb12ae119b9b2ba18d0216e7235b403229e92fd0743ede48fe7f1a2c6f45d594,"{""distance"":5,""physical_error_rate"":0.0005}","{""detection_events"":66908,""detectors_checked"":30507008}"
      5120,         0,         0,   0.118,exact_mw,cb12ae119b9b2ba18d0216e7235b403229e92fd0743ede48fe7f1a2c6f45d594,"{""distance"":5,""physical_error_rate"":0.0005}","{""detection_events"":2597,""detectors_checked"":1146880}"
     76800,         0,         0,    1.13,exact_mw,cb12ae119b9b2ba18d0216e7235b403229e92fd0743ede48fe7f1a2c6f45d594,"{""distance"":5,""physical_error_rate"":0.0005}","{""detection_events"":37229,""detectors_checked"":17203200}"
     61440,         0,         0,    1.06,exact_mw,cb12ae119b9b2ba18d0216e7235b403229e92fd0743ede48fe7f1a2c6f45d594,"{""distance"":5,""physical_error_rate"":0.0005}","{""detection_events"":30452,""detectors_checked"":13762560}"
    128000,         0,         0,    4.19,exact_mw,cb12ae119b9b2ba18d0216e7235b403229e92fd0743ede48fe7f1a2c6f45d594,"{""distance"":5,""physical_error_rate"":0.0005}","{""detection_events"":63097,""detectors_checked"":28672000}"
      1297,         0,         0,   0.025,exact_mw,cb12ae119b9b2ba18d0216e7235b403229e92fd0743ede48fe7f1a2c6f45d594,"{""distance"":5,""physical_error_rate"":0.0005}","{""detection_events"":671,""detectors_checked"":290528}"
      3072,         0,         0,   0.121,exact_mw,cb12ae119b9b2ba18d0216e7235b403229e92fd0743ede48fe7f1a2c6f45d594,"{""distance"":5,""physical_error_rate"":0.0005}","{""detection_events"":1542,""detectors_checked"":688128}"
      1024,         0,         0,   0.060,exact_mw,cb12ae119b9b2ba18d0216e7235b403229e92fd0743ede48fe7f1a2c6f45d594,"{""distance"":5,""physical_error_rate"":0.0005}","{""detection_events"":446,""detectors_checked"":229376}"
      1024,         0,         0,   0.025,exact_mw,cb12ae119b9b2ba18d0216e7235b403229e92fd0743ede48fe7f1a2c6f45d594,"{""distance"":5,""physical_error_rate"":0.0005}","{""detection_events"":490,""detectors_checked"":229376}"
      1024,         0,         0,   0.024,exact_mw,cb12ae119b9b2ba18d0216e7235b403229e92fd0743ede48fe7f1a2c6f45d594,"{""distance"":5,""physical_error_rate"":0.0005}","{""detection_events"":500,""detectors_checked"":229376}"
      1024,         0,         0,   0.059,exact_mw,cb12ae119b9b2ba18d0216e7235b403229e92fd0743ede48fe7f1a2c6f45d594,"{""distance"":5,""physical_error_rate"":0.0005}","{""detection_events"":486,""detectors_checked"":229376}"
     77824,         0,         0,    1.49,exact_mw,cb12ae119b9b2ba18d0216e7235b403229e92fd0743ede48fe7f1a2c6f45d594,"{""distance"":5,""physical_error_rate"":0.0005}","{""detection_events"":38671,""detectors_checked"":17432576}"
     28672,         0,         0,   0.418,exact_mw,cb12ae119b9b2ba18d0216e7235b403229e92fd0743ede48fe7f1a2c6f45d594,"{""distance"":5,""physical_error_rate"":0.0005}","{""detection_events"":14064,""detectors_checked"":6422528}"
    113664,         0,         0,    1.55,exact_mw,cb12ae119b9b2ba18d0216e7235b403229e92fd0743ede48fe7f1a2c6f45d594,"{""distance"":5,""physical_error_rate"":0.0005}","{""detection_events"":56224,""detectors_checked"":25460736}"
     22528,         0,         0,   0.574,exact_mw,cb12ae119b9b2ba18d0216e7235b403229e92fd0743ede48fe7f1a2c6f45d594,"{""distance"":5,""physical_error_rate"":0.0005}","{""detection_events"":10773,""detectors_checked"":5046272}"
     40960,         0,         0,   0.795,exact_mw,cb12ae119b9b2ba18d0216e7235b403229e92fd0743ede48fe7f1a2c6f45d594,"{""distance"":5,""physical_error_rate"":0.0005}","{""detection_events"":20427,""detectors_checked"":9175040}"
    662528,         2,         0,    16.1,exact_mw,cb12ae119b9b2ba18d0216e7235b403229e92fd0743ede48fe7f1a2c6f45d594,"{""distance"":5,""physical_error_rate"":0.0005}","{""detection_events"":327537,""detectors_checked"":148406272,""obs_mistake_mask=E"":2}"
      3072,         0,         0,   0.031,exact_mw,cb12ae119b9b2ba18d0216e7235b403229e92fd0743ede48fe7f1a2c6f45d594,"{""distance"":5,""physical_error_rate"":0.0005}","{""detection_events"":1580,""detectors_checked"":688128}"
      1024,         0,         0,   0.059,exact_mw,cb12ae119b9b2ba18d0216e7235b403229e92fd0743ede48fe7f1a2c6f45d594,"{""distance"":5,""physical_error_rate"":0.0005}","{""detection_events"":475,""detectors_checked"":229376}"
      5120,         0,         0,   0.149,exact_mw,cb12ae119b9b2ba18d0216e7235b403229e92fd0743ede48fe7f1a2c6f45d594,"{""distance"":5,""physical_error_rate"":0.0005}","{""detection_events"":2602,""detectors_checked"":1146880}"
     18432,         0,         0,   0.417,exact_mw,cb12ae119b9b2ba18d0216e7235b403229e92fd0743ede48fe7f1a2c6f45d594,"{""distance"":5,""physical_error_rate"":0.0005}","{""detection_events"":9114,""detectors_checked"":4128768}"
   1470053,         1,         0,    23.1,exact_mw,cb12ae119b9b2ba18d0216e7235b403229e92fd0743ede48fe7f1a2c6f45d594,"{""distance"":5,""physical_error_rate"":0.0005}","{""detection_events"":723106,""detectors_checked"":329291872,""obs_mistake_mask=E"":1}"
      2048,         0,         0,   0.037,exact_mw,cb12ae119b9b2ba18d0216e7235b403229e92fd0743ede48fe7f1a2c6f45d594,"{""distance"":5,""physical_error_rate"":0.0005}","{""detection_events"":1071,""detectors_checked"":458752}"
   1440768,         0,         0,    21.2,exact_mw,cb12ae119b9b2ba18d0216e7235b403229e92fd0743ede48fe7f1a2c6f45d594,"{""distance"":5,""physical_error_rate"":0.0005}","{""detection_events"":708228,""detectors_checked"":322732032}"
     54272,         0,         0,    1.13,exact_mw,cb12ae119b9b2ba18d0216e7235b403229e92fd0743ede48fe7f1a2c6f45d594,"{""distance"":5,""physical_error_rate"":0.0005}","{""detection_events"":27155,""detectors_checked"":12156928}"
    114688,         0,         0,    1.53,exact_mw,cb12ae119b9b2ba18d0216e7235b403229e92fd0743ede48fe7f1a2c6f45d594,"{""distance"":5,""physical_error_rate"":0.0005}","{""detection_events"":56913,""detectors_checked"":25690112}"
      1024,         0,         0,   0.061,exact_mw,cb12ae119b9b2ba18d0216e7235b403229e92fd0743ede48fe7f1a2c6f45d594,"{""distance"":5,""physical_error_rate"":0.0005}","{""detection_events"":538,""detectors_checked"":229376}"
     68608,         0,         0,    1.54,exact_mw,cb12ae119b9b2ba18d0216e7235b403229e92fd0743ede48fe7f1a2c6f45d594,"{""distance"":5,""physical_error_rate"":0.0005}","{""detection_events"":33719,""detectors_checked"":15368192}"
    109568,         0,         0,    2.08,exact_mw,cb12ae119b9b2ba18d0216e7235b403229e92fd0743ede48fe7f1a2c6f45d594,"{""distance"":5,""physical_error_rate"":0.0005}","{""detection_events"":54161,""detectors_checked"":24543232}"
     73728,         1,         0,    1.54,exact_mw,cb12ae119b9b2ba18d0216e7235b403229e92fd0743ede48fe7f1a2c6f45d594,"{""distance"":5,""physical_error_rate"":0.0005}","{""detection_events"":36325,""detectors_checked"":16515072,""obs_mistake_mask=E"":1}"
     72704,         0,         0,    1.50,exact_mw,cb12ae119b9b2ba18d0216e7235b403229e92fd0743ede48fe7f1a2c6f45d594,"{""distance"":5,""physical_error_rate"":0.0005}","{""detection_events"":35139,""detectors_checked"":16285696}"
     72704,         0,         0,    1.49,exact_mw,cb12ae119b9b2ba18d0216e7235b403229e92fd0743ede48fe7f1a2c6f45d594,"{""distance"":5,""physical_error_rate"":0.0005}","{""detection_events"":34936,""detectors_checked"":16285696}"
     15360,         0,         0,   0.292,exact_mw,cb12ae119b9b2ba18d0216e7235b403229e92fd0743ede48fe7f1a2c6f45d594,"{""distance"":5,""physical_error_rate"":0.0005}","{""detection_events"":7897,""detectors_checked"":3440640}"
     81920,         0,         0,    1.57,exact_mw,cb12ae119b9b2ba18d0216e7235b403229e92fd0743ede48fe7f1a2c6f45d594,"{""distance"":5,""physical_error_rate"":0.0005}","{""detection_events"":40167,""detectors_checked"":18350080}"
      3072,         0,         0,   0.059,exact_mw,cb12ae119b9b2ba18d0216e7235b403229e92fd0743ede48fe7f1a2c6f45d594,"{""distance"":5,""physical_error_rate"":0.0005}","{""detection_events"":1471,""detectors_checked"":688128}"
      3072,         0,         0,   0.056,exact_mw,cb12ae119b9b2ba18d0216e7235b403229e92fd0743ede48fe7f1a2c6f45d594,"{""distance"":5,""physical_error_rate"":0.0005}","{""detection_events"":1555,""detectors_checked"":688128}"
      4096,         0,         0,   0.232,exact_mw,cb12ae119b9b2ba18d0216e7235b403229e92fd0743ede48fe7f1a2c6f45d594,"{""distance"":5,""physical_error_rate"":0.0005}","{""detection_events"":2031,""detectors_checked"":917504}"
     53248,         0,         0,    1.10,exact_mw,cb12ae119b9b2ba18d0216e7235b403229e92fd0743ede48fe7f1a2c6f45d594,"{""distance"":5,""physical_error_rate"":0.0005}","{""detection_events"":26339,""detectors_checked"":11927552}"
    101376,         0,         0,    1.51,exact_mw,cb12ae119b9b2ba18d0216e7235b403229e92fd0743ede48fe7f1a2c6f45d594,"{""distance"":5,""physical_error_rate"":0.0005}","{""detection_events"":50345,""detectors_checked"":22708224}"
     97280,         0,         0,    1.55,exact_mw,cb12ae119b9b2ba18d0216e7235b403229e92fd0743ede48fe7f1a2c6f45d594,"{""distance"":5,""physical_error_rate"":0.0005}","{""detection_events"":47897,""detectors_checked"":21790720}"
    203776,         0,         0,    4.24,exact_mw,cb12ae119b9b2ba18d0216e7235b403229e92fd0743ede48fe7f1a2c6f45d594,"{""distance"":5,""physical_error_rate"":0.0005}","{""detection_events"":100920,""detectors_checked"":45645824}"
     55296,         0,         0,    2.11,exact_mw,cb12ae119b9b2ba18d0216e7235b403229e92fd0743ede48fe7f1a2c6f45d594,"{""distance"":5,""physical_error_rate"":0.0005}","{""detection_events"":27684,""detectors_checked"":12386304}"
      3072,         0,         0,   0.047,exact_mw,cb12ae119b9b2ba18d0216e7235b403229e92fd0743ede48fe7f1a2c6f45d594,"{""distance"":5,""physical_error_rate"":0.0005}","{""detection_events"":1498,""detectors_checked"":688128}"
     90112,         0,         0,    2.19,exact_mw,cb12ae119b9b2ba18d0216e7235b403229e92fd0743ede48fe7f1a2c6f45d594,"{""distance"":5,""physical_error_rate"":0.0005}","{""detection_events"":44484,""detectors_checked"":20185088}"
    115712,         0,         0,    1.55,exact_mw,cb12ae119b9b2ba18d0216e7235b403229e92fd0743ede48fe7f1a2c6f45d594,"{""distance"":5,""physical_error_rate"":0.0005}","{""detection_events"":56893,""detectors_checked"":25919488}"
      9216,         0,         0,   0.204,exact_mw,cb12ae119b9b2ba18d0216e7235b403229e92fd0743ede48fe7f1a2c6f45d594,"{""distance"":5,""physical_error_rate"":0.0005}","{""detection_events"":4636,""detectors_checked"":2064384}"
    241664,         0,         0,    4.23,exact_mw,cb12ae119b9b2ba18d0216e7235b403229e92fd0743ede48fe7f1a2c6f45d594,"{""distance"":5,""physical_error_rate"":0.0005}","{""detection_events"":118673,""detectors_checked"":54132736}"
      3072,         0,         0,   0.085,exact_mw,cb12ae119b9b2ba18d0216e7235b403229e92fd0743ede48fe7f1a2c6f45d594,"{""distance"":5,""physical_error_rate"":0.0005}","{""detection_events"":1560,""detectors_checked"":688128}"
     26624,         0,         0,   0.531,exact_mw,cb12ae119b9b2ba18d0216e7235b403229e92fd0743ede48fe7f1a2c6f45d594,"{""distance"":5,""physical_error_rate"":0.0005}","{""detection_events"":13094,""detectors_checked"":5963776}"
     55296,         0,         0,    1.09,exact_mw,cb12ae119b9b2ba18d0216e7235b403229e92fd0743ede48fe7f1a2c6f45d594,"{""distance"":5,""physical_error_rate"":0.0005}","{""detection_events"":27613,""detectors_checked"":12386304}"
      7168,         0,         0,   0.124,exact_mw,cb12ae119b9b2ba18d0216e7235b403229e92fd0743ede48fe7f1a2c6f45d594,"{""distance"":5,""physical_error_rate"":0.0005}","{""detection_events"":3636,""detectors_checked"":1605632}"
      9216,         0,         0,   0.175,exact_mw,cb12ae119b9b2ba18d0216e7235b403229e92fd0743ede48fe7f1a2c6f45d594,"{""distance"":5,""physical_error_rate"":0.0005}","{""detection_events"":4715,""detectors_checked"":2064384}"
      5120,         0,         0,   0.120,exact_mw,cb12ae119b9b2ba18d0216e7235b403229e92fd0743ede48fe7f1a2c6f45d594,"{""distance"":5,""physical_error_rate"":0.0005}","{""detection_events"":2496,""detectors_checked"":1146880}"
     47104,         0,         0,    1.05,exact_mw,cb12ae119b9b2ba18d0216e7235b403229e92fd0743ede48fe7f1a2c6f45d594,"{""distance"":5,""physical_error_rate"":0.0005}","{""detection_events"":22913,""detectors_checked"":10551296}"
     33792,         0,         0,    1.55,exact_mw,cb12ae119b9b2ba18d0216e7235b403229e92fd0743ede48fe7f1a2c6f45d594,"{""distance"":5,""physical_error_rate"":0.0005}","{""detection_events"":16522,""detectors_checked"":7569408}"
    116736,         0,         0,    1.55,exact_mw,cb12ae119b9b2ba18d0216e7235b403229e92fd0743ede48fe7f1a2c6f45d594,"{""distance"":5,""physical_error_rate"":0.0005}","{""detection_events"":57600,""detectors_checked"":26148864}"
    129024,         0,         0,    1.54,exact_mw,cb12ae119b9b2ba18d0216e7235b403229e92fd0743ede48fe7f1a2c6f45d594,"{""distance"":5,""physical_error_rate"":0.0005}","{""detection_events"":62644,""detectors_checked"":28901376}"
      9216,         0,         0,   0.152,exact_mw,cb12ae119b9b2ba18d0216e7235b403229e92fd0743ede48fe7f1a2c6f45d594,"{""distance"":5,""physical_error_rate"":0.0005}","{""detection_events"":4531,""detectors_checked"":2064384}"
     78848,         0,         0,    1.54,exact_mw,cb12ae119b9b2ba18d0216e7235b403229e92fd0743ede48fe7f1a2c6f45d594,"{""distance"":5,""physical_error_rate"":0.0005}","{""detection_events"":38436,""detectors_checked"":17661952}"
     65536,         0,         0,    1.51,exact_mw,cb12ae119b9b2ba18d0216e7235b403229e92fd0743ede48fe7f1a2c6f45d594,"{""distance"":5,""physical_error_rate"":0.0005}","{""detection_events"":32730,""detectors_checked"":14680064}"
      7168,         0,         0,   0.157,exact_mw,cb12ae119b9b2ba18d0216e7235b403229e92fd0743ede48fe7f1a2c6f45d594,"{""distance"":5,""physical_error_rate"":0.0005}","{""detection_events"":3424,""detectors_checked"":1605632}"
     14336,         0,         0,   0.312,exact_mw,cb12ae119b9b2ba18d0216e7235b403229e92fd0743ede48fe7f1a2c6f45d594,"{""distance"":5,""physical_error_rate"":0.0005}","{""detection_events"":7047,""detectors_checked"":3211264}"
    130048,         0,         0,    1.52,exact_mw,cb12ae119b9b2ba18d0216e7235b403229e92fd0743ede48fe7f1a2c6f45d594,"{""distance"":5,""physical_error_rate"":0.0005}","{""detection_events"":63885,""detectors_checked"":29130752}"
     30720,         1,         0,   0.399,exact_mw,cb12ae119b9b2ba18d0216e7235b403229e92fd0743ede48fe7f1a2c6f45d594,"{""distance"":5,""physical_error_rate"":0.0005}","{""detection_events"":15314,""detectors_checked"":6881280,""obs_mistake_mask=E"":1}"
     74752,         0,         0,    1.52,exact_mw,cb12ae119b9b2ba18d0216e7235b403229e92fd0743ede48fe7f1a2c6f45d594,"{""distance"":5,""physical_error_rate"":0.0005}","{""detection_events"":37138,""detectors_checked"":16744448}"
     31744,         0,         0,   0.557,exact_mw,cb12ae119b9b2ba18d0216e7235b403229e92fd0743ede48fe7f1a2c6f45d594,"{""distance"":5,""physical_error_rate"":0.0005}","{""detection_events"":15571,""detectors_checked"":7110656}"
     65536,         0,         0,    1.53,exact_mw,cb12ae119b9b2ba18d0216e7235b403229e92fd0743ede48fe7f1a2c6f45d594,"{""distance"":5,""physical_error_rate"":0.0005}","{""detection_events"":31958,""detectors_checked"":14680064}"
     74752,         0,         0,    1.55,exact_mw,cb12ae119b9b2ba18d0216e7235b403229e92fd0743ede48fe7f1a2c6f45d594,"{""distance"":5,""physical_error_rate"":0.0005}","{""detection_events"":36797,""detectors_checked"":16744448}"
     92160,         0,         0,    2.17,exact_mw,cb12ae119b9b2ba18d0216e7235b403229e92fd0743ede48fe7f1a2c6f45d594,"{""distance"":5,""physical_error_rate"":0.0005}","{""detection_events"":45208,""detectors_checked"":20643840}"
     56320,         0,         0,    1.07,exact_mw,cb12ae119b9b2ba18d0216e7235b403229e92fd0743ede48fe7f1a2c6f45d594,"{""distance"":5,""physical_error_rate"":0.0005}","{""detection_events"":27886,""detectors_checked"":12615680}"
     66560,         0,         0,    1.51,exact_mw,cb12ae119b9b2ba18d0216e7235b403229e92fd0743ede48fe7f1a2c6f45d594,"{""distance"":5,""physical_error_rate"":0.0005}","{""detection_events"":32487,""detectors_checked"":14909440}"
     99328,         0,         0,    1.56,exact_mw,cb12ae119b9b2ba18d0216e7235b403229e92fd0743ede48fe7f1a2c6f45d594,"{""distance"":5,""physical_error_rate"":0.0005}","{""detection_events"":48345,""detectors_checked"":22249472}"
     26624,         0,         0,   0.557,exact_mw,cb12ae119b9b2ba18d0216e7235b403229e92fd0743ede48fe7f1a2c6f45d594,"{""distance"":5,""physical_error_rate"":0.0005}","{""detection_events"":12952,""detectors_checked"":5963776}"
     96256,         0,         0,    2.09,exact_mw,cb12ae119b9b2ba18d0216e7235b403229e92fd0743ede48fe7f1a2c6f45d594,"{""distance"":5,""physical_error_rate"":0.0005}","{""detection_events"":47565,""detectors_checked"":21561344}"
     14336,         0,         0,   0.300,exact_mw,cb12ae119b9b2ba18d0216e7235b403229e92fd0743ede48fe7f1a2c6f45d594,"{""distance"":5,""physical_error_rate"":0.0005}","{""detection_events"":7055,""detectors_checked"":3211264}"
     45056,         0,         0,    1.41,exact_mw,cb12ae119b9b2ba18d0216e7235b403229e92fd0743ede48fe7f1a2c6f45d594,"{""distance"":5,""physical_error_rate"":0.0005}","{""detection_events"":22121,""detectors_checked"":10092544}"
     11264,         0,         0,   0.227,exact_mw,cb12ae119b9b2ba18d0216e7235b403229e92fd0743ede48fe7f1a2c6f45d594,"{""distance"":5,""physical_error_rate"":0.0005}","{""detection_events"":5459,""detectors_checked"":2523136}"
     80896,         0,         0,    1.56,exact_mw,cb12ae119b9b2ba18d0216e7235b403229e92fd0743ede48fe7f1a2c6f45d594,"{""distance"":5,""physical_error_rate"":0.0005}","{""detection_events"":39555,""detectors_checked"":18120704}"
     73728,         0,         0,    1.57,exact_mw,cb12ae119b9b2ba18d0216e7235b403229e92fd0743ede48fe7f1a2c6f45d594,"{""distance"":5,""physical_error_rate"":0.0005}","{""detection_events"":36173,""detectors_checked"":16515072}"
      8192,         0,         0,   0.223,exact_mw,cb12ae119b9b2ba18d0216e7235b403229e92fd0743ede48fe7f1a2c6f45d594,"{""distance"":5,""physical_error_rate"":0.0005}","{""detection_events"":4067,""detectors_checked"":1835008}"
     46080,         0,         0,   0.789,exact_mw,cb12ae119b9b2ba18d0216e7235b403229e92fd0743ede48fe7f1a2c6f45d594,"{""distance"":5,""physical_error_rate"":0.0005}","{""detection_events"":22623,""detectors_checked"":10321920}"
     15360,         0,         0,   0.393,exact_mw,cb12ae119b9b2ba18d0216e7235b403229e92fd0743ede48fe7f1a2c6f45d594,"{""distance"":5,""physical_error_rate"":0.0005}","{""detection_events"":7351,""detectors_checked"":3440640}"
    133120,         0,         0,    4.24,exact_mw,cb12ae119b9b2ba18d0216e7235b403229e92fd0743ede48fe7f1a2c6f45d594,"{""distance"":5,""physical_error_rate"":0.0005}","{""detection_events"":65737,""detectors_checked"":29818880}"
     17408,         0,         0,   0.301,exact_mw,cb12ae119b9b2ba18d0216e7235b403229e92fd0743ede48fe7f1a2c6f45d594,"{""distance"":5,""physical_error_rate"":0.0005}","{""detection_events"":8434,""detectors_checked"":3899392}"
     59392,         0,         0,    1.47,exact_mw,cb12ae119b9b2ba18d0216e7235b403229e92fd0743ede48fe7f1a2c6f45d594,"{""distance"":5,""physical_error_rate"":0.0005}","{""detection_events"":29338,""detectors_checked"":13303808}"
   1123328,         1,         0,    16.0,exact_mw,cb12ae119b9b2ba18d0216e7235b403229e92fd0743ede48fe7f1a2c6f45d594,"{""distance"":5,""physical_error_rate"":0.0005}","{""detection_events"":551474,""detectors_checked"":251625472,""obs_mistake_mask=E"":1}"
   1054720,         2,         0,    15.9,exact_mw,cb12ae119b9b2ba18d0216e7235b403229e92fd0743ede48fe7f1a2c6f45d594,"{""distance"":5,""physical_error_rate"":0.0005}","{""detection_events"":519516,""detectors_checked"":236257280,""obs_mistake_mask=E"":2}"
     11264,         0,         0,   0.308,exact_mw,cb12ae119b9b2ba18d0216e7235b403229e92fd0743ede48fe7f1a2c6f45d594,"{""distance"":5,""physical_error_rate"":0.0005}","{""detection_events"":5597,""detectors_checked"":2523136}"
    734208,         0,         0,    16.2,exact_mw,cb12ae119b9b2ba18d0216e7235b403229e92fd0743ede48fe7f1a2c6f45d594,"{""distance"":5,""physical_error_rate"":0.0005}","{""detection_events"":359392,""detectors_checked"":164462592}"
     40960,         0,         0,   0.795,exact_mw,cb12ae119b9b2ba18d0216e7235b403229e92fd0743ede48fe7f1a2c6f45d594,"{""distance"":5,""physical_error_rate"":0.0005}","{""detection_events"":19971,""detectors_checked"":9175040}"
     22528,         0,         0,   0.448,exact_mw,cb12ae119b9b2ba18d0216e7235b403229e92fd0743ede48fe7f1a2c6f45d594,"{""distance"":5,""physical_error_rate"":0.0005}","{""detection_events"":11410,""detectors_checked"":5046272}"
     62464,         0,         0,    1.58,exact_mw,cb12ae119b9b2ba18d0216e7235b403229e92fd0743ede48fe7f1a2c6f45d594,"{""distance"":5,""physical_error_rate"":0.0005}","{""detection_events"":30254,""detectors_checked"":13991936}"
     48128,         0,         0,   0.559,exact_mw,cb12ae119b9b2ba18d0216e7235b403229e92fd0743ede48fe7f1a2c6f45d594,"{""distance"":5,""physical_error_rate"":0.0005}","{""detection_events"":23804,""detectors_checked"":10780672}"
       273,         0,         0,   0.045,exact_mw,cb12ae119b9b2ba18d0216e7235b403229e92fd0743ede48fe7f1a2c6f45d594,"{""distance"":5,""physical_error_rate"":0.0005}","{""detection_events"":145,""detectors_checked"":61152}"
     50176,         0,         0,    1.15,exact_mw,cb12ae119b9b2ba18d0216e7235b403229e92fd0743ede48fe7f1a2c6f45d594,"{""distance"":5,""physical_error_rate"":0.0005}","{""detection_events"":24574,""detectors_checked"":11239424}"
     41984,         0,         0,    2.15,exact_mw,cb12ae119b9b2ba18d0216e7235b403229e92fd0743ede48fe7f1a2c6f45d594,"{""distance"":5,""physical_error_rate"":0.0005}","{""detection_events"":20848,""detectors_checked"":9404416}"
     99328,         0,         0,    2.16,exact_mw,cb12ae119b9b2ba18d0216e7235b403229e92fd0743ede48fe7f1a2c6f45d594,"{""distance"":5,""physical_error_rate"":0.0005}","{""detection_events"":48678,""detectors_checked"":22249472}"
    132096,         0,         0,    2.17,exact_mw,cb12ae119b9b2ba18d0216e7235b403229e92fd0743ede48fe7f1a2c6f45d594,"{""distance"":5,""physical_error_rate"":0.0005}","{""detection_events"":64762,""detectors_checked"":29589504}"
      1024,         0,         0,   0.048,exact_mw,cb12ae119b9b2ba18d0216e7235b403229e92fd0743ede48fe7f1a2c6f45d594,"{""distance"":5,""physical_error_rate"":0.0005}","{""detection_events"":474,""detectors_checked"":229376}"
      1024,         0,         0,   0.048,exact_mw,cb12ae119b9b2ba18d0216e7235b403229e92fd0743ede48fe7f1a2c6f45d594,"{""distance"":5,""physical_error_rate"":0.0005}","{""detection_events"":445,""detectors_checked"":229376}"
      2048,         0,         0,   0.050,exact_mw,cb12ae119b9b2ba18d0216e7235b403229e92fd0743ede48fe7f1a2c6f45d594,"{""distance"":5,""physical_error_rate"":0.0005}","{""detection_events"":1016,""detectors_checked"":458752}"
      1024,         0,         0,   0.048,exact_mw,cb12ae119b9b2ba18d0216e7235b403229e92fd0743ede48fe7f1a2c6f45d594,"{""distance"":5,""physical_error_rate"":0.0005}","{""detection_events"":440,""detectors_checked"":229376}"
     43008,         0,         0,   0.805,exact_mw,cb12ae119b9b2ba18d0216e7235b403229e92fd0743ede48fe7f1a2c6f45d594,"{""distance"":5,""physical_error_rate"":0.0005}","{""detection_events"":21405,""detectors_checked"":9633792}"
    125952,         0,         0,    2.16,exact_mw,cb12ae119b9b2ba18d0216e7235b403229e92fd0743ede48fe7f1a2c6f45d594,"{""distance"":5,""physical_error_rate"":0.0005}","{""detection_events"":61267,""detectors_checked"":28213248}"
    131072,         0,         0,    1.54,exact_mw,cb12ae119b9b2ba18d0216e7235b403229e92fd0743ede48fe7f1a2c6f45d594,"{""distance"":5,""physical_error_rate"":0.0005}","{""detection_events"":63920,""detectors_checked"":29360128}"
     21504,         0,         0,   0.423,exact_mw,cb12ae119b9b2ba18d0216e7235b403229e92fd0743ede48fe7f1a2c6f45d594,"{""distance"":5,""physical_error_rate"":0.0005}","{""detection_events"":10693,""detectors_checked"":4816896}"
      2048,         0,         0,   0.095,exact_mw,cb12ae119b9b2ba18d0216e7235b403229e92fd0743ede48fe7f1a2c6f45d594,"{""distance"":5,""physical_error_rate"":0.0005}","{""detection_events"":998,""detectors_checked"":458752}"
     82944,         0,         0,    1.54,exact_mw,cb12ae119b9b2ba18d0216e7235b403229e92fd0743ede48fe7f1a2c6f45d594,"{""distance"":5,""physical_error_rate"":0.0005}","{""detection_events"":41181,""detectors_checked"":18579456}"
     44032,         0,         0,   0.807,exact_mw,cb12ae119b9b2ba18d0216e7235b403229e92fd0743ede48fe7f1a2c6f45d594,"{""distance"":5,""physical_error_rate"":0.0005}","{""detection_events"":21652,""detectors_checked"":9863168}"
    941056,         1,         0,    16.2,exact_mw,cb12ae119b9b2ba18d0216e7235b403229e92fd0743ede48fe7f1a2c6f45d594,"{""distance"":5,""physical_error_rate"":0.0005}","{""detection_events"":462979,""detectors_checked"":210796544,""obs_mistake_mask=E"":1}"
     14336,         0,         0,   0.419,exact_mw,cb12ae119b9b2ba18d0216e7235b403229e92fd0743ede48fe7f1a2c6f45d594,"{""distance"":5,""physical_error_rate"":0.0005}","{""detection_events"":6825,""detectors_checked"":3211264}"
    103424,         0,         0,    2.12,exact_mw,cb12ae119b9b2ba18d0216e7235b403229e92fd0743ede48fe7f1a2c6f45d594,"{""distance"":5,""physical_error_rate"":0.0005}","{""detection_events"":51105,""detectors_checked"":23166976}"
     22528,         0,         0,   0.587,exact_mw,cb12ae119b9b2ba18d0216e7235b403229e92fd0743ede48fe7f1a2c6f45d594,"{""distance"":5,""physical_error_rate"":0.0005}","{""detection_events"":10819,""detectors_checked"":5046272}"
      2048,         0,         0,   0.128,exact_mw,cb12ae119b9b2ba18d0216e7235b403229e92fd0743ede48fe7f1a2c6f45d594,"{""distance"":5,""physical_error_rate"":0.0005}","{""detection_events"":977,""detectors_checked"":458752}"
     72704,         0,         0,    2.17,exact_mw,cb12ae119b9b2ba18d0216e7235b403229e92fd0743ede48fe7f1a2c6f45d594,"{""distance"":5,""physical_error_rate"":0.0005}","{""detection_events"":35816,""detectors_checked"":16285696}"
    208896,         0,         0,    4.20,exact_mw,cb12ae119b9b2ba18d0216e7235b403229e92fd0743ede48fe7f1a2c6f45d594,"{""distance"":5,""physical_error_rate"":0.0005}","{""detection_events"":102525,""detectors_checked"":46792704}"
     87040,         0,         0,    2.19,exact_mw,cb12ae119b9b2ba18d0216e7235b403229e92fd0743ede48fe7f1a2c6f45d594,"{""distance"":5,""physical_error_rate"":0.0005}","{""detection_events"":44115,""detectors_checked"":19496960}"
     78848,         0,         0,    1.54,exact_mw,cb12ae119b9b2ba18d0216e7235b403229e92fd0743ede48fe7f1a2c6f45d594,"{""distance"":5,""physical_error_rate"":0.0005}","{""detection_events"":38767,""detectors_checked"":17661952}"
     32768,         0,         0,   0.556,exact_mw,cb12ae119b9b2ba18d0216e7235b403229e92fd0743ede48fe7f1a2c6f45d594,"{""distance"":5,""physical_error_rate"":0.0005}","{""detection_events"":15844,""detectors_checked"":7340032}"
    149504,         0,         0,    2.01,exact_mw,cb12ae119b9b2ba18d0216e7235b403229e92fd0743ede48fe7f1a2c6f45d594,"{""distance"":5,""physical_error_rate"":0.0005}","{""detection_events"":72423,""detectors_checked"":33488896}"
    788480,         0,         0,    16.1,exact_mw,cb12ae119b9b2ba18d0216e7235b403229e92fd0743ede48fe7f1a2c6f45d594,"{""distance"":5,""physical_error_rate"":0.0005}","{""detection_events"":388369,""detectors_checked"":176619520}"
      3072,         0,         0,   0.141,exact_mw,cb12ae119b9b2ba18d0216e7235b403229e92fd0743ede48fe7f1a2c6f45d594,"{""distance"":5,""physical_error_rate"":0.0005}","{""detection_events"":1514,""detectors_checked"":688128}"
     63488,         0,         0,    1.56,exact_mw,cb12ae119b9b2ba18d0216e7235b403229e92fd0743ede48fe7f1a2c6f45d594,"{""distance"":5,""physical_error_rate"":0.0005}","{""detection_events"":31723,""detectors_checked"":14221312}"
    102400,         0,         0,    2.19,exact_mw,cb12ae119b9b2ba18d0216e7235b403229e92fd0743ede48fe7f1a2c6f45d594,"{""distance"":5,""physical_error_rate"":0.0005}","{""detection_events"":50692,""detectors_checked"":22937600}"
     80896,         0,         0,    1.55,exact_mw,cb12ae119b9b2ba18d0216e7235b403229e92fd0743ede48fe7f1a2c6f45d594,"{""distance"":5,""physical_error_rate"":0.0005}","{""detection_events"":39750,""detectors_checked"":18120704}"
     75776,         0,         0,    2.15,exact_mw,cb12ae119b9b2ba18d0216e7235b403229e92fd0743ede48fe7f1a2c6f45d594,"{""distance"":5,""physical_error_rate"":0.0005}","{""detection_events"":37292,""detectors_checked"":16973824}"
    112640,         0,         0,    2.12,exact_mw,cb12ae119b9b2ba18d0216e7235b403229e92fd0743ede48fe7f1a2c6f45d594,"{""distance"":5,""physical_error_rate"":0.0005}","{""detection_events"":55991,""detectors_checked"":25231360}"
      3072,         0,         0,   0.212,exact_mw,cb12ae119b9b2ba18d0216e7235b403229e92fd0743ede48fe7f1a2c6f45d594,"{""distance"":5,""physical_error_rate"":0.0005}","{""detection_events"":1615,""detectors_checked"":688128}"
     59392,         0,         0,    1.13,exact_mw,cb12ae119b9b2ba18d0216e7235b403229e92fd0743ede48fe7f1a2c6f45d594,"{""distance"":5,""physical_error_rate"":0.0005}","{""detection_events"":29476,""detectors_checked"":13303808}"
    131072,         1,         0,    2.15,exact_mw,cb12ae119b9b2ba18d0216e7235b403229e92fd0743ede48fe7f1a2c6f45d594,"{""distance"":5,""physical_error_rate"":0.0005}","{""detection_events"":64795,""detectors_checked"":29360128,""obs_mistake_mask=E"":1}"
     68608,         0,         0,   0.808,exact_mw,cb12ae119b9b2ba18d0216e7235b403229e92fd0743ede48fe7f1a2c6f45d594,"{""distance"":5,""physical_error_rate"":0.0005}","{""detection_events"":33911,""detectors_checked"":15368192}"
     92160,         0,         0,    1.54,exact_mw,cb12ae119b9b2ba18d0216e7235b403229e92fd0743ede48fe7f1a2c6f45d594,"{""distance"":5,""physical_error_rate"":0.0005}","{""detection_events"":45995,""detectors_checked"":20643840}"
   1416246,         0,         0,    34.1,exact_mw,cb12ae119b9b2ba18d0216e7235b403229e92fd0743ede48fe7f1a2c6f45d594,"{""distance"":5,""physical_error_rate"":0.0005}","{""detection_events"":696070,""detectors_checked"":317239104}"
   1004544,         0,         0,    16.1,exact_mw,cb12ae119b9b2ba18d0216e7235b403229e92fd0743ede48fe7f1a2c6f45d594,"{""distance"":5,""physical_error_rate"":0.0005}","{""detection_events"":495551,""detectors_checked"":225017856}"
   1390592,         0,         0,    23.1,exact_mw,cb12ae119b9b2ba18d0216e7235b403229e92fd0743ede48fe7f1a2c6f45d594,"{""distance"":5,""physical_error_rate"":0.0005}","{""detection_events"":685287,""detectors_checked"":311492608}"
    156672,         0,         0,    2.14,exact_mw,cb12ae119b9b2ba18d0216e7235b403229e92fd0743ede48fe7f1a2c6f45d594,"{""distance"":5,""physical_error_rate"":0.0005}","{""detection_events"":75955,""detectors_checked"":35094528}"
     35840,         0,         0,   0.624,exact_mw,cb12ae119b9b2ba18d0216e7235b403229e92fd0743ede48fe7f1a2c6f45d594,"{""distance"":5,""physical_error_rate"":0.0005}","{""detection_events"":18032,""detectors_checked"":8028160}"
     22528,         0,         0,   0.586,exact_mw,cb12ae119b9b2ba18d0216e7235b403229e92fd0743ede48fe7f1a2c6f45d594,"{""distance"":5,""physical_error_rate"":0.0005}","{""detection_events"":11333,""detectors_checked"":5046272}"
      4096,         0,         0,   0.157,exact_mw,cb12ae119b9b2ba18d0216e7235b403229e92fd0743ede48fe7f1a2c6f45d594,"{""distance"":5,""physical_error_rate"":0.0005}","{""detection_events"":2031,""detectors_checked"":917504}"
     97280,         0,         0,    2.19,exact_mw,cb12ae119b9b2ba18d0216e7235b403229e92fd0743ede48fe7f1a2c6f45d594,"{""distance"":5,""physical_error_rate"":0.0005}","{""detection_events"":48104,""detectors_checked"":21790720}"
     51200,         0,         0,    1.51,exact_mw,cb12ae119b9b2ba18d0216e7235b403229e92fd0743ede48fe7f1a2c6f45d594,"{""distance"":5,""physical_error_rate"":0.0005}","{""detection_events"":25084,""detectors_checked"":11468800}"
     57344,         0,         0,    1.07,exact_mw,cb12ae119b9b2ba18d0216e7235b403229e92fd0743ede48fe7f1a2c6f45d594,"{""distance"":5,""physical_error_rate"":0.0005}","{""detection_events"":28325,""detectors_checked"":12845056}"
    148480,         0,         0,    2.11,exact_mw,cb12ae119b9b2ba18d0216e7235b403229e92fd0743ede48fe7f1a2c6f45d594,"{""distance"":5,""physical_error_rate"":0.0005}","{""detection_events"":73371,""detectors_checked"":33259520}"
    140288,         0,         0,    2.16,exact_mw,cb12ae119b9b2ba18d0216e7235b403229e92fd0743ede48fe7f1a2c6f45d594,"{""distance"":5,""physical_error_rate"":0.0005}","{""detection_events"":68074,""detectors_checked"":31424512}"
   1089536,         0,         0,    16.1,exact_mw,cb12ae119b9b2ba18d0216e7235b403229e92fd0743ede48fe7f1a2c6f45d594,"{""distance"":5,""physical_error_rate"":0.0005}","{""detection_events"":537001,""detectors_checked"":244056064}"
    115712,         0,         0,    2.15,exact_mw,cb12ae119b9b2ba18d0216e7235b403229e92fd0743ede48fe7f1a2c6f45d594,"{""distance"":5,""physical_error_rate"":0.0005}","{""detection_events"":56489,""detectors_checked"":25919488}"
     83968,         0,         0,    2.16,exact_mw,cb12ae119b9b2ba18d0216e7235b403229e92fd0743ede48fe7f1a2c6f45d594,"{""distance"":5,""physical_error_rate"":0.0005}","{""detection_events"":41184,""detectors_checked"":18808832}"
    140288,         0,         0,    2.16,exact_mw,cb12ae119b9b2ba18d0216e7235b403229e92fd0743ede48fe7f1a2c6f45d594,"{""distance"":5,""physical_error_rate"":0.0005}","{""detection_events"":69699,""detectors_checked"":31424512}"
    131072,         0,         0,    2.12,exact_mw,cb12ae119b9b2ba18d0216e7235b403229e92fd0743ede48fe7f1a2c6f45d594,"{""distance"":5,""physical_error_rate"":0.0005}","{""detection_events"":64344,""detectors_checked"":29360128}"
     83968,         0,         0,    2.06,exact_mw,cb12ae119b9b2ba18d0216e7235b403229e92fd0743ede48fe7f1a2c6f45d594,"{""distance"":5,""physical_error_rate"":0.0005}","{""detection_events"":41507,""detectors_checked"":18808832}"
     32768,         0,         0,   0.747,exact_mw,cb12ae119b9b2ba18d0216e7235b403229e92fd0743ede48fe7f1a2c6f45d594,"{""distance"":5,""physical_error_rate"":0.0005}","{""detection_events"":16501,""detectors_checked"":7340032}"
    113664,         0,         0,    2.13,exact_mw,cb12ae119b9b2ba18d0216e7235b403229e92fd0743ede48fe7f1a2c6f45d594,"{""distance"":5,""physical_error_rate"":0.0005}","{""detection_events"":56075,""detectors_checked"":25460736}"
    107520,         0,         0,    2.12,exact_mw,cb12ae119b9b2ba18d0216e7235b403229e92fd0743ede48fe7f1a2c6f45d594,"{""distance"":5,""physical_error_rate"":0.0005}","{""detection_events"":52726,""detectors_checked"":24084480}"
    162816,         0,         0,    2.14,exact_mw,cb12ae119b9b2ba18d0216e7235b403229e92fd0743ede48fe7f1a2c6f45d594,"{""distance"":5,""physical_error_rate"":0.0005}","{""detection_events"":80142,""detectors_checked"":36470784}"
     46080,         0,         0,   0.763,exact_mw,cb12ae119b9b2ba18d0216e7235b403229e92fd0743ede48fe7f1a2c6f45d594,"{""distance"":5,""physical_error_rate"":0.0005}","{""detection_events"":22978,""detectors_checked"":10321920}"
      9216,         0,         0,   0.319,exact_mw,cb12ae119b9b2ba18d0216e7235b403229e92fd0743ede48fe7f1a2c6f45d594,"{""distance"":5,""physical_error_rate"":0.0005}","{""detection_events"":4419,""detectors_checked"":2064384}"
     60416,         0,         0,    1.06,exact_mw,cb12ae119b9b2ba18d0216e7235b403229e92fd0743ede48fe7f1a2c6f45d594,"{""distance"":5,""physical_error_rate"":0.0005}","{""detection_events"":29236,""detectors_checked"":13533184}"
     81920,         0,         0,    2.16,exact_mw,cb12ae119b9b2ba18d0216e7235b403229e92fd0743ede48fe7f1a2c6f45d594,"{""distance"":5,""physical_error_rate"":0.0005}","{""detection_events"":40124,""detectors_checked"":18350080}"
     69632,         0,         0,    2.20,exact_mw,cb12ae119b9b2ba18d0216e7235b403229e92fd0743ede48fe7f1a2c6f45d594,"{""distance"":5,""physical_error_rate"":0.0005}","{""detection_events"":34552,""detectors_checked"":15597568}"
    135168,         0,         0,    2.19,exact_mw,cb12ae119b9b2ba18d0216e7235b403229e92fd0743ede48fe7f1a2c6f45d594,"{""distance"":5,""physical_error_rate"":0.0005}","{""detection_events"":66651,""detectors_checked"":30277632}"
     44032,         0,         0,    1.13,exact_mw,cb12ae119b9b2ba18d0216e7235b403229e92fd0743ede48fe7f1a2c6f45d594,"{""distance"":5,""physical_error_rate"":0.0005}","{""detection_events"":22025,""detectors_checked"":9863168}"
    260096,         0,         0,    4.17,exact_mw,cb12ae119b9b2ba18d0216e7235b403229e92fd0743ede48fe7f1a2c6f45d594,"{""distance"":5,""physical_error_rate"":0.0005}","{""detection_events"":127794,""detectors_checked"":58261504}"
     57344,         0,         0,    2.12,exact_mw,cb12ae119b9b2ba18d0216e7235b403229e92fd0743ede48fe7f1a2c6f45d594,"{""distance"":5,""physical_error_rate"":0.0005}","{""detection_events"":28166,""detectors_checked"":12845056}"
    118784,         0,         0,    2.18,exact_mw,cb12ae119b9b2ba18d0216e7235b403229e92fd0743ede48fe7f1a2c6f45d594,"{""distance"":5,""physical_error_rate"":0.0005}","{""detection_events"":59154,""detectors_checked"":26607616}"
    133120,         0,         0,    2.16,exact_mw,cb12ae119b9b2ba18d0216e7235b403229e92fd0743ede48fe7f1a2c6f45d594,"{""distance"":5,""physical_error_rate"":0.0005}","{""detection_events"":65924,""detectors_checked"":29818880}"
     66560,         0,         0,    1.54,exact_mw,cb12ae119b9b2ba18d0216e7235b403229e92fd0743ede48fe7f1a2c6f45d594,"{""distance"":5,""physical_error_rate"":0.0005}","{""detection_events"":32468,""detectors_checked"":14909440}"
    197632,         0,         0,    5.81,exact_mw,cb12ae119b9b2ba18d0216e7235b403229e92fd0743ede48fe7f1a2c6f45d594,"{""distance"":5,""physical_error_rate"":0.0005}","{""detection_events"":96211,""detectors_checked"":44269568}"
    120832,         0,         0,    2.13,exact_mw,cb12ae119b9b2ba18d0216e7235b403229e92fd0743ede48fe7f1a2c6f45d594,"{""distance"":5,""physical_error_rate"":0.0005}","{""detection_events"":59674,""detectors_checked"":27066368}"
     73728,         0,         0,    2.09,exact_mw,cb12ae119b9b2ba18d0216e7235b403229e92fd0743ede48fe7f1a2c6f45d594,"{""distance"":5,""physical_error_rate"":0.0005}","{""detection_events"":35877,""detectors_checked"":16515072}"
     79872,         0,         0,    2.06,exact_mw,cb12ae119b9b2ba18d0216e7235b403229e92fd0743ede48fe7f1a2c6f45d594,"{""distance"":5,""physical_error_rate"":0.0005}","{""detection_events"":40030,""detectors_checked"":17891328}"
    184320,         0,         0,    4.18,exact_mw,cb12ae119b9b2ba18d0216e7235b403229e92fd0743ede48fe7f1a2c6f45d594,"{""distance"":5,""physical_error_rate"":0.0005}","{""detection_events"":90305,""detectors_checked"":41287680}"
    116736,         0,         0,    2.12,exact_mw,cb12ae119b9b2ba18d0216e7235b403229e92fd0743ede48fe7f1a2c6f45d594,"{""distance"":5,""physical_error_rate"":0.0005}","{""detection_events"":57185,""detectors_checked"":26148864}"
    125952,         0,         0,    2.15,exact_mw,cb12ae119b9b2ba18d0216e7235b403229e92fd0743ede48fe7f1a2c6f45d594,"{""distance"":5,""physical_error_rate"":0.0005}","{""detection_events"":62083,""detectors_checked"":28213248}"
    356352,         0,         0,    5.85,exact_mw,cb12ae119b9b2ba18d0216e7235b403229e92fd0743ede48fe7f1a2c6f45d594,"{""distance"":5,""physical_error_rate"":0.0005}","{""detection_events"":174296,""detectors_checked"":79822848}"
     53248,         0,         0,   0.783,exact_mw,cb12ae119b9b2ba18d0216e7235b403229e92fd0743ede48fe7f1a2c6f45d594,"{""distance"":5,""physical_error_rate"":0.0005}","{""detection_events"":26505,""detectors_checked"":11927552}"
     35840,         0,         0,   0.790,exact_mw,cb12ae119b9b2ba18d0216e7235b403229e92fd0743ede48fe7f1a2c6f45d594,"{""distance"":5,""physical_error_rate"":0.0005}","{""detection_events"":18008,""detectors_checked"":8028160}"
     13312,         0,         0,   0.419,exact_mw,cb12ae119b9b2ba18d0216e7235b403229e92fd0743ede48fe7f1a2c6f45d594,"{""distance"":5,""physical_error_rate"":0.0005}","{""detection_events"":6697,""detectors_checked"":2981888}"
    106496,         0,         0,    2.19,exact_mw,cb12ae119b9b2ba18d0216e7235b403229e92fd0743ede48fe7f1a2c6f45d594,"{""distance"":5,""physical_error_rate"":0.0005}","{""detection_events"":52182,""detectors_checked"":23855104}"
     98304,         0,         0,    2.11,exact_mw,cb12ae119b9b2ba18d0216e7235b403229e92fd0743ede48fe7f1a2c6f45d594,"{""distance"":5,""physical_error_rate"":0.0005}","{""detection_events"":48043,""detectors_checked"":22020096}"
    110592,         0,         0,    2.17,exact_mw,cb12ae119b9b2ba18d0216e7235b403229e92fd0743ede48fe7f1a2c6f45d594,"{""distance"":5,""physical_error_rate"":0.0005}","{""detection_events"":54955,""detectors_checked"":24772608}"
    181248,         0,         0,    3.01,exact_mw,cb12ae119b9b2ba18d0216e7235b403229e92fd0743ede48fe7f1a2c6f45d594,"{""distance"":5,""physical_error_rate"":0.0005}","{""detection_events"":89445,""detectors_checked"":40599552}"
     61440,         0,         0,    1.13,exact_mw,cb12ae119b9b2ba18d0216e7235b403229e92fd0743ede48fe7f1a2c6f45d594,"{""distance"":5,""physical_error_rate"":0.0005}","{""detection_events"":30506,""detectors_checked"":13762560}"
   1309732,         1,         0,    13.3,exact_mw,cb12ae119b9b2ba18d0216e7235b403229e92fd0743ede48fe7f1a2c6f45d594,"{""distance"":5,""physical_error_rate"":0.0005}","{""detection_events"":646354,""detectors_checked"":293379968,""obs_mistake_mask=E"":1}"
   1280000,         0,         0,    24.9,exact_mw,cb12ae119b9b2ba18d0216e7235b403229e92fd0743ede48fe7f1a2c6f45d594,"{""distance"":5,""physical_error_rate"":0.0005}","{""detection_events"":630030,""detectors_checked"":286720000}"
    185344,         0,         0,    2.96,exact_mw,cb12ae119b9b2ba18d0216e7235b403229e92fd0743ede48fe7f1a2c6f45d594,"{""distance"":5,""physical_error_rate"":0.0005}","{""detection_events"":90729,""detectors_checked"":41517056}"
    269312,         0,         0,    2.17,exact_mw,cb12ae119b9b2ba18d0216e7235b403229e92fd0743ede48fe7f1a2c6f45d594,"{""distance"":5,""physical_error_rate"":0.0005}","{""detection_events"":132486,""detectors_checked"":60325888}"
    110592,         0,         0,    2.96,exact_mw,cb12ae119b9b2ba18d0216e7235b403229e92fd0743ede48fe7f1a2c6f45d594,"{""distance"":5,""physical_error_rate"":0.0005}","{""detection_events"":54331,""detectors_checked"":24772608}"
     58368,         0,         0,    3.01,exact_mw,cb12ae119b9b2ba18d0216e7235b403229e92fd0743ede48fe7f1a2c6f45d594,"{""distance"":5,""physical_error_rate"":0.0005}","{""detection_events"":28157,""detectors_checked"":13074432}"
     41984,         0,         0,    2.21,exact_mw,cb12ae119b9b2ba18d0216e7235b403229e92fd0743ede48fe7f1a2c6f45d594,"{""distance"":5,""physical_error_rate"":0.0005}","{""detection_events"":20509,""detectors_checked"":9404416}"
     19456,         0,         0,   0.582,exact_mw,cb12ae119b9b2ba18d0216e7235b403229e92fd0743ede48fe7f1a2c6f45d594,"{""distance"":5,""physical_error_rate"":0.0005}","{""detection_events"":9805,""detectors_checked"":4358144}"
     50176,         0,         0,    1.11,exact_mw,cb12ae119b9b2ba18d0216e7235b403229e92fd0743ede48fe7f1a2c6f45d594,"{""distance"":5,""physical_error_rate"":0.0005}","{""detection_events"":24112,""detectors_checked"":11239424}"
     53248,         0,         0,    1.53,exact_mw,cb12ae119b9b2ba18d0216e7235b403229e92fd0743ede48fe7f1a2c6f45d594,"{""distance"":5,""physical_error_rate"":0.0005}","{""detection_events"":26166,""detectors_checked"":11927552}"
     72704,         0,         0,    1.12,exact_mw,cb12ae119b9b2ba18d0216e7235b403229e92fd0743ede48fe7f1a2c6f45d594,"{""distance"":5,""physical_error_rate"":0.0005}","{""detection_events"":35989,""detectors_checked"":16285696}"
    193536,         0,         0,    2.18,exact_mw,cb12ae119b9b2ba18d0216e7235b403229e92fd0743ede48fe7f1a2c6f45d594,"{""distance"":5,""physical_error_rate"":0.0005}","{""detection_events"":95586,""detectors_checked"":43352064}"
    103424,         0,         0,    2.17,exact_mw,cb12ae119b9b2ba18d0216e7235b403229e92fd0743ede48fe7f1a2c6f45d594,"{""distance"":5,""physical_error_rate"":0.0005}","{""detection_events"":50643,""detectors_checked"":23166976}"
    132096,         0,         0,    2.98,exact_mw,cb12ae119b9b2ba18d0216e7235b403229e92fd0743ede48fe7f1a2c6f45d594,"{""distance"":5,""physical_error_rate"":0.0005}","{""detection_events"":63917,""detectors_checked"":29589504}"
    163840,         0,         0,    2.95,exact_mw,cb12ae119b9b2ba18d0216e7235b403229e92fd0743ede48fe7f1a2c6f45d594,"{""distance"":5,""physical_error_rate"":0.0005}","{""detection_events"":80637,""detectors_checked"":36700160}"
     75776,         1,         0,    1.56,exact_mw,cb12ae119b9b2ba18d0216e7235b403229e92fd0743ede48fe7f1a2c6f45d594,"{""distance"":5,""physical_error_rate"":0.0005}","{""detection_events"":37465,""detectors_checked"":16973824,""obs_mistake_mask=E"":1}"
     98304,         0,         0,    2.19,exact_mw,cb12ae119b9b2ba18d0216e7235b403229e92fd0743ede48fe7f1a2c6f45d594,"{""distance"":5,""physical_error_rate"":0.0005}","{""detection_events"":48565,""detectors_checked"":22020096}"
     69632,         0,         0,    2.19,exact_mw,cb12ae119b9b2ba18d0216e7235b403229e92fd0743ede48fe7f1a2c6f45d594,"{""distance"":5,""physical_error_rate"":0.0005}","{""detection_events"":34520,""detectors_checked"":15597568}"
     70656,         0,         0,    1.11,exact_mw,cb12ae119b9b2ba18d0216e7235b403229e92fd0743ede48fe7f1a2c6f45d594,"{""distance"":5,""physical_error_rate"":0.0005}","{""detection_events"":35227,""detectors_checked"":15826944}"
    176128,         0,         0,    4.11,exact_mw,cb12ae119b9b2ba18d0216e7235b403229e92fd0743ede48fe7f1a2c6f45d594,"{""distance"":5,""physical_error_rate"":0.0005}","{""detection_events"":86086,""detectors_checked"":39452672}"
     49152,         0,         0,    1.10,exact_mw,cb12ae119b9b2ba18d0216e7235b403229e92fd0743ede48fe7f1a2c6f45d594,"{""distance"":5,""physical_error_rate"":0.0005}","{""detection_events"":24127,""detectors_checked"":11010048}"
     88064,         0,         0,    1.55,exact_mw,cb12ae119b9b2ba18d0216e7235b403229e92fd0743ede48fe7f1a2c6f45d594,"{""distance"":5,""physical_error_rate"":0.0005}","{""detection_events"":43318,""detectors_checked"":19726336}"
     96256,         0,         0,    2.17,exact_mw,cb12ae119b9b2ba18d0216e7235b403229e92fd0743ede48fe7f1a2c6f45d594,"{""distance"":5,""physical_error_rate"":0.0005}","{""detection_events"":47564,""detectors_checked"":21561344}"
    139264,         0,         0,    2.19,exact_mw,cb12ae119b9b2ba18d0216e7235b403229e92fd0743ede48fe7f1a2c6f45d594,"{""distance"":5,""physical_error_rate"":0.0005}","{""detection_events"":68603,""detectors_checked"":31195136}"
     29696,         0,         0,    1.60,exact_mw,cb12ae119b9b2ba18d0216e7235b403229e92fd0743ede48fe7f1a2c6f45d594,"{""distance"":5,""physical_error_rate"":0.0005}","{""detection_events"":14630,""detectors_checked"":6651904}"
     55296,         0,         0,    3.05,exact_mw,cb12ae119b9b2ba18d0216e7235b403229e92fd0743ede48fe7f1a2c6f45d594,"{""distance"":5,""physical_error_rate"":0.0005}","{""detection_events"":26577,""detectors_checked"":12386304}"
    138240,         0,         0,    3.03,exact_mw,cb12ae119b9b2ba18d0216e7235b403229e92fd0743ede48fe7f1a2c6f45d594,"{""distance"":5,""physical_error_rate"":0.0005}","{""detection_events"":68262,""detectors_checked"":30965760}"
    167936,         0,         0,    3.02,exact_mw,cb12ae119b9b2ba18d0216e7235b403229e92fd0743ede48fe7f1a2c6f45d594,"{""distance"":5,""physical_error_rate"":0.0005}","{""detection_events"":83405,""detectors_checked"":37617664}"
     26624,         0,         0,   0.796,exact_mw,cb12ae119b9b2ba18d0216e7235b403229e92fd0743ede48fe7f1a2c6f45d594,"{""distance"":5,""physical_error_rate"":0.0005}","{""detection_events"":12893,""detectors_checked"":5963776}"
    265216,         0,         0,    5.86,exact_mw,cb12ae119b9b2ba18d0216e7235b403229e92fd0743ede48fe7f1a2c6f45d594,"{""distance"":5,""physical_error_rate"":0.0005}","{""detection_events"":130160,""detectors_checked"":59408384}"
     73728,         0,         0,    2.18,exact_mw,cb12ae119b9b2ba18d0216e7235b403229e92fd0743ede48fe7f1a2c6f45d594,"{""distance"":5,""physical_error_rate"":0.0005}","{""detection_events"":36153,""detectors_checked"":16515072}"
    287744,         0,         0,    5.89,exact_mw,cb12ae119b9b2ba18d0216e7235b403229e92fd0743ede48fe7f1a2c6f45d594,"{""distance"":5,""physical_error_rate"":0.0005}","{""detection_events"":141872,""detectors_checked"":64454656}"
    199680,         0,         0,    3.03,exact_mw,cb12ae119b9b2ba18d0216e7235b403229e92fd0743ede48fe7f1a2c6f45d594,"{""distance"":5,""physical_error_rate"":0.0005}","{""detection_events"":97904,""detectors_checked"":44728320}"
    139264,         0,         0,    3.06,exact_mw,cb12ae119b9b2ba18d0216e7235b403229e92fd0743ede48fe7f1a2c6f45d594,"{""distance"":5,""physical_error_rate"":0.0005}","{""detection_events"":68777,""detectors_checked"":31195136}"
     53248,         0,         0,    3.05,exact_mw,cb12ae119b9b2ba18d0216e7235b403229e92fd0743ede48fe7f1a2c6f45d594,"{""distance"":5,""physical_error_rate"":0.0005}","{""detection_events"":26021,""detectors_checked"":11927552}"
    312320,         0,         0,    5.86,exact_mw,cb12ae119b9b2ba18d0216e7235b403229e92fd0743ede48fe7f1a2c6f45d594,"{""distance"":5,""physical_error_rate"":0.0005}","{""detection_events"":153661,""detectors_checked"":69959680}"
    242688,         0,         0,    5.82,exact_mw,cb12ae119b9b2ba18d0216e7235b403229e92fd0743ede48fe7f1a2c6f45d594,"{""distance"":5,""physical_error_rate"":0.0005}","{""detection_events"":119076,""detectors_checked"":54362112}"
     77824,         0,         0,    1.60,exact_mw,cb12ae119b9b2ba18d0216e7235b403229e92fd0743ede48fe7f1a2c6f45d594,"{""distance"":5,""physical_error_rate"":0.0005}","{""detection_events"":38179,""detectors_checked"":17432576}"
     50176,         0,         0,    2.96,exact_mw,cb12ae119b9b2ba18d0216e7235b403229e92fd0743ede48fe7f1a2c6f45d594,"{""distance"":5,""physical_error_rate"":0.0005}","{""detection_events"":24689,""detectors_checked"":11239424}"
    845824,         0,         0,    3.03,exact_mw,cb12ae119b9b2ba18d0216e7235b403229e92fd0743ede48fe7f1a2c6f45d594,"{""distance"":5,""physical_error_rate"":0.0005}","{""detection_events"":415994,""detectors_checked"":189464576}"
    137216,         0,         0,    3.04,exact_mw,cb12ae119b9b2ba18d0216e7235b403229e92fd0743ede48fe7f1a2c6f45d594,"{""distance"":5,""physical_error_rate"":0.0005}","{""detection_events"":67467,""detectors_checked"":30736384}"
    667648,         1,         0,    3.01,exact_mw,cb12ae119b9b2ba18d0216e7235b403229e92fd0743ede48fe7f1a2c6f45d594,"{""distance"":5,""physical_error_rate"":0.0005}","{""detection_events"":330466,""detectors_checked"":149553152,""obs_mistake_mask=E"":1}"
     51200,         0,         0,    3.05,exact_mw,cb12ae119b9b2ba18d0216e7235b403229e92fd0743ede48fe7f1a2c6f45d594,"{""distance"":5,""physical_error_rate"":0.0005}","{""detection_events"":24971,""detectors_checked"":11468800}"
     74752,         0,         0,    2.27,exact_mw,cb12ae119b9b2ba18d0216e7235b403229e92fd0743ede48fe7f1a2c6f45d594,"{""distance"":5,""physical_error_rate"":0.0005}","{""detection_events"":37110,""detectors_checked"":16744448}"
     62464,         0,         0,    3.12,exact_mw,cb12ae119b9b2ba18d0216e7235b403229e92fd0743ede48fe7f1a2c6f45d594,"{""distance"":5,""physical_error_rate"":0.0005}","{""detection_events"":30600,""detectors_checked"":13991936}"
     39936,         0,         0,    1.51,exact_mw,cb12ae119b9b2ba18d0216e7235b403229e92fd0743ede48fe7f1a2c6f45d594,"{""distance"":5,""physical_error_rate"":0.0005}","{""detection_events"":19630,""detectors_checked"":8945664}"
    307200,         0,         0,    5.86,exact_mw,cb12ae119b9b2ba18d0216e7235b403229e92fd0743ede48fe7f1a2c6f45d594,"{""distance"":5,""physical_error_rate"":0.0005}","{""detection_events"":150921,""detectors_checked"":68812800}"
    332800,         1,         0,    5.88,exact_mw,cb12ae119b9b2ba18d0216e7235b403229e92fd0743ede48fe7f1a2c6f45d594,"{""distance"":5,""physical_error_rate"":0.0005}","{""detection_events"":163497,""detectors_checked"":74547200,""obs_mistake_mask=E"":1}"
    167936,         0,         0,    3.05,exact_mw,cb12ae119b9b2ba18d0216e7235b403229e92fd0743ede48fe7f1a2c6f45d594,"{""distance"":5,""physical_error_rate"":0.0005}","{""detection_events"":82718,""detectors_checked"":37617664}"
    371712,         0,         0,    5.88,exact_mw,cb12ae119b9b2ba18d0216e7235b403229e92fd0743ede48fe7f1a2c6f45d594,"{""distance"":5,""physical_error_rate"":0.0005}","{""detection_events"":182347,""detectors_checked"":83263488}"
    106496,         0,         0,    1.56,exact_mw,cb12ae119b9b2ba18d0216e7235b403229e92fd0743ede48fe7f1a2c6f45d594,"{""distance"":5,""physical_error_rate"":0.0005}","{""detection_events"":52139,""detectors_checked"":23855104}"
    166912,         0,         0,    2.99,exact_mw,cb12ae119b9b2ba18d0216e7235b403229e92fd0743ede48fe7f1a2c6f45d594,"{""distance"":5,""physical_error_rate"":0.0005}","{""detection_events"":81620,""detectors_checked"":37388288}"
    103424,         0,         0,    3.07,exact_mw,cb12ae119b9b2ba18d0216e7235b403229e92fd0743ede48fe7f1a2c6f45d594,"{""distance"":5,""physical_error_rate"":0.0005}","{""detection_events"":50725,""detectors_checked"":23166976}"
    204800,         0,         0,    3.02,exact_mw,cb12ae119b9b2ba18d0216e7235b403229e92fd0743ede48fe7f1a2c6f45d594,"{""distance"":5,""physical_error_rate"":0.0005}","{""detection_events"":100910,""detectors_checked"":45875200}"
    398336,         0,         0,    5.89,exact_mw,cb12ae119b9b2ba18d0216e7235b403229e92fd0743ede48fe7f1a2c6f45d594,"{""distance"":5,""physical_error_rate"":0.0005}","{""detection_events"":196270,""detectors_checked"":89227264}"
    161792,         0,         0,    3.02,exact_mw,cb12ae119b9b2ba18d0216e7235b403229e92fd0743ede48fe7f1a2c6f45d594,"{""distance"":5,""physical_error_rate"":0.0005}","{""detection_events"":78719,""detectors_checked"":36241408}"
    101376,         0,         0,    3.09,exact_mw,cb12ae119b9b2ba18d0216e7235b403229e92fd0743ede48fe7f1a2c6f45d594,"{""distance"":5,""physical_error_rate"":0.0005}","{""detection_events"":49987,""detectors_checked"":22708224}"
    126976,         0,         0,    2.97,exact_mw,cb12ae119b9b2ba18d0216e7235b403229e92fd0743ede48fe7f1a2c6f45d594,"{""distance"":5,""physical_error_rate"":0.0005}","{""detection_events"":62932,""detectors_checked"":28442624}"
    205824,         0,         0,    3.02,exact_mw,cb12ae119b9b2ba18d0216e7235b403229e92fd0743ede48fe7f1a2c6f45d594,"{""distance"":5,""physical_error_rate"":0.0005}","{""detection_events"":101242,""detectors_checked"":46104576}"
    138240,         0,         0,    3.06,exact_mw,cb12ae119b9b2ba18d0216e7235b403229e92fd0743ede48fe7f1a2c6f45d594,"{""distance"":5,""physical_error_rate"":0.0005}","{""detection_events"":67674,""detectors_checked"":30965760}"
   1235683,         0,         0,    16.0,exact_mw,cb12ae119b9b2ba18d0216e7235b403229e92fd0743ede48fe7f1a2c6f45d594,"{""distance"":5,""physical_error_rate"":0.0005}","{""detection_events"":608012,""detectors_checked"":276792992}"
    101376,         0,         0,    3.02,exact_mw,cb12ae119b9b2ba18d0216e7235b403229e92fd0743ede48fe7f1a2c6f45d594,"{""distance"":5,""physical_error_rate"":0.0005}","{""detection_events"":50804,""detectors_checked"":22708224}"
    203776,         0,         0,    2.97,exact_mw,cb12ae119b9b2ba18d0216e7235b403229e92fd0743ede48fe7f1a2c6f45d594,"{""distance"":5,""physical_error_rate"":0.0005}","{""detection_events"":98989,""detectors_checked"":45645824}"
   1144078,         1,         0,    20.8,exact_mw,cb12ae119b9b2ba18d0216e7235b403229e92fd0743ede48fe7f1a2c6f45d594,"{""distance"":5,""physical_error_rate"":0.0005}","{""detection_events"":561244,""detectors_checked"":256273472,""obs_mistake_mask=E"":1}"
    150528,         0,         0,    3.02,exact_mw,cb12ae119b9b2ba18d0216e7235b403229e92fd0743ede48fe7f1a2c6f45d594,"{""distance"":5,""physical_error_rate"":0.0005}","{""detection_events"":73962,""detectors_checked"":33718272}"
    233472,         0,         0,    5.77,exact_mw,cb12ae119b9b2ba18d0216e7235b403229e92fd0743ede48fe7f1a2c6f45d594,"{""distance"":5,""physical_error_rate"":0.0005}","{""detection_events"":114948,""detectors_checked"":52297728}"
     34816,         0,         0,    1.15,exact_mw,cb12ae119b9b2ba18d0216e7235b403229e92fd0743ede48fe7f1a2c6f45d594,"{""distance"":5,""physical_error_rate"":0.0005}","{""detection_events"":16863,""detectors_checked"":7798784}"
     99328,         0,         0,    1.55,exact_mw,cb12ae119b9b2ba18d0216e7235b403229e92fd0743ede48fe7f1a2c6f45d594,"{""distance"":5,""physical_error_rate"":0.0005}","{""detection_events"":49244,""detectors_checked"":22249472}"
    323584,         0,         0,    5.80,exact_mw,cb12ae119b9b2ba18d0216e7235b403229e92fd0743ede48fe7f1a2c6f45d594,"{""distance"":5,""physical_error_rate"":0.0005}","{""detection_events"":158408,""detectors_checked"":72482816}"
     33792,         0,         0,    1.48,exact_mw,cb12ae119b9b2ba18d0216e7235b403229e92fd0743ede48fe7f1a2c6f45d594,"{""distance"":5,""physical_error_rate"":0.0005}","{""detection_events"":16962,""detectors_checked"":7569408}"
    289792,         0,         0,    5.79,exact_mw,cb12ae119b9b2ba18d0216e7235b403229e92fd0743ede48fe7f1a2c6f45d594,"{""distance"":5,""physical_error_rate"":0.0005}","{""detection_events"":142029,""detectors_checked"":64913408}"
     48128,         0,         0,    2.96,exact_mw,cb12ae119b9b2ba18d0216e7235b403229e92fd0743ede48fe7f1a2c6f45d594,"{""distance"":5,""physical_error_rate"":0.0005}","{""detection_events"":23721,""detectors_checked"":10780672}"
    160768,         0,         0,    2.91,exact_mw,cb12ae119b9b2ba18d0216e7235b403229e92fd0743ede48fe7f1a2c6f45d594,"{""distance"":5,""physical_error_rate"":0.0005}","{""detection_events"":79430,""detectors_checked"":36012032}"
    103424,         0,         0,    2.87,exact_mw,cb12ae119b9b2ba18d0216e7235b403229e92fd0743ede48fe7f1a2c6f45d594,"{""distance"":5,""physical_error_rate"":0.0005}","{""detection_events"":51032,""detectors_checked"":23166976}"
     81920,         0,         0,    2.17,exact_mw,cb12ae119b9b2ba18d0216e7235b403229e92fd0743ede48fe7f1a2c6f45d594,"{""distance"":5,""physical_error_rate"":0.0005}","{""detection_events"":40020,""detectors_checked"":18350080}"
    160768,         0,         0,    2.94,exact_mw,cb12ae119b9b2ba18d0216e7235b403229e92fd0743ede48fe7f1a2c6f45d594,"{""distance"":5,""physical_error_rate"":0.0005}","{""detection_events"":79016,""detectors_checked"":36012032}"
    199680,         0,         0,    2.92,exact_mw,cb12ae119b9b2ba18d0216e7235b403229e92fd0743ede48fe7f1a2c6f45d594,"{""distance"":5,""physical_error_rate"":0.0005}","{""detection_events"":98378,""detectors_checked"":44728320}"
    162816,         0,         0,    2.94,exact_mw,cb12ae119b9b2ba18d0216e7235b403229e92fd0743ede48fe7f1a2c6f45d594,"{""distance"":5,""physical_error_rate"":0.0005}","{""detection_events"":80968,""detectors_checked"":36470784}"
    154624,         0,         0,    2.90,exact_mw,cb12ae119b9b2ba18d0216e7235b403229e92fd0743ede48fe7f1a2c6f45d594,"{""distance"":5,""physical_error_rate"":0.0005}","{""detection_events"":75439,""detectors_checked"":34635776}"
    219136,         0,         0,    3.01,exact_mw,cb12ae119b9b2ba18d0216e7235b403229e92fd0743ede48fe7f1a2c6f45d594,"{""distance"":5,""physical_error_rate"":0.0005}","{""detection_events"":108353,""detectors_checked"":49086464}"
    104448,         0,         0,    2.94,exact_mw,cb12ae119b9b2ba18d0216e7235b403229e92fd0743ede48fe7f1a2c6f45d594,"{""distance"":5,""physical_error_rate"":0.0005}","{""detection_events"":51646,""detectors_checked"":23396352}"
    296960,         0,         0,    5.82,exact_mw,cb12ae119b9b2ba18d0216e7235b403229e92fd0743ede48fe7f1a2c6f45d594,"{""distance"":5,""physical_error_rate"":0.0005}","{""detection_events"":146538,""detectors_checked"":66519040}"
    158720,         0,         0,    2.95,exact_mw,cb12ae119b9b2ba18d0216e7235b403229e92fd0743ede48fe7f1a2c6f45d594,"{""distance"":5,""physical_error_rate"":0.0005}","{""detection_events"":78652,""detectors_checked"":35553280}"
    181248,         0,         0,    2.91,exact_mw,cb12ae119b9b2ba18d0216e7235b403229e92fd0743ede48fe7f1a2c6f45d594,"{""distance"":5,""physical_error_rate"":0.0005}","{""detection_events"":89127,""detectors_checked"":40599552}"
    279552,         0,         0,    5.77,exact_mw,cb12ae119b9b2ba18d0216e7235b403229e92fd0743ede48fe7f1a2c6f45d594,"{""distance"":5,""physical_error_rate"":0.0005}","{""detection_events"":136882,""detectors_checked"":62619648}"
    800768,         0,         0,    16.1,exact_mw,cb12ae119b9b2ba18d0216e7235b403229e92fd0743ede48fe7f1a2c6f45d594,"{""distance"":5,""physical_error_rate"":0.0005}","{""detection_events"":394520,""detectors_checked"":179372032}"
    143360,         0,         0,    2.88,exact_mw,cb12ae119b9b2ba18d0216e7235b403229e92fd0743ede48fe7f1a2c6f45d594,"{""distance"":5,""physical_error_rate"":0.0005}","{""detection_events"":70881,""detectors_checked"":32112640}"
    147456,         0,         0,    2.94,exact_mw,cb12ae119b9b2ba18d0216e7235b403229e92fd0743ede48fe7f1a2c6f45d594,"{""distance"":5,""physical_error_rate"":0.0005}","{""detection_events"":72889,""detectors_checked"":33030144}"
    107520,         0,         0,    2.06,exact_mw,cb12ae119b9b2ba18d0216e7235b403229e92fd0743ede48fe7f1a2c6f45d594,"{""distance"":5,""physical_error_rate"":0.0005}","{""detection_events"":53258,""detectors_checked"":24084480}"
    152576,         0,         0,    2.92,exact_mw,cb12ae119b9b2ba18d0216e7235b403229e92fd0743ede48fe7f1a2c6f45d594,"{""distance"":5,""physical_error_rate"":0.0005}","{""detection_events"":73781,""detectors_checked"":34177024}"
    297984,         0,         0,    5.93,exact_mw,cb12ae119b9b2ba18d0216e7235b403229e92fd0743ede48fe7f1a2c6f45d594,"{""distance"":5,""physical_error_rate"":0.0005}","{""detection_events"":147599,""detectors_checked"":66748416}"
    111616,         0,         0,    2.01,exact_mw,cb12ae119b9b2ba18d0216e7235b403229e92fd0743ede48fe7f1a2c6f45d594,"{""distance"":5,""physical_error_rate"":0.0005}","{""detection_events"":54396,""detectors_checked"":25001984}"
    332800,         0,         0,    5.82,exact_mw,cb12ae119b9b2ba18d0216e7235b403229e92fd0743ede48fe7f1a2c6f45d594,"{""distance"":5,""physical_error_rate"":0.0005}","{""detection_events"":164221,""detectors_checked"":74547200}"
    330752,         0,         0,    3.00,exact_mw,cb12ae119b9b2ba18d0216e7235b403229e92fd0743ede48fe7f1a2c6f45d594,"{""distance"":5,""physical_error_rate"":0.0005}","{""detection_events"":163045,""detectors_checked"":74088448}"
     77824,         0,         0,    2.13,exact_mw,cb12ae119b9b2ba18d0216e7235b403229e92fd0743ede48fe7f1a2c6f45d594,"{""distance"":5,""physical_error_rate"":0.0005}","{""detection_events"":37748,""detectors_checked"":17432576}"
     78848,         0,         0,    2.94,exact_mw,cb12ae119b9b2ba18d0216e7235b403229e92fd0743ede48fe7f1a2c6f45d594,"{""distance"":5,""physical_error_rate"":0.0005}","{""detection_events"":38532,""detectors_checked"":17661952}"
    226304,         0,         0,    2.96,exact_mw,cb12ae119b9b2ba18d0216e7235b403229e92fd0743ede48fe7f1a2c6f45d594,"{""distance"":5,""physical_error_rate"":0.0005}","{""detection_events"":111528,""detectors_checked"":50692096}"
    128000,         0,         0,    3.00,exact_mw,cb12ae119b9b2ba18d0216e7235b403229e92fd0743ede48fe7f1a2c6f45d594,"{""distance"":5,""physical_error_rate"":0.0005}","{""detection_events"":63008,""detectors_checked"":28672000}"
   1132755,         1,         0,    17.0,exact_mw,cb12ae119b9b2ba18d0216e7235b403229e92fd0743ede48fe7f1a2c6f45d594,"{""distance"":5,""physical_error_rate"":0.0005}","{""detection_events"":557225,""detectors_checked"":253737120,""obs_mistake_mask=E"":1}"
    103424,         0,         0,    2.15,exact_mw,cb12ae119b9b2ba18d0216e7235b403229e92fd0743ede48fe7f1a2c6f45d594,"{""distance"":5,""physical_error_rate"":0.0005}","{""detection_events"":51282,""detectors_checked"":23166976}"
    131072,         0,         0,    3.02,exact_mw,cb12ae119b9b2ba18d0216e7235b403229e92fd0743ede48fe7f1a2c6f45d594,"{""distance"":5,""physical_error_rate"":0.0005}","{""detection_events"":64504,""detectors_checked"":29360128}"
   1095680,         1,         0,    27.9,exact_mw,cb12ae119b9b2ba18d0216e7235b403229e92fd0743ede48fe7f1a2c6f45d594,"{""distance"":5,""physical_error_rate"":0.0005}","{""detection_events"":540478,""detectors_checked"":245432320,""obs_mistake_mask=E"":1}"
     47104,         0,         0,    1.49,exact_mw,cb12ae119b9b2ba18d0216e7235b403229e92fd0743ede48fe7f1a2c6f45d594,"{""distance"":5,""physical_error_rate"":0.0005}","{""detection_events"":23153,""detectors_checked"":10551296}"
    142336,         0,         0,    3.02,exact_mw,cb12ae119b9b2ba18d0216e7235b403229e92fd0743ede48fe7f1a2c6f45d594,"{""distance"":5,""physical_error_rate"":0.0005}","{""detection_events"":69954,""detectors_checked"":31883264}"
    194560,         0,         0,    5.83,exact_mw,cb12ae119b9b2ba18d0216e7235b403229e92fd0743ede48fe7f1a2c6f45d594,"{""distance"":5,""physical_error_rate"":0.0005}","{""detection_events"":96073,""detectors_checked"":43581440}"
    132096,         0,         0,    2.96,exact_mw,cb12ae119b9b2ba18d0216e7235b403229e92fd0743ede48fe7f1a2c6f45d594,"{""distance"":5,""physical_error_rate"":0.0005}","{""detection_events"":64726,""detectors_checked"":29589504}"
    192512,         0,         0,    3.03,exact_mw,cb12ae119b9b2ba18d0216e7235b403229e92fd0743ede48fe7f1a2c6f45d594,"{""distance"":5,""physical_error_rate"":0.0005}","{""detection_events"":94602,""detectors_checked"":43122688}"
    252928,         0,         0,    4.17,exact_mw,cb12ae119b9b2ba18d0216e7235b403229e92fd0743ede48fe7f1a2c6f45d594,"{""distance"":5,""physical_error_rate"":0.0005}","{""detection_events"":124313,""detectors_checked"":56655872}"
     59392,         0,         0,    2.05,exact_mw,cb12ae119b9b2ba18d0216e7235b403229e92fd0743ede48fe7f1a2c6f45d594,"{""distance"":5,""physical_error_rate"":0.0005}","{""detection_events"":29080,""detectors_checked"":13303808}"
    160768,         0,         0,    2.12,exact_mw,cb12ae119b9b2ba18d0216e7235b403229e92fd0743ede48fe7f1a2c6f45d594,"{""distance"":5,""physical_error_rate"":0.0005}","{""detection_events"":78651,""detectors_checked"":36012032}"
    290816,         1,         0,    4.17,exact_mw,cb12ae119b9b2ba18d0216e7235b403229e92fd0743ede48fe7f1a2c6f45d594,"{""distance"":5,""physical_error_rate"":0.0005}","{""detection_events"":142202,""detectors_checked"":65142784,""obs_mistake_mask=E"":1}"
    132096,         0,         0,    2.96,exact_mw,cb12ae119b9b2ba18d0216e7235b403229e92fd0743ede48fe7f1a2c6f45d594,"{""distance"":5,""physical_error_rate"":0.0005}","{""detection_events"":64864,""detectors_checked"":29589504}"
    182272,         0,         0,    4.20,exact_mw,cb12ae119b9b2ba18d0216e7235b403229e92fd0743ede48fe7f1a2c6f45d594,"{""distance"":5,""physical_error_rate"":0.0005}","{""detection_events"":88594,""detectors_checked"":40828928}"
    297984,         0,         0,    5.86,exact_mw,cb12ae119b9b2ba18d0216e7235b403229e92fd0743ede48fe7f1a2c6f45d594,"{""distance"":5,""physical_error_rate"":0.0005}","{""detection_events"":145814,""detectors_checked"":66748416}"
     80896,         0,         0,    4.20,exact_mw,cb12ae119b9b2ba18d0216e7235b403229e92fd0743ede48fe7f1a2c6f45d594,"{""distance"":5,""physical_error_rate"":0.0005}","{""detection_events"":39487,""detectors_checked"":18120704}"
     47104,         0,         0,    2.16,exact_mw,cb12ae119b9b2ba18d0216e7235b403229e92fd0743ede48fe7f1a2c6f45d594,"{""distance"":5,""physical_error_rate"":0.0005}","{""detection_events"":23573,""detectors_checked"":10551296}"
   1073802,         1,         0,    17.9,exact_mw,cb12ae119b9b2ba18d0216e7235b403229e92fd0743ede48fe7f1a2c6f45d594,"{""distance"":5,""physical_error_rate"":0.0005}","{""detection_events"":526318,""detectors_checked"":240531648,""obs_mistake_mask=E"":1}"
    110592,         0,         0,    2.14,exact_mw,cb12ae119b9b2ba18d0216e7235b403229e92fd0743ede48fe7f1a2c6f45d594,"{""distance"":5,""physical_error_rate"":0.0005}","{""detection_events"":54570,""detectors_checked"":24772608}"
    238592,         0,         0,    4.24,exact_mw,cb12ae119b9b2ba18d0216e7235b403229e92fd0743ede48fe7f1a2c6f45d594,"{""distance"":5,""physical_error_rate"":0.0005}","{""detection_events"":116416,""detectors_checked"":53444608}"
    232448,         0,         0,    4.16,exact_mw,cb12ae119b9b2ba18d0216e7235b403229e92fd0743ede48fe7f1a2c6f45d594,"{""distance"":5,""physical_error_rate"":0.0005}","{""detection_events"":113881,""detectors_checked"":52068352}"
    136192,         0,         0,    2.90,exact_mw,cb12ae119b9b2ba18d0216e7235b403229e92fd0743ede48fe7f1a2c6f45d594,"{""distance"":5,""physical_error_rate"":0.0005}","{""detection_events"":67439,""detectors_checked"":30507008}"
   1037733,         0,         0,    18.6,exact_mw,cb12ae119b9b2ba18d0216e7235b403229e92fd0743ede48fe7f1a2c6f45d594,"{""distance"":5,""physical_error_rate"":0.0005}","{""detection_events"":510697,""detectors_checked"":232452192}"
   1024017,         0,         0,    18.8,exact_mw,cb12ae119b9b2ba18d0216e7235b403229e92fd0743ede48fe7f1a2c6f45d594,"{""distance"":5,""physical_error_rate"":0.0005}","{""detection_events"":505176,""detectors_checked"":229379808}"
   1016017,         0,         0,    14.7,exact_mw,cb12ae119b9b2ba18d0216e7235b403229e92fd0743ede48fe7f1a2c6f45d594,"{""distance"":5,""physical_error_rate"":0.0005}","{""detection_events"":499340,""detectors_checked"":227587808}"
    158720,         0,         0,    4.08,exact_mw,cb12ae119b9b2ba18d0216e7235b403229e92fd0743ede48fe7f1a2c6f45d594,"{""distance"":5,""physical_error_rate"":0.0005}","{""detection_events"":78462,""detectors_checked"":35553280}"
    208896,         0,         0,    4.22,exact_mw,cb12ae119b9b2ba18d0216e7235b403229e92fd0743ede48fe7f1a2c6f45d594,"{""distance"":5,""physical_error_rate"":0.0005}","{""detection_events"":103900,""detectors_checked"":46792704}"
    138240,         1,         0,    4.27,exact_mw,cb12ae119b9b2ba18d0216e7235b403229e92fd0743ede48fe7f1a2c6f45d594,"{""distance"":5,""physical_error_rate"":0.0005}","{""detection_events"":67895,""detectors_checked"":30965760,""obs_mistake_mask=E"":1}"
    319488,         0,         0,    5.64,exact_mw,cb12ae119b9b2ba18d0216e7235b403229e92fd0743ede48fe7f1a2c6f45d594,"{""distance"":5,""physical_error_rate"":0.0005}","{""detection_events"":155690,""detectors_checked"":71565312}"
    209920,         0,         0,    4.12,exact_mw,cb12ae119b9b2ba18d0216e7235b403229e92fd0743ede48fe7f1a2c6f45d594,"{""distance"":5,""physical_error_rate"":0.0005}","{""detection_events"":103385,""detectors_checked"":47022080}"
    214016,         0,         0,    5.78,exact_mw,cb12ae119b9b2ba18d0216e7235b403229e92fd0743ede48fe7f1a2c6f45d594,"{""distance"":5,""physical_error_rate"":0.0005}","{""detection_events"":105357,""detectors_checked"":47939584}"
    144384,         0,         0,    2.97,exact_mw,cb12ae119b9b2ba18d0216e7235b403229e92fd0743ede48fe7f1a2c6f45d594,"{""distance"":5,""physical_error_rate"":0.0005}","{""detection_events"":70919,""detectors_checked"":32342016}"
    240640,         0,         0,    4.12,exact_mw,cb12ae119b9b2ba18d0216e7235b403229e92fd0743ede48fe7f1a2c6f45d594,"{""distance"":5,""physical_error_rate"":0.0005}","{""detection_events"":117367,""detectors_checked"":53903360}"
    239616,         0,         0,    4.05,exact_mw,cb12ae119b9b2ba18d0216e7235b403229e92fd0743ede48fe7f1a2c6f45d594,"{""distance"":5,""physical_error_rate"":0.0005}","{""detection_events"":117489,""detectors_checked"":53673984}"
    176128,         0,         0,    4.04,exact_mw,cb12ae119b9b2ba18d0216e7235b403229e92fd0743ede48fe7f1a2c6f45d594,"{""distance"":5,""physical_error_rate"":0.0005}","{""detection_events"":85480,""detectors_checked"":39452672}"
    345088,         0,         0,    4.04,exact_mw,cb12ae119b9b2ba18d0216e7235b403229e92fd0743ede48fe7f1a2c6f45d594,"{""distance"":5,""physical_error_rate"":0.0005}","{""detection_events"":169477,""detectors_checked"":77299712}"
    117760,         0,         0,    2.91,exact_mw,cb12ae119b9b2ba18d0216e7235b403229e92fd0743ede48fe7f1a2c6f45d594,"{""distance"":5,""physical_error_rate"":0.0005}","{""detection_events"":57566,""detectors_checked"":26378240}"
    243712,         0,         0,    4.08,exact_mw,cb12ae119b9b2ba18d0216e7235b403229e92fd0743ede48fe7f1a2c6f45d594,"{""distance"":5,""physical_error_rate"":0.0005}","{""detection_events"":120934,""detectors_checked"":54591488}"
     79872,         0,         0,    2.14,exact_mw,cb12ae119b9b2ba18d0216e7235b403229e92fd0743ede48fe7f1a2c6f45d594,"{""distance"":5,""physical_error_rate"":0.0005}","{""detection_events"":39158,""detectors_checked"":17891328}"
   1016017,         0,         0,    19.1,exact_mw,cb12ae119b9b2ba18d0216e7235b403229e92fd0743ede48fe7f1a2c6f45d594,"{""distance"":5,""physical_error_rate"":0.0005}","{""detection_events"":499750,""detectors_checked"":227587808}"
    998400,         2,         0,    19.1,exact_mw,cb12ae119b9b2ba18d0216e7235b403229e92fd0743ede48fe7f1a2c6f45d594,"{""distance"":5,""physical_error_rate"":0.0005}","{""detection_events"":491287,""detectors_checked"":223641600,""obs_mistake_mask=E"":2}"
    168960,         0,         0,    4.03,exact_mw,cb12ae119b9b2ba18d0216e7235b403229e92fd0743ede48fe7f1a2c6f45d594,"{""distance"":5,""physical_error_rate"":0.0005}","{""detection_events"":83796,""detectors_checked"":37847040}"
    977982,         0,         0,    19.1,exact_mw,cb12ae119b9b2ba18d0216e7235b403229e92fd0743ede48fe7f1a2c6f45d594,"{""distance"":5,""physical_error_rate"":0.0005}","{""detection_events"":480467,""detectors_checked"":219067968}"
    322560,         0,         0,    3.90,exact_mw,cb12ae119b9b2ba18d0216e7235b403229e92fd0743ede48fe7f1a2c6f45d594,"{""distance"":5,""physical_error_rate"":0.0005}","{""detection_events"":158577,""detectors_checked"":72253440}"
    167936,         0,         0,    3.02,exact_mw,cb12ae119b9b2ba18d0216e7235b403229e92fd0743ede48fe7f1a2c6f45d594,"{""distance"":5,""physical_error_rate"":0.0005}","{""detection_events"":83028,""detectors_checked"":37617664}"
    159744,         0,         0,    4.16,exact_mw,cb12ae119b9b2ba18d0216e7235b403229e92fd0743ede48fe7f1a2c6f45d594,"{""distance"":5,""physical_error_rate"":0.0005}","{""detection_events"":77987,""detectors_checked"":35782656}"
    237568,         0,         0,    4.06,exact_mw,cb12ae119b9b2ba18d0216e7235b403229e92fd0743ede48fe7f1a2c6f45d594,"{""distance"":5,""physical_error_rate"":0.0005}","{""detection_events"":117376,""detectors_checked"":53215232}"
    961222,         0,         0,    19.7,exact_mw,cb12ae119b9b2ba18d0216e7235b403229e92fd0743ede48fe7f1a2c6f45d594,"{""distance"":5,""physical_error_rate"":0.0005}","{""detection_events"":471418,""detectors_checked"":215313728}"
    172032,         0,         0,    2.92,exact_mw,cb12ae119b9b2ba18d0216e7235b403229e92fd0743ede48fe7f1a2c6f45d594,"{""distance"":5,""physical_error_rate"":0.0005}","{""detection_events"":85167,""detectors_checked"":38535168}"
    244736,         0,         0,    4.10,exact_mw,cb12ae119b9b2ba18d0216e7235b403229e92fd0743ede48fe7f1a2c6f45d594,"{""distance"":5,""physical_error_rate"":0.0005}","{""detection_events"":120830,""detectors_checked"":54820864}"
    178176,         0,         0,    4.16,exact_mw,cb12ae119b9b2ba18d0216e7235b403229e92fd0743ede48fe7f1a2c6f45d594,"{""distance"":5,""physical_error_rate"":0.0005}","{""detection_events"":87081,""detectors_checked"":39911424}"
    129024,         0,         0,    4.02,exact_mw,cb12ae119b9b2ba18d0216e7235b403229e92fd0743ede48fe7f1a2c6f45d594,"{""distance"":5,""physical_error_rate"":0.0005}","{""detection_events"":63163,""detectors_checked"":28901376}"
    188416,         0,         0,    3.87,exact_mw,cb12ae119b9b2ba18d0216e7235b403229e92fd0743ede48fe7f1a2c6f45d594,"{""distance"":5,""physical_error_rate"":0.0005}","{""detection_events"":93598,""detectors_checked"":42205184}"
    228352,         0,         0,    4.15,exact_mw,cb12ae119b9b2ba18d0216e7235b403229e92fd0743ede48fe7f1a2c6f45d594,"{""distance"":5,""physical_error_rate"":0.0005}","{""detection_events"":112448,""detectors_checked"":51150848}"
    220160,         0,         0,    4.05,exact_mw,cb12ae119b9b2ba18d0216e7235b403229e92fd0743ede48fe7f1a2c6f45d594,"{""distance"":5,""physical_error_rate"":0.0005}","{""detection_events"":108060,""detectors_checked"":49315840}"
    153600,         0,         0,    3.94,exact_mw,cb12ae119b9b2ba18d0216e7235b403229e92fd0743ede48fe7f1a2c6f45d594,"{""distance"":5,""physical_error_rate"":0.0005}","{""detection_events"":75644,""detectors_checked"":34406400}"
    148480,         0,         0,    4.18,exact_mw,cb12ae119b9b2ba18d0216e7235b403229e92fd0743ede48fe7f1a2c6f45d594,"{""distance"":5,""physical_error_rate"":0.0005}","{""detection_events"":72950,""detectors_checked"":33259520}"
    226304,         0,         0,    4.02,exact_mw,cb12ae119b9b2ba18d0216e7235b403229e92fd0743ede48fe7f1a2c6f45d594,"{""distance"":5,""physical_error_rate"":0.0005}","{""detection_events"":111758,""detectors_checked"":50692096}"
    212992,         0,         0,    4.01,exact_mw,cb12ae119b9b2ba18d0216e7235b403229e92fd0743ede48fe7f1a2c6f45d594,"{""distance"":5,""physical_error_rate"":0.0005}","{""detection_events"":104248,""detectors_checked"":47710208}"
    207872,         0,         0,    4.06,exact_mw,cb12ae119b9b2ba18d0216e7235b403229e92fd0743ede48fe7f1a2c6f45d594,"{""distance"":5,""physical_error_rate"":0.0005}","{""detection_events"":102519,""detectors_checked"":46563328}"
    206848,         0,         0,    4.10,exact_mw,cb12ae119b9b2ba18d0216e7235b403229e92fd0743ede48fe7f1a2c6f45d594,"{""distance"":5,""physical_error_rate"":0.0005}","{""detection_events"":101655,""detectors_checked"":46333952}"
    179200,         0,         0,    2.93,exact_mw,cb12ae119b9b2ba18d0216e7235b403229e92fd0743ede48fe7f1a2c6f45d594,"{""distance"":5,""physical_error_rate"":0.0005}","{""detection_events"":89003,""detectors_checked"":40140800}"
    280576,         0,         0,    4.13,exact_mw,cb12ae119b9b2ba18d0216e7235b403229e92fd0743ede48fe7f1a2c6f45d594,"{""distance"":5,""physical_error_rate"":0.0005}","{""detection_events"":137906,""detectors_checked"":62849024}"
    217088,         0,         0,    4.03,exact_mw,cb12ae119b9b2ba18d0216e7235b403229e92fd0743ede48fe7f1a2c6f45d594,"{""distance"":5,""physical_error_rate"":0.0005}","{""detection_events"":108316,""detectors_checked"":48627712}"
    239616,         0,         0,    5.66,exact_mw,cb12ae119b9b2ba18d0216e7235b403229e92fd0743ede48fe7f1a2c6f45d594,"{""distance"":5,""physical_error_rate"":0.0005}","{""detection_events"":116320,""detectors_checked"":53673984}"
    268288,         0,         0,    4.16,exact_mw,cb12ae119b9b2ba18d0216e7235b403229e92fd0743ede48fe7f1a2c6f45d594,"{""distance"":5,""physical_error_rate"":0.0005}","{""detection_events"":132464,""detectors_checked"":60096512}"
    238592,         0,         0,    4.10,exact_mw,cb12ae119b9b2ba18d0216e7235b403229e92fd0743ede48fe7f1a2c6f45d594,"{""distance"":5,""physical_error_rate"":0.0005}","{""detection_events"":116768,""detectors_checked"":53444608}"
    192512,         0,         0,    4.07,exact_mw,cb12ae119b9b2ba18d0216e7235b403229e92fd0743ede48fe7f1a2c6f45d594,"{""distance"":5,""physical_error_rate"":0.0005}","{""detection_events"":94843,""detectors_checked"":43122688}"
    141312,         0,         0,    4.07,exact_mw,cb12ae119b9b2ba18d0216e7235b403229e92fd0743ede48fe7f1a2c6f45d594,"{""distance"":5,""physical_error_rate"":0.0005}","{""detection_events"":70481,""detectors_checked"":31653888}"
    277504,         1,         0,    4.20,exact_mw,cb12ae119b9b2ba18d0216e7235b403229e92fd0743ede48fe7f1a2c6f45d594,"{""distance"":5,""physical_error_rate"":0.0005}","{""detection_events"":135980,""detectors_checked"":62160896,""obs_mistake_mask=E"":1}"
    168960,         0,         0,    4.00,exact_mw,cb12ae119b9b2ba18d0216e7235b403229e92fd0743ede48fe7f1a2c6f45d594,"{""distance"":5,""physical_error_rate"":0.0005}","{""detection_events"":83518,""detectors_checked"":37847040}"
    214016,         0,         0,    4.10,exact_mw,cb12ae119b9b2ba18d0216e7235b403229e92fd0743ede48fe7f1a2c6f45d594,"{""distance"":5,""physical_error_rate"":0.0005}","{""detection_events"":104724,""detectors_checked"":47939584}"
    233472,         0,         0,    4.05,exact_mw,cb12ae119b9b2ba18d0216e7235b403229e92fd0743ede48fe7f1a2c6f45d594,"{""distance"":5,""physical_error_rate"":0.0005}","{""detection_events"":115363,""detectors_checked"":52297728}"
    180224,         0,         0,    4.01,exact_mw,cb12ae119b9b2ba18d0216e7235b403229e92fd0743ede48fe7f1a2c6f45d594,"{""distance"":5,""physical_error_rate"":0.0005}","{""detection_events"":89140,""detectors_checked"":40370176}"
    182272,         0,         0,    4.16,exact_mw,cb12ae119b9b2ba18d0216e7235b403229e92fd0743ede48fe7f1a2c6f45d594,"{""distance"":5,""physical_error_rate"":0.0005}","{""detection_events"":90115,""detectors_checked"":40828928}"
    176128,         0,         0,    4.13,exact_mw,cb12ae119b9b2ba18d0216e7235b403229e92fd0743ede48fe7f1a2c6f45d594,"{""distance"":5,""physical_error_rate"":0.0005}","{""detection_events"":86773,""detectors_checked"":39452672}"
    124928,         0,         0,    2.86,exact_mw,cb12ae119b9b2ba18d0216e7235b403229e92fd0743ede48fe7f1a2c6f45d594,"{""distance"":5,""physical_error_rate"":0.0005}","{""detection_events"":61706,""detectors_checked"":27983872}"
    193536,         0,         0,    2.96,exact_mw,cb12ae119b9b2ba18d0216e7235b403229e92fd0743ede48fe7f1a2c6f45d594,"{""distance"":5,""physical_error_rate"":0.0005}","{""detection_events"":95921,""detectors_checked"":43352064}"
    946776,         0,         0,    20.2,exact_mw,cb12ae119b9b2ba18d0216e7235b403229e92fd0743ede48fe7f1a2c6f45d594,"{""distance"":5,""physical_error_rate"":0.0005}","{""detection_events"":466267,""detectors_checked"":212077824}"
    924672,         1,         0,    20.7,exact_mw,cb12ae119b9b2ba18d0216e7235b403229e92fd0743ede48fe7f1a2c6f45d594,"{""distance"":5,""physical_error_rate"":0.0005}","{""detection_events"":452588,""detectors_checked"":207126528,""obs_mistake_mask=E"":1}"
    921600,         1,         0,    17.0,exact_mw,cb12ae119b9b2ba18d0216e7235b403229e92fd0743ede48fe7f1a2c6f45d594,"{""distance"":5,""physical_error_rate"":0.0005}","{""detection_events"":455418,""detectors_checked"":206438400,""obs_mistake_mask=E"":1}"
    912384,         1,         0,    31.2,exact_mw,cb12ae119b9b2ba18d0216e7235b403229e92fd0743ede48fe7f1a2c6f45d594,"{""distance"":5,""physical_error_rate"":0.0005}","{""detection_events"":449640,""detectors_checked"":204374016,""obs_mistake_mask=E"":1}"
    930816,         0,         0,    20.5,exact_mw,cb12ae119b9b2ba18d0216e7235b403229e92fd0743ede48fe7f1a2c6f45d594,"{""distance"":5,""physical_error_rate"":0.0005}","{""detection_events"":458233,""detectors_checked"":208502784}"
    220160,         0,         0,    4.14,exact_mw,cb12ae119b9b2ba18d0216e7235b403229e92fd0743ede48fe7f1a2c6f45d594,"{""distance"":5,""physical_error_rate"":0.0005}","{""detection_events"":108225,""detectors_checked"":49315840}"
    892307,         0,         0,    12.2,exact_mw,cb12ae119b9b2ba18d0216e7235b403229e92fd0743ede48fe7f1a2c6f45d594,"{""distance"":5,""physical_error_rate"":0.0005}","{""detection_events"":441490,""detectors_checked"":199876768}"
    886784,         0,         0,    20.6,exact_mw,cb12ae119b9b2ba18d0216e7235b403229e92fd0743ede48fe7f1a2c6f45d594,"{""distance"":5,""physical_error_rate"":0.0005}","{""detection_events"":435408,""detectors_checked"":198639616}"
    186368,         0,         0,    4.08,exact_mw,cb12ae119b9b2ba18d0216e7235b403229e92fd0743ede48fe7f1a2c6f45d594,"{""distance"":5,""physical_error_rate"":0.0005}","{""detection_events"":92151,""detectors_checked"":41746432}"
     78848,         0,         0,    3.04,exact_mw,cb12ae119b9b2ba18d0216e7235b403229e92fd0743ede48fe7f1a2c6f45d594,"{""distance"":5,""physical_error_rate"":0.0005}","{""detection_events"":39164,""detectors_checked"":17661952}"
    123904,         0,         0,    2.85,exact_mw,cb12ae119b9b2ba18d0216e7235b403229e92fd0743ede48fe7f1a2c6f45d594,"{""distance"":5,""physical_error_rate"":0.0005}","{""detection_events"":61631,""detectors_checked"":27754496}"
    214016,         0,         0,    4.04,exact_mw,cb12ae119b9b2ba18d0216e7235b403229e92fd0743ede48fe7f1a2c6f45d594,"{""distance"":5,""physical_error_rate"":0.0005}","{""detection_events"":104776,""detectors_checked"":47939584}"
    309248,         0,         0,    4.11,exact_mw,cb12ae119b9b2ba18d0216e7235b403229e92fd0743ede48fe7f1a2c6f45d594,"{""distance"":5,""physical_error_rate"":0.0005}","{""detection_events"":152645,""detectors_checked"":69271552}"
    238592,         0,         0,    8.05,exact_mw,cb12ae119b9b2ba18d0216e7235b403229e92fd0743ede48fe7f1a2c6f45d594,"{""distance"":5,""physical_error_rate"":0.0005}","{""detection_events"":116927,""detectors_checked"":53444608}"
    147456,         0,         0,    4.06,exact_mw,cb12ae119b9b2ba18d0216e7235b403229e92fd0743ede48fe7f1a2c6f45d594,"{""distance"":5,""physical_error_rate"":0.0005}","{""detection_events"":73044,""detectors_checked"":33030144}"
    214016,         0,         0,    4.10,exact_mw,cb12ae119b9b2ba18d0216e7235b403229e92fd0743ede48fe7f1a2c6f45d594,"{""distance"":5,""physical_error_rate"":0.0005}","{""detection_events"":105951,""detectors_checked"":47939584}"
    388096,         0,         0,    8.09,exact_mw,cb12ae119b9b2ba18d0216e7235b403229e92fd0743ede48fe7f1a2c6f45d594,"{""distance"":5,""physical_error_rate"":0.0005}","{""detection_events"":191428,""detectors_checked"":86933504}"
    167936,         0,         0,    4.20,exact_mw,cb12ae119b9b2ba18d0216e7235b403229e92fd0743ede48fe7f1a2c6f45d594,"{""distance"":5,""physical_error_rate"":0.0005}","{""detection_events"":82175,""detectors_checked"":37617664}"
    179200,         0,         0,    4.01,exact_mw,cb12ae119b9b2ba18d0216e7235b403229e92fd0743ede48fe7f1a2c6f45d594,"{""distance"":5,""physical_error_rate"":0.0005}","{""detection_events"":87988,""detectors_checked"":40140800}"
    854792,         0,         0,    8.12,exact_mw,cb12ae119b9b2ba18d0216e7235b403229e92fd0743ede48fe7f1a2c6f45d594,"{""distance"":5,""physical_error_rate"":0.0005}","{""detection_events"":418908,""detectors_checked"":191473408}"
    846848,         2,         0,    21.7,exact_mw,cb12ae119b9b2ba18d0216e7235b403229e92fd0743ede48fe7f1a2c6f45d594,"{""distance"":5,""physical_error_rate"":0.0005}","{""detection_events"":416203,""detectors_checked"":189693952,""obs_mistake_mask=E"":2}"
    823626,         0,         0,    17.9,exact_mw,cb12ae119b9b2ba18d0216e7235b403229e92fd0743ede48fe7f1a2c6f45d594,"{""distance"":5,""physical_error_rate"":0.0005}","{""detection_events"":406316,""detectors_checked"":184492224}"
    155648,         0,         0,    3.94,exact_mw,cb12ae119b9b2ba18d0216e7235b403229e92fd0743ede48fe7f1a2c6f45d594,"{""distance"":5,""physical_error_rate"":0.0005}","{""detection_events"":76617,""detectors_checked"":34865152}"
    108544,         0,         0,    2.94,exact_mw,cb12ae119b9b2ba18d0216e7235b403229e92fd0743ede48fe7f1a2c6f45d594,"{""distance"":5,""physical_error_rate"":0.0005}","{""detection_events"":54083,""detectors_checked"":24313856}"
    319488,         0,         0,    4.16,exact_mw,cb12ae119b9b2ba18d0216e7235b403229e92fd0743ede48fe7f1a2c6f45d594,"{""distance"":5,""physical_error_rate"":0.0005}","{""detection_events"":157601,""detectors_checked"":71565312}"
    810576,         1,         0,    22.3,exact_mw,cb12ae119b9b2ba18d0216e7235b403229e92fd0743ede48fe7f1a2c6f45d594,"{""distance"":5,""physical_error_rate"":0.0005}","{""detection_events"":399075,""detectors_checked"":181569024,""obs_mistake_mask=E"":1}"
    457728,         0,         0,    8.09,exact_mw,cb12ae119b9b2ba18d0216e7235b403229e92fd0743ede48fe7f1a2c6f45d594,"{""distance"":5,""physical_error_rate"":0.0005}","{""detection_events"":225021,""detectors_checked"":102531072}"
    799683,         1,         0,    13.5,exact_mw,cb12ae119b9b2ba18d0216e7235b403229e92fd0743ede48fe7f1a2c6f45d594,"{""distance"":5,""physical_error_rate"":0.0005}","{""detection_events"":392194,""detectors_checked"":179128992,""obs_mistake_mask=E"":1}"
    789859,         1,         0,    22.7,exact_mw,cb12ae119b9b2ba18d0216e7235b403229e92fd0743ede48fe7f1a2c6f45d594,"{""distance"":5,""physical_error_rate"":0.0005}","{""detection_events"":388754,""detectors_checked"":176928416,""obs_mistake_mask=E"":1}"
    481280,         1,         0,    7.98,exact_mw,cb12ae119b9b2ba18d0216e7235b403229e92fd0743ede48fe7f1a2c6f45d594,"{""distance"":5,""physical_error_rate"":0.0005}","{""detection_events"":238425,""detectors_checked"":107806720,""obs_mistake_mask=E"":1}"
    786432,         0,         0,    15.4,exact_mw,cb12ae119b9b2ba18d0216e7235b403229e92fd0743ede48fe7f1a2c6f45d594,"{""distance"":5,""physical_error_rate"":0.0005}","{""detection_events"":388218,""detectors_checked"":176160768}"
    397312,         1,         0,    8.00,exact_mw,cb12ae119b9b2ba18d0216e7235b403229e92fd0743ede48fe7f1a2c6f45d594,"{""distance"":5,""physical_error_rate"":0.0005}","{""detection_events"":195457,""detectors_checked"":88997888,""obs_mistake_mask=E"":1}"
    306176,         0,         0,    7.92,exact_mw,cb12ae119b9b2ba18d0216e7235b403229e92fd0743ede48fe7f1a2c6f45d594,"{""distance"":5,""physical_error_rate"":0.0005}","{""detection_events"":150492,""detectors_checked"":68583424}"
    113664,         0,         0,    4.03,exact_mw,cb12ae119b9b2ba18d0216e7235b403229e92fd0743ede48fe7f1a2c6f45d594,"{""distance"":5,""physical_error_rate"":0.0005}","{""detection_events"":56054,""detectors_checked"":25460736}"
    409600,         0,         0,    5.79,exact_mw,cb12ae119b9b2ba18d0216e7235b403229e92fd0743ede48fe7f1a2c6f45d594,"{""distance"":5,""physical_error_rate"":0.0005}","{""detection_events"":202852,""detectors_checked"":91750400}"
    783689,         0,         0,    13.8,exact_mw,cb12ae119b9b2ba18d0216e7235b403229e92fd0743ede48fe7f1a2c6f45d594,"{""distance"":5,""physical_error_rate"":0.0005}","{""detection_events"":386533,""detectors_checked"":175546336}"
    770048,         0,         0,    12.7,exact_mw,cb12ae119b9b2ba18d0216e7235b403229e92fd0743ede48fe7f1a2c6f45d594,"{""distance"":5,""physical_error_rate"":0.0005}","{""detection_events"":379651,""detectors_checked"":172490752}"
    264192,         1,         0,    4.05,exact_mw,cb12ae119b9b2ba18d0216e7235b403229e92fd0743ede48fe7f1a2c6f45d594,"{""distance"":5,""physical_error_rate"":0.0005}","{""detection_events"":130005,""detectors_checked"":59179008,""obs_mistake_mask=E"":1}"
    438272,         0,         0,    8.03,exact_mw,cb12ae119b9b2ba18d0216e7235b403229e92fd0743ede48fe7f1a2c6f45d594,"{""distance"":5,""physical_error_rate"":0.0005}","{""detection_events"":214285,""detectors_checked"":98172928}"
    372736,         0,         0,    5.72,exact_mw,cb12ae119b9b2ba18d0216e7235b403229e92fd0743ede48fe7f1a2c6f45d594,"{""distance"":5,""physical_error_rate"":0.0005}","{""detection_events"":184345,""detectors_checked"":83492864}"
    442368,         1,         0,    7.79,exact_mw,cb12ae119b9b2ba18d0216e7235b403229e92fd0743ede48fe7f1a2c6f45d594,"{""distance"":5,""physical_error_rate"":0.0005}","{""detection_events"":218022,""detectors_checked"":99090432,""obs_mistake_mask=E"":1}"
    663552,         0,         0,    7.97,exact_mw,cb12ae119b9b2ba18d0216e7235b403229e92fd0743ede48fe7f1a2c6f45d594,"{""distance"":5,""physical_error_rate"":0.0005}","{""detection_events"":327284,""detectors_checked"":148635648}"
    279552,         0,         0,    5.84,exact_mw,cb12ae119b9b2ba18d0216e7235b403229e92fd0743ede48fe7f1a2c6f45d594,"{""distance"":5,""physical_error_rate"":0.0005}","{""detection_events"":137509,""detectors_checked"":62619648}"
    118784,         0,         0,    5.71,exact_mw,cb12ae119b9b2ba18d0216e7235b403229e92fd0743ede48fe7f1a2c6f45d594,"{""distance"":5,""physical_error_rate"":0.0005}","{""detection_events"":58565,""detectors_checked"":26607616}"
    245760,         1,         0,    4.06,exact_mw,cb12ae119b9b2ba18d0216e7235b403229e92fd0743ede48fe7f1a2c6f45d594,"{""distance"":5,""physical_error_rate"":0.0005}","{""detection_events"":120586,""detectors_checked"":55050240,""obs_mistake_mask=E"":1}"
    486400,         0,         0,    8.13,exact_mw,cb12ae119b9b2ba18d0216e7235b403229e92fd0743ede48fe7f1a2c6f45d594,"{""distance"":5,""physical_error_rate"":0.0005}","{""detection_events"":239630,""detectors_checked"":108953600}"
    228352,         0,         0,    4.10,exact_mw,cb12ae119b9b2ba18d0216e7235b403229e92fd0743ede48fe7f1a2c6f45d594,"{""distance"":5,""physical_error_rate"":0.0005}","{""detection_events"":112261,""detectors_checked"":51150848}"
    758078,         1,         0,    11.8,exact_mw,cb12ae119b9b2ba18d0216e7235b403229e92fd0743ede48fe7f1a2c6f45d594,"{""distance"":5,""physical_error_rate"":0.0005}","{""detection_events"":372376,""detectors_checked"":169809472,""obs_mistake_mask=E"":1}"
    718848,         0,         0,    12.1,exact_mw,cb12ae119b9b2ba18d0216e7235b403229e92fd0743ede48fe7f1a2c6f45d594,"{""distance"":5,""physical_error_rate"":0.0005}","{""detection_events"":352626,""detectors_checked"":161021952}"
    433152,         1,         0,    8.01,exact_mw,cb12ae119b9b2ba18d0216e7235b403229e92fd0743ede48fe7f1a2c6f45d594,"{""distance"":5,""physical_error_rate"":0.0005}","{""detection_events"":212045,""detectors_checked"":97026048,""obs_mistake_mask=E"":1}"
    493568,         0,         0,    7.98,exact_mw,cb12ae119b9b2ba18d0216e7235b403229e92fd0743ede48fe7f1a2c6f45d594,"{""distance"":5,""physical_error_rate"":0.0005}","{""detection_events"":244534,""detectors_checked"":110559232}"
    346112,         1,         0,    5.78,exact_mw,cb12ae119b9b2ba18d0216e7235b403229e92fd0743ede48fe7f1a2c6f45d594,"{""distance"":5,""physical_error_rate"":0.0005}","{""detection_events"":170645,""detectors_checked"":77529088,""obs_mistake_mask=E"":1}"
    320512,         0,         0,    5.78,exact_mw,cb12ae119b9b2ba18d0216e7235b403229e92fd0743ede48fe7f1a2c6f45d594,"{""distance"":5,""physical_error_rate"":0.0005}","{""detection_events"":158534,""detectors_checked"":71794688}"
    391168,         0,         0,    7.96,exact_mw,cb12ae119b9b2ba18d0216e7235b403229e92fd0743ede48fe7f1a2c6f45d594,"{""distance"":5,""physical_error_rate"":0.0005}","{""detection_events"":191904,""detectors_checked"":87621632}"
    382976,         0,         0,    8.04,exact_mw,cb12ae119b9b2ba18d0216e7235b403229e92fd0743ede48fe7f1a2c6f45d594,"{""distance"":5,""physical_error_rate"":0.0005}","{""detection_events"":189407,""detectors_checked"":85786624}"
    249856,         0,         0,    4.11,exact_mw,cb12ae119b9b2ba18d0216e7235b403229e92fd0743ede48fe7f1a2c6f45d594,"{""distance"":5,""physical_error_rate"":0.0005}","{""detection_events"":122574,""detectors_checked"":55967744}"
    334848,         0,         0,    8.19,exact_mw,cb12ae119b9b2ba18d0216e7235b403229e92fd0743ede48fe7f1a2c6f45d594,"{""distance"":5,""physical_error_rate"":0.0005}","{""detection_events"":165808,""detectors_checked"":75005952}"
    281600,         0,         0,    5.67,exact_mw,cb12ae119b9b2ba18d0216e7235b403229e92fd0743ede48fe7f1a2c6f45d594,"{""distance"":5,""physical_error_rate"":0.0005}","{""detection_events"":138573,""detectors_checked"":63078400}"
    320512,         0,         0,    5.70,exact_mw,cb12ae119b9b2ba18d0216e7235b403229e92fd0743ede48fe7f1a2c6f45d594,"{""distance"":5,""physical_error_rate"":0.0005}","{""detection_events"":157529,""detectors_checked"":71794688}"
    301056,         0,         0,    5.80,exact_mw,cb12ae119b9b2ba18d0216e7235b403229e92fd0743ede48fe7f1a2c6f45d594,"{""distance"":5,""physical_error_rate"":0.0005}","{""detection_events"":149079,""detectors_checked"":67436544}"
    355328,         0,         0,    7.97,exact_mw,cb12ae119b9b2ba18d0216e7235b403229e92fd0743ede48fe7f1a2c6f45d594,"{""distance"":5,""physical_error_rate"":0.0005}","{""detection_events"":174920,""detectors_checked"":79593472}"
    208896,         1,         0,    4.08,exact_mw,cb12ae119b9b2ba18d0216e7235b403229e92fd0743ede48fe7f1a2c6f45d594,"{""distance"":5,""physical_error_rate"":0.0005}","{""detection_events"":102681,""detectors_checked"":46792704,""obs_mistake_mask=E"":1}"
    718484,         0,         0,    13.0,exact_mw,cb12ae119b9b2ba18d0216e7235b403229e92fd0743ede48fe7f1a2c6f45d594,"{""distance"":5,""physical_error_rate"":0.0005}","{""detection_events"":352536,""detectors_checked"":160940416}"
    453632,         0,         0,    8.07,exact_mw,cb12ae119b9b2ba18d0216e7235b403229e92fd0743ede48fe7f1a2c6f45d594,"{""distance"":5,""physical_error_rate"":0.0005}","{""detection_events"":223180,""detectors_checked"":101613568}"
    712704,         1,         0,    14.1,exact_mw,cb12ae119b9b2ba18d0216e7235b403229e92fd0743ede48fe7f1a2c6f45d594,"{""distance"":5,""physical_error_rate"":0.0005}","{""detection_events"":349088,""detectors_checked"":159645696,""obs_mistake_mask=E"":1}"
    704512,         0,         0,    13.1,exact_mw,cb12ae119b9b2ba18d0216e7235b403229e92fd0743ede48fe7f1a2c6f45d594,"{""distance"":5,""physical_error_rate"":0.0005}","{""detection_events"":345690,""detectors_checked"":157810688}"
    715776,         0,         0,    12.1,exact_mw,cb12ae119b9b2ba18d0216e7235b403229e92fd0743ede48fe7f1a2c6f45d594,"{""distance"":5,""physical_error_rate"":0.0005}","{""detection_events"":354563,""detectors_checked"":160333824}"
    196608,         1,         0,    5.63,exact_mw,cb12ae119b9b2ba18d0216e7235b403229e92fd0743ede48fe7f1a2c6f45d594,"{""distance"":5,""physical_error_rate"":0.0005}","{""detection_events"":95842,""detectors_checked"":44040192,""obs_mistake_mask=E"":1}"
    209920,         0,         0,    3.98,exact_mw,cb12ae119b9b2ba18d0216e7235b403229e92fd0743ede48fe7f1a2c6f45d594,"{""distance"":5,""physical_error_rate"":0.0005}","{""detection_events"":103982,""detectors_checked"":47022080}"
    304128,         0,         0,    5.75,exact_mw,cb12ae119b9b2ba18d0216e7235b403229e92fd0743ede48fe7f1a2c6f45d594,"{""distance"":5,""physical_error_rate"":0.0005}","{""detection_events"":148826,""detectors_checked"":68124672}"
    318464,         1,         0,    5.63,exact_mw,cb12ae119b9b2ba18d0216e7235b403229e92fd0743ede48fe7f1a2c6f45d594,"{""distance"":5,""physical_error_rate"":0.0005}","{""detection_events"":156825,""detectors_checked"":71335936,""obs_mistake_mask=E"":1}"
    355328,         1,         0,    5.76,exact_mw,cb12ae119b9b2ba18d0216e7235b403229e92fd0743ede48fe7f1a2c6f45d594,"{""distance"":5,""physical_error_rate"":0.0005}","{""detection_events"":175785,""detectors_checked"":79593472,""obs_mistake_mask=E"":1}"
    405504,         0,         0,    5.64,exact_mw,cb12ae119b9b2ba18d0216e7235b403229e92fd0743ede48fe7f1a2c6f45d594,"{""distance"":5,""physical_error_rate"":0.0005}","{""detection_events"":200883,""detectors_checked"":90832896}"
    159744,         0,         0,    4.16,exact_mw,cb12ae119b9b2ba18d0216e7235b403229e92fd0743ede48fe7f1a2c6f45d594,"{""distance"":5,""physical_error_rate"":0.0005}","{""detection_events"":78849,""detectors_checked"":35782656}"
    313344,         0,         0,    5.62,exact_mw,cb12ae119b9b2ba18d0216e7235b403229e92fd0743ede48fe7f1a2c6f45d594,"{""distance"":5,""physical_error_rate"":0.0005}","{""detection_events"":154631,""detectors_checked"":70189056}"
    197632,         0,         0,    4.13,exact_mw,cb12ae119b9b2ba18d0216e7235b403229e92fd0743ede48fe7f1a2c6f45d594,"{""distance"":5,""physical_error_rate"":0.0005}","{""detection_events"":96891,""detectors_checked"":44269568}"
    672726,         0,         0,    9.21,exact_mw,cb12ae119b9b2ba18d0216e7235b403229e92fd0743ede48fe7f1a2c6f45d594,"{""distance"":5,""physical_error_rate"":0.0005}","{""detection_events"":332885,""detectors_checked"":150690624}"
    628736,         0,         0,    16.4,exact_mw,cb12ae119b9b2ba18d0216e7235b403229e92fd0743ede48fe7f1a2c6f45d594,"{""distance"":5,""physical_error_rate"":0.0005}","{""detection_events"":309491,""detectors_checked"":140836864}"
    652288,         0,         0,    11.6,exact_mw,cb12ae119b9b2ba18d0216e7235b403229e92fd0743ede48fe7f1a2c6f45d594,"{""distance"":5,""physical_error_rate"":0.0005}","{""detection_events"":320831,""detectors_checked"":146112512}"
    664576,         0,         0,    5.61,exact_mw,cb12ae119b9b2ba18d0216e7235b403229e92fd0743ede48fe7f1a2c6f45d594,"{""distance"":5,""physical_error_rate"":0.0005}","{""detection_events"":327752,""detectors_checked"":148865024}"
    649216,         0,         0,    13.1,exact_mw,cb12ae119b9b2ba18d0216e7235b403229e92fd0743ede48fe7f1a2c6f45d594,"{""distance"":5,""physical_error_rate"":0.0005}","{""detection_events"":318001,""detectors_checked"":145424384}"
    634880,         0,         0,    12.5,exact_mw,cb12ae119b9b2ba18d0216e7235b403229e92fd0743ede48fe7f1a2c6f45d594,"{""distance"":5,""physical_error_rate"":0.0005}","{""detection_events"":312784,""detectors_checked"":142213120}"
    287744,         1,         0,    5.65,exact_mw,cb12ae119b9b2ba18d0216e7235b403229e92fd0743ede48fe7f1a2c6f45d594,"{""distance"":5,""physical_error_rate"":0.0005}","{""detection_events"":142162,""detectors_checked"":64454656,""obs_mistake_mask=E"":1}"
    216064,         0,         0,    5.64,exact_mw,cb12ae119b9b2ba18d0216e7235b403229e92fd0743ede48fe7f1a2c6f45d594,"{""distance"":5,""physical_error_rate"":0.0005}","{""detection_events"":106500,""detectors_checked"":48398336}"
    321536,         0,         0,    8.09,exact_mw,cb12ae119b9b2ba18d0216e7235b403229e92fd0743ede48fe7f1a2c6f45d594,"{""distance"":5,""physical_error_rate"":0.0005}","{""detection_events"":158362,""detectors_checked"":72024064}"
    205824,         0,         0,    5.62,exact_mw,cb12ae119b9b2ba18d0216e7235b403229e92fd0743ede48fe7f1a2c6f45d594,"{""distance"":5,""physical_error_rate"":0.0005}","{""detection_events"":100432,""detectors_checked"":46104576}"
    360448,         0,         0,    5.83,exact_mw,cb12ae119b9b2ba18d0216e7235b403229e92fd0743ede48fe7f1a2c6f45d594,"{""distance"":5,""physical_error_rate"":0.0005}","{""detection_events"":176725,""detectors_checked"":80740352}"
    236544,         0,         0,    5.98,exact_mw,cb12ae119b9b2ba18d0216e7235b403229e92fd0743ede48fe7f1a2c6f45d594,"{""distance"":5,""physical_error_rate"":0.0005}","{""detection_events"":115908,""detectors_checked"":52985856}"
    310272,         0,         0,    5.75,exact_mw,cb12ae119b9b2ba18d0216e7235b403229e92fd0743ede48fe7f1a2c6f45d594,"{""distance"":5,""physical_error_rate"":0.0005}","{""detection_events"":152589,""detectors_checked"":69500928}"
    344064,         0,         0,    5.76,exact_mw,cb12ae119b9b2ba18d0216e7235b403229e92fd0743ede48fe7f1a2c6f45d594,"{""distance"":5,""physical_error_rate"":0.0005}","{""detection_events"":168760,""detectors_checked"":77070336}"
    299008,         1,         0,    5.77,exact_mw,cb12ae119b9b2ba18d0216e7235b403229e92fd0743ede48fe7f1a2c6f45d594,"{""distance"":5,""physical_error_rate"":0.0005}","{""detection_events"":148645,""detectors_checked"":66977792,""obs_mistake_mask=E"":1}"
    192512,         0,         0,    5.67,exact_mw,cb12ae119b9b2ba18d0216e7235b403229e92fd0743ede48fe7f1a2c6f45d594,"{""distance"":5,""physical_error_rate"":0.0005}","{""detection_events"":94676,""detectors_checked"":43122688}"
    412672,         2,         0,    5.86,exact_mw,cb12ae119b9b2ba18d0216e7235b403229e92fd0743ede48fe7f1a2c6f45d594,"{""distance"":5,""physical_error_rate"":0.0005}","{""detection_events"":202905,""detectors_checked"":92438528,""obs_mistake_mask=E"":2}"
    419840,         0,         0,    5.74,exact_mw,cb12ae119b9b2ba18d0216e7235b403229e92fd0743ede48fe7f1a2c6f45d594,"{""distance"":5,""physical_error_rate"":0.0005}","{""detection_events"":206914,""detectors_checked"":94044160}"
    180224,         0,         0,    5.75,exact_mw,cb12ae119b9b2ba18d0216e7235b403229e92fd0743ede48fe7f1a2c6f45d594,"{""distance"":5,""physical_error_rate"":0.0005}","{""detection_events"":87955,""detectors_checked"":40370176}"
    316416,         0,         0,    5.84,exact_mw,cb12ae119b9b2ba18d0216e7235b403229e92fd0743ede48fe7f1a2c6f45d594,"{""distance"":5,""physical_error_rate"":0.0005}","{""detection_events"":156798,""detectors_checked"":70877184}"
    211968,         0,         0,    5.86,exact_mw,cb12ae119b9b2ba18d0216e7235b403229e92fd0743ede48fe7f1a2c6f45d594,"{""distance"":5,""physical_error_rate"":0.0005}","{""detection_events"":104636,""detectors_checked"":47480832}"
    628039,         2,         0,    13.0,exact_mw,cb12ae119b9b2ba18d0216e7235b403229e92fd0743ede48fe7f1a2c6f45d594,"{""distance"":5,""physical_error_rate"":0.0005}","{""detection_events"":309743,""detectors_checked"":140680736,""obs_mistake_mask=E"":2}"
    294912,         0,         0,    5.66,exact_mw,cb12ae119b9b2ba18d0216e7235b403229e92fd0743ede48fe7f1a2c6f45d594,"{""distance"":5,""physical_error_rate"":0.0005}","{""detection_events"":144583,""detectors_checked"":66060288}"
    397312,         0,         0,    5.83,exact_mw,cb12ae119b9b2ba18d0216e7235b403229e92fd0743ede48fe7f1a2c6f45d594,"{""distance"":5,""physical_error_rate"":0.0005}","{""detection_events"":197256,""detectors_checked"":88997888}"
    250880,         1,         0,    5.64,exact_mw,cb12ae119b9b2ba18d0216e7235b403229e92fd0743ede48fe7f1a2c6f45d594,"{""distance"":5,""physical_error_rate"":0.0005}","{""detection_events"":122581,""detectors_checked"":56197120,""obs_mistake_mask=E"":1}"
    356352,         1,         0,    7.64,exact_mw,cb12ae119b9b2ba18d0216e7235b403229e92fd0743ede48fe7f1a2c6f45d594,"{""distance"":5,""physical_error_rate"":0.0005}","{""detection_events"":175873,""detectors_checked"":79822848,""obs_mistake_mask=E"":1}"
    318464,         0,         0,    5.57,exact_mw,cb12ae119b9b2ba18d0216e7235b403229e92fd0743ede48fe7f1a2c6f45d594,"{""distance"":5,""physical_error_rate"":0.0005}","{""detection_events"":156600,""detectors_checked"":71335936}"
    362496,         0,         0,    5.72,exact_mw,cb12ae119b9b2ba18d0216e7235b403229e92fd0743ede48fe7f1a2c6f45d594,"{""distance"":5,""physical_error_rate"":0.0005}","{""detection_events"":177796,""detectors_checked"":81199104}"
    564188,         0,         0,    13.5,exact_mw,cb12ae119b9b2ba18d0216e7235b403229e92fd0743ede48fe7f1a2c6f45d594,"{""distance"":5,""physical_error_rate"":0.0005}","{""detection_events"":277341,""detectors_checked"":126378112}"
    225280,         0,         0,    5.75,exact_mw,cb12ae119b9b2ba18d0216e7235b403229e92fd0743ede48fe7f1a2c6f45d594,"{""distance"":5,""physical_error_rate"":0.0005}","{""detection_events"":110739,""detectors_checked"":50462720}"
    562176,         1,         0,    15.2,exact_mw,cb12ae119b9b2ba18d0216e7235b403229e92fd0743ede48fe7f1a2c6f45d594,"{""distance"":5,""physical_error_rate"":0.0005}","{""detection_events"":275867,""detectors_checked"":125927424,""obs_mistake_mask=E"":1}"
    284672,         0,         0,    5.76,exact_mw,cb12ae119b9b2ba18d0216e7235b403229e92fd0743ede48fe7f1a2c6f45d594,"{""distance"":5,""physical_error_rate"":0.0005}","{""detection_events"":140038,""detectors_checked"":63766528}"
    346112,         0,         0,    5.79,exact_mw,cb12ae119b9b2ba18d0216e7235b403229e92fd0743ede48fe7f1a2c6f45d594,"{""distance"":5,""physical_error_rate"":0.0005}","{""detection_events"":169973,""detectors_checked"":77529088}"
    292864,         0,         0,    5.78,exact_mw,cb12ae119b9b2ba18d0216e7235b403229e92fd0743ede48fe7f1a2c6f45d594,"{""distance"":5,""physical_error_rate"":0.0005}","{""detection_events"":142945,""detectors_checked"":65601536}"
    399360,         0,         0,    5.75,exact_mw,cb12ae119b9b2ba18d0216e7235b403229e92fd0743ede48fe7f1a2c6f45d594,"{""distance"":5,""physical_error_rate"":0.0005}","{""detection_events"":196766,""detectors_checked"":89456640}"
    297984,         0,         0,    5.78,exact_mw,cb12ae119b9b2ba18d0216e7235b403229e92fd0743ede48fe7f1a2c6f45d594,"{""distance"":5,""physical_error_rate"":0.0005}","{""detection_events"":147673,""detectors_checked"":66748416}"
    544308,         1,         0,    10.1,exact_mw,cb12ae119b9b2ba18d0216e7235b403229e92fd0743ede48fe7f1a2c6f45d594,"{""distance"":5,""physical_error_rate"":0.0005}","{""detection_events"":266291,""detectors_checked"":121924992,""obs_mistake_mask=E"":1}"
    258048,         0,         0,    5.70,exact_mw,cb12ae119b9b2ba18d0216e7235b403229e92fd0743ede48fe7f1a2c6f45d594,"{""distance"":5,""physical_error_rate"":0.0005}","{""detection_events"":127911,""detectors_checked"":57802752}"
    272384,         0,         0,    5.65,exact_mw,cb12ae119b9b2ba18d0216e7235b403229e92fd0743ede48fe7f1a2c6f45d594,"{""distance"":5,""physical_error_rate"":0.0005}","{""detection_events"":133488,""detectors_checked"":61014016}"
    538624,         0,         0,    7.42,exact_mw,cb12ae119b9b2ba18d0216e7235b403229e92fd0743ede48fe7f1a2c6f45d594,"{""distance"":5,""physical_error_rate"":0.0005}","{""detection_events"":265745,""detectors_checked"":120651776}"
    263168,         0,         0,    5.63,exact_mw,cb12ae119b9b2ba18d0216e7235b403229e92fd0743ede48fe7f1a2c6f45d594,"{""distance"":5,""physical_error_rate"":0.0005}","{""detection_events"":129262,""detectors_checked"":58949632}"
    521240,         0,         0,    9.83,exact_mw,cb12ae119b9b2ba18d0216e7235b403229e92fd0743ede48fe7f1a2c6f45d594,"{""distance"":5,""physical_error_rate"":0.0005}","{""detection_events"":256353,""detectors_checked"":116757760}"
    506760,         0,         0,    7.81,exact_mw,cb12ae119b9b2ba18d0216e7235b403229e92fd0743ede48fe7f1a2c6f45d594,"{""distance"":5,""physical_error_rate"":0.0005}","{""detection_events"":248750,""detectors_checked"":113514240}"
    152576,         0,         0,    3.93,exact_mw,cb12ae119b9b2ba18d0216e7235b403229e92fd0743ede48fe7f1a2c6f45d594,"{""distance"":5,""physical_error_rate"":0.0005}","{""detection_events"":75299,""detectors_checked"":34177024}"
    305152,         0,         0,    5.59,exact_mw,cb12ae119b9b2ba18d0216e7235b403229e92fd0743ede48fe7f1a2c6f45d594,"{""distance"":5,""physical_error_rate"":0.0005}","{""detection_events"":150431,""detectors_checked"":68354048}"
    136192,         0,         0,    5.62,exact_mw,cb12ae119b9b2ba18d0216e7235b403229e92fd0743ede48fe7f1a2c6f45d594,"{""distance"":5,""physical_error_rate"":0.0005}","{""detection_events"":67071,""detectors_checked"":30507008}"
    282624,         0,         0,    5.75,exact_mw,cb12ae119b9b2ba18d0216e7235b403229e92fd0743ede48fe7f1a2c6f45d594,"{""distance"":5,""physical_error_rate"":0.0005}","{""detection_events"":138267,""detectors_checked"":63307776}"
    349184,         0,         0,    5.68,exact_mw,cb12ae119b9b2ba18d0216e7235b403229e92fd0743ede48fe7f1a2c6f45d594,"{""distance"":5,""physical_error_rate"":0.0005}","{""detection_events"":173073,""detectors_checked"":78217216}"
    446464,         0,         0,    7.95,exact_mw,cb12ae119b9b2ba18d0216e7235b403229e92fd0743ede48fe7f1a2c6f45d594,"{""distance"":5,""physical_error_rate"":0.0005}","{""detection_events"":220270,""detectors_checked"":100007936}"
    502801,         0,         0,    8.34,exact_mw,cb12ae119b9b2ba18d0216e7235b403229e92fd0743ede48fe7f1a2c6f45d594,"{""distance"":5,""physical_error_rate"":0.0005}","{""detection_events"":249279,""detectors_checked"":112627424}"
    447488,         0,         0,    7.90,exact_mw,cb12ae119b9b2ba18d0216e7235b403229e92fd0743ede48fe7f1a2c6f45d594,"{""distance"":5,""physical_error_rate"":0.0005}","{""detection_events"":220250,""detectors_checked"":100237312}"
    320512,         0,         0,    5.81,exact_mw,cb12ae119b9b2ba18d0216e7235b403229e92fd0743ede48fe7f1a2c6f45d594,"{""distance"":5,""physical_error_rate"":0.0005}","{""detection_events"":159363,""detectors_checked"":71794688}"
    309248,         0,         0,    5.70,exact_mw,cb12ae119b9b2ba18d0216e7235b403229e92fd0743ede48fe7f1a2c6f45d594,"{""distance"":5,""physical_error_rate"":0.0005}","{""detection_events"":152772,""detectors_checked"":69271552}"
    294912,         0,         0,    5.48,exact_mw,cb12ae119b9b2ba18d0216e7235b403229e92fd0743ede48fe7f1a2c6f45d594,"{""distance"":5,""physical_error_rate"":0.0005}","{""detection_events"":144958,""detectors_checked"":66060288}"
    399360,         0,         0,    5.57,exact_mw,cb12ae119b9b2ba18d0216e7235b403229e92fd0743ede48fe7f1a2c6f45d594,"{""distance"":5,""physical_error_rate"":0.0005}","{""detection_events"":196103,""detectors_checked"":89456640}"
    485809,         0,         0,    6.52,exact_mw,cb12ae119b9b2ba18d0216e7235b403229e92fd0743ede48fe7f1a2c6f45d594,"{""distance"":5,""physical_error_rate"":0.0005}","{""detection_events"":239887,""detectors_checked"":108821216}"
    226304,         0,         0,    5.76,exact_mw,cb12ae119b9b2ba18d0216e7235b403229e92fd0743ede48fe7f1a2c6f45d594,"{""distance"":5,""physical_error_rate"":0.0005}","{""detection_events"":110455,""detectors_checked"":50692096}"
    468173,         0,         0,    6.80,exact_mw,cb12ae119b9b2ba18d0216e7235b403229e92fd0743ede48fe7f1a2c6f45d594,"{""distance"":5,""physical_error_rate"":0.0005}","{""detection_events"":230561,""detectors_checked"":104870752}"
    304128,         0,         0,    5.49,exact_mw,cb12ae119b9b2ba18d0216e7235b403229e92fd0743ede48fe7f1a2c6f45d594,"{""distance"":5,""physical_error_rate"":0.0005}","{""detection_events"":148856,""detectors_checked"":68124672}"
    356352,         0,         0,    7.90,exact_mw,cb12ae119b9b2ba18d0216e7235b403229e92fd0743ede48fe7f1a2c6f45d594,"{""distance"":5,""physical_error_rate"":0.0005}","{""detection_events"":176763,""detectors_checked"":79822848}"
    462748,         0,         0,    6.80,exact_mw,cb12ae119b9b2ba18d0216e7235b403229e92fd0743ede48fe7f1a2c6f45d594,"{""distance"":5,""physical_error_rate"":0.0005}","{""detection_events"":228244,""detectors_checked"":103655552}"
    453972,         0,         0,    6.61,exact_mw,cb12ae119b9b2ba18d0216e7235b403229e92fd0743ede48fe7f1a2c6f45d594,"{""distance"":5,""physical_error_rate"":0.0005}","{""detection_events"":223139,""detectors_checked"":101689728}"
    451584,         0,         0,    10.2,exact_mw,cb12ae119b9b2ba18d0216e7235b403229e92fd0743ede48fe7f1a2c6f45d594,"{""distance"":5,""physical_error_rate"":0.0005}","{""detection_events"":222358,""detectors_checked"":101154816}"
    450426,         0,         0,    9.14,exact_mw,cb12ae119b9b2ba18d0216e7235b403229e92fd0743ede48fe7f1a2c6f45d594,"{""distance"":5,""physical_error_rate"":0.0005}","{""detection_events"":223013,""detectors_checked"":100895424}"
    446464,         1,         0,    9.04,exact_mw,cb12ae119b9b2ba18d0216e7235b403229e92fd0743ede48fe7f1a2c6f45d594,"{""distance"":5,""physical_error_rate"":0.0005}","{""detection_events"":218723,""detectors_checked"":100007936,""obs_mistake_mask=E"":1}"
    448512,         0,         0,    5.39,exact_mw,cb12ae119b9b2ba18d0216e7235b403229e92fd0743ede48fe7f1a2c6f45d594,"{""distance"":5,""physical_error_rate"":0.0005}","{""detection_events"":220508,""detectors_checked"":100466688}"
    445440,         1,         0,    5.87,exact_mw,cb12ae119b9b2ba18d0216e7235b403229e92fd0743ede48fe7f1a2c6f45d594,"{""distance"":5,""physical_error_rate"":0.0005}","{""detection_events"":219888,""detectors_checked"":99778560,""obs_mistake_mask=E"":1}"
    295936,         1,         0,    5.64,exact_mw,cb12ae119b9b2ba18d0216e7235b403229e92fd0743ede48fe7f1a2c6f45d594,"{""distance"":5,""physical_error_rate"":0.0005}","{""detection_events"":146852,""detectors_checked"":66289664,""obs_mistake_mask=E"":1}"
    443379,         1,         0,    11.6,exact_mw,cb12ae119b9b2ba18d0216e7235b403229e92fd0743ede48fe7f1a2c6f45d594,"{""distance"":5,""physical_error_rate"":0.0005}","{""detection_events"":217541,""detectors_checked"":99316896,""obs_mistake_mask=E"":1}"
    441344,         0,         0,    11.3,exact_mw,cb12ae119b9b2ba18d0216e7235b403229e92fd0743ede48fe7f1a2c6f45d594,"{""distance"":5,""physical_error_rate"":0.0005}","{""detection_events"":217243,""detectors_checked"":98861056}"
    432128,         1,         0,    8.20,exact_mw,cb12ae119b9b2ba18d0216e7235b403229e92fd0743ede48fe7f1a2c6f45d594,"{""distance"":5,""physical_error_rate"":0.0005}","{""detection_events"":211848,""detectors_checked"":96796672,""obs_mistake_mask=E"":1}"
    433152,         1,         0,    9.30,exact_mw,cb12ae119b9b2ba18d0216e7235b403229e92fd0743ede48fe7f1a2c6f45d594,"{""distance"":5,""physical_error_rate"":0.0005}","{""detection_events"":214574,""detectors_checked"":97026048,""obs_mistake_mask=E"":1}"
    288768,         0,         0,    5.83,exact_mw,cb12ae119b9b2ba18d0216e7235b403229e92fd0743ede48fe7f1a2c6f45d594,"{""distance"":5,""physical_error_rate"":0.0005}","{""detection_events"":141772,""detectors_checked"":64684032}"
    427131,         0,         0,    8.34,exact_mw,cb12ae119b9b2ba18d0216e7235b403229e92fd0743ede48fe7f1a2c6f45d594,"{""distance"":5,""physical_error_rate"":0.0005}","{""detection_events"":209131,""detectors_checked"":95677344}"
    423936,         0,         0,    8.42,exact_mw,cb12ae119b9b2ba18d0216e7235b403229e92fd0743ede48fe7f1a2c6f45d594,"{""distance"":5,""physical_error_rate"":0.0005}","{""detection_events"":208322,""detectors_checked"":94961664}"
    411648,         0,         0,    8.37,exact_mw,cb12ae119b9b2ba18d0216e7235b403229e92fd0743ede48fe7f1a2c6f45d594,"{""distance"":5,""physical_error_rate"":0.0005}","{""detection_events"":202673,""detectors_checked"":92209152}"
    411330,         0,         0,    7.53,exact_mw,cb12ae119b9b2ba18d0216e7235b403229e92fd0743ede48fe7f1a2c6f45d594,"{""distance"":5,""physical_error_rate"":0.0005}","{""detection_events"":202665,""detectors_checked"":92137920}"
    401589,         0,         0,    6.77,exact_mw,cb12ae119b9b2ba18d0216e7235b403229e92fd0743ede48fe7f1a2c6f45d594,"{""distance"":5,""physical_error_rate"":0.0005}","{""detection_events"":197270,""detectors_checked"":89955936}"
    227328,         0,         0,    5.71,exact_mw,cb12ae119b9b2ba18d0216e7235b403229e92fd0743ede48fe7f1a2c6f45d594,"{""distance"":5,""physical_error_rate"":0.0005}","{""detection_events"":111617,""detectors_checked"":50921472}"
    347136,         0,         0,    5.74,exact_mw,cb12ae119b9b2ba18d0216e7235b403229e92fd0743ede48fe7f1a2c6f45d594,"{""distance"":5,""physical_error_rate"":0.0005}","{""detection_events"":171607,""detectors_checked"":77758464}"
    401589,         0,         0,    7.63,exact_mw,cb12ae119b9b2ba18d0216e7235b403229e92fd0743ede48fe7f1a2c6f45d594,"{""distance"":5,""physical_error_rate"":0.0005}","{""detection_events"":197660,""detectors_checked"":89955936}"
    390826,         0,         0,    6.09,exact_mw,cb12ae119b9b2ba18d0216e7235b403229e92fd0743ede48fe7f1a2c6f45d594,"{""distance"":5,""physical_error_rate"":0.0005}","{""detection_events"":191470,""detectors_checked"":87545024}"
    390826,         0,         0,    8.76,exact_mw,cb12ae119b9b2ba18d0216e7235b403229e92fd0743ede48fe7f1a2c6f45d594,"{""distance"":5,""physical_error_rate"":0.0005}","{""detection_events"":192553,""detectors_checked"":87545024}"
    387772,         0,         0,    8.39,exact_mw,cb12ae119b9b2ba18d0216e7235b403229e92fd0743ede48fe7f1a2c6f45d594,"{""distance"":5,""physical_error_rate"":0.0005}","{""detection_events"":191177,""detectors_checked"":86860928}"
    381952,         0,         0,    6.43,exact_mw,cb12ae119b9b2ba18d0216e7235b403229e92fd0743ede48fe7f1a2c6f45d594,"{""distance"":5,""physical_error_rate"":0.0005}","{""detection_events"":187469,""detectors_checked"":85557248}"
    381690,         0,         0,    4.97,exact_mw,cb12ae119b9b2ba18d0216e7235b403229e92fd0743ede48fe7f1a2c6f45d594,"{""distance"":5,""physical_error_rate"":0.0005}","{""detection_events"":187898,""detectors_checked"":85498560}"
    382976,         0,         0,    10.1,exact_mw,cb12ae119b9b2ba18d0216e7235b403229e92fd0743ede48fe7f1a2c6f45d594,"{""distance"":5,""physical_error_rate"":0.0005}","{""detection_events"":188859,""detectors_checked"":85786624}"
    250880,         0,         0,    5.59,exact_mw,cb12ae119b9b2ba18d0216e7235b403229e92fd0743ede48fe7f1a2c6f45d594,"{""distance"":5,""physical_error_rate"":0.0005}","{""detection_events"":122866,""detectors_checked"":56197120}"
    375724,         0,         0,    6.22,exact_mw,cb12ae119b9b2ba18d0216e7235b403229e92fd0743ede48fe7f1a2c6f45d594,"{""distance"":5,""physical_error_rate"":0.0005}","{""detection_events"":184614,""detectors_checked"":84162176}"
    369664,         1,         0,    6.95,exact_mw,cb12ae119b9b2ba18d0216e7235b403229e92fd0743ede48fe7f1a2c6f45d594,"{""distance"":5,""physical_error_rate"":0.0005}","{""detection_events"":181868,""detectors_checked"":82804736,""obs_mistake_mask=E"":1}"
    367836,         0,         0,    6.42,exact_mw,cb12ae119b9b2ba18d0216e7235b403229e92fd0743ede48fe7f1a2c6f45d594,"{""distance"":5,""physical_error_rate"":0.0005}","{""detection_events"":179859,""detectors_checked"":82395264}"
    362496,         0,         0,    5.91,exact_mw,cb12ae119b9b2ba18d0216e7235b403229e92fd0743ede48fe7f1a2c6f45d594,"{""distance"":5,""physical_error_rate"":0.0005}","{""detection_events"":180030,""detectors_checked"":81199104}"
    375724,         0,         0,    6.99,exact_mw,cb12ae119b9b2ba18d0216e7235b403229e92fd0743ede48fe7f1a2c6f45d594,"{""distance"":5,""physical_error_rate"":0.0005}","{""detection_events"":184187,""detectors_checked"":84162176}"
    367616,         0,         0,    7.04,exact_mw,cb12ae119b9b2ba18d0216e7235b403229e92fd0743ede48fe7f1a2c6f45d594,"{""distance"":5,""physical_error_rate"":0.0005}","{""detection_events"":182606,""detectors_checked"":82345984}"
    364544,         0,         0,    6.15,exact_mw,cb12ae119b9b2ba18d0216e7235b403229e92fd0743ede48fe7f1a2c6f45d594,"{""distance"":5,""physical_error_rate"":0.0005}","{""detection_events"":180683,""detectors_checked"":81657856}"
    365568,         1,         0,    6.54,exact_mw,cb12ae119b9b2ba18d0216e7235b403229e92fd0743ede48fe7f1a2c6f45d594,"{""distance"":5,""physical_error_rate"":0.0005}","{""detection_events"":180076,""detectors_checked"":81887232,""obs_mistake_mask=E"":1}"
    363520,         0,         0,    7.02,exact_mw,cb12ae119b9b2ba18d0216e7235b403229e92fd0743ede48fe7f1a2c6f45d594,"{""distance"":5,""physical_error_rate"":0.0005}","{""detection_events"":178260,""detectors_checked"":81428480}"
    362075,         0,         0,    6.47,exact_mw,cb12ae119b9b2ba18d0216e7235b403229e92fd0743ede48fe7f1a2c6f45d594,"{""distance"":5,""physical_error_rate"":0.0005}","{""detection_events"":177734,""detectors_checked"":81104800}"
    353280,         0,         0,    5.49,exact_mw,cb12ae119b9b2ba18d0216e7235b403229e92fd0743ede48fe7f1a2c6f45d594,"{""distance"":5,""physical_error_rate"":0.0005}","{""detection_events"":174262,""detectors_checked"":79134720}"
    351232,         0,         0,    6.85,exact_mw,cb12ae119b9b2ba18d0216e7235b403229e92fd0743ede48fe7f1a2c6f45d594,"{""distance"":5,""physical_error_rate"":0.0005}","{""detection_events"":172251,""detectors_checked"":78675968}"
    342062,         0,         0,    6.52,exact_mw,cb12ae119b9b2ba18d0216e7235b403229e92fd0743ede48fe7f1a2c6f45d594,"{""distance"":5,""physical_error_rate"":0.0005}","{""detection_events"":167695,""detectors_checked"":76621888}"
    342062,         0,         0,    6.09,exact_mw,cb12ae119b9b2ba18d0216e7235b403229e92fd0743ede48fe7f1a2c6f45d594,"{""distance"":5,""physical_error_rate"":0.0005}","{""detection_events"":167150,""detectors_checked"":76621888}"
    282624,         0,         0,    5.53,exact_mw,cb12ae119b9b2ba18d0216e7235b403229e92fd0743ede48fe7f1a2c6f45d594,"{""distance"":5,""physical_error_rate"":0.0005}","{""detection_events"":139516,""detectors_checked"":63307776}"
    333824,         0,         0,    5.40,exact_mw,cb12ae119b9b2ba18d0216e7235b403229e92fd0743ede48fe7f1a2c6f45d594,"{""distance"":5,""physical_error_rate"":0.0005}","{""detection_events"":165011,""detectors_checked"":74776576}"
    338944,         0,         0,    7.10,exact_mw,cb12ae119b9b2ba18d0216e7235b403229e92fd0743ede48fe7f1a2c6f45d594,"{""distance"":5,""physical_error_rate"":0.0005}","{""detection_events"":165717,""detectors_checked"":75923456}"
    331776,         0,         0,    5.45,exact_mw,cb12ae119b9b2ba18d0216e7235b403229e92fd0743ede48fe7f1a2c6f45d594,"{""distance"":5,""physical_error_rate"":0.0005}","{""detection_events"":163530,""detectors_checked"":74317824}"
    257024,         0,         0,    5.58,exact_mw,cb12ae119b9b2ba18d0216e7235b403229e92fd0743ede48fe7f1a2c6f45d594,"{""distance"":5,""physical_error_rate"":0.0005}","{""detection_events"":126348,""detectors_checked"":57573376}"
    331214,         1,         0,    5.97,exact_mw,cb12ae119b9b2ba18d0216e7235b403229e92fd0743ede48fe7f1a2c6f45d594,"{""distance"":5,""physical_error_rate"":0.0005}","{""detection_events"":163311,""detectors_checked"":74191936,""obs_mistake_mask=E"":1}"
    320512,         0,         0,    5.88,exact_mw,cb12ae119b9b2ba18d0216e7235b403229e92fd0743ede48fe7f1a2c6f45d594,"{""distance"":5,""physical_error_rate"":0.0005}","{""detection_events"":158607,""detectors_checked"":71794688}"
    316562,         0,         0,    5.07,exact_mw,cb12ae119b9b2ba18d0216e7235b403229e92fd0743ede48fe7f1a2c6f45d594,"{""distance"":5,""physical_error_rate"":0.0005}","{""detection_events"":155350,""detectors_checked"":70909888}"
    319488,         0,         0,    5.46,exact_mw,cb12ae119b9b2ba18d0216e7235b403229e92fd0743ede48fe7f1a2c6f45d594,"{""distance"":5,""physical_error_rate"":0.0005}","{""detection_events"":158349,""detectors_checked"":71565312}"
    316562,         0,         0,    5.31,exact_mw,cb12ae119b9b2ba18d0216e7235b403229e92fd0743ede48fe7f1a2c6f45d594,"{""distance"":5,""physical_error_rate"":0.0005}","{""detection_events"":156555,""detectors_checked"":70909888}"
    312320,         0,         0,    5.21,exact_mw,cb12ae119b9b2ba18d0216e7235b403229e92fd0743ede48fe7f1a2c6f45d594,"{""distance"":5,""physical_error_rate"":0.0005}","{""detection_events"":154433,""detectors_checked"":69959680}"
    316562,         1,         0,    6.34,exact_mw,cb12ae119b9b2ba18d0216e7235b403229e92fd0743ede48fe7f1a2c6f45d594,"{""distance"":5,""physical_error_rate"":0.0005}","{""detection_events"":155705,""detectors_checked"":70909888,""obs_mistake_mask=E"":1}"
    318464,         0,         0,    7.04,exact_mw,cb12ae119b9b2ba18d0216e7235b403229e92fd0743ede48fe7f1a2c6f45d594,"{""distance"":5,""physical_error_rate"":0.0005}","{""detection_events"":157821,""detectors_checked"":71335936}"
    322560,         0,         0,    5.30,exact_mw,cb12ae119b9b2ba18d0216e7235b403229e92fd0743ede48fe7f1a2c6f45d594,"{""distance"":5,""physical_error_rate"":0.0005}","{""detection_events"":159234,""detectors_checked"":72253440}"
    320512,         0,         0,    5.09,exact_mw,cb12ae119b9b2ba18d0216e7235b403229e92fd0743ede48fe7f1a2c6f45d594,"{""distance"":5,""physical_error_rate"":0.0005}","{""detection_events"":157815,""detectors_checked"":71794688}"
    325632,         0,         0,    6.52,exact_mw,cb12ae119b9b2ba18d0216e7235b403229e92fd0743ede48fe7f1a2c6f45d594,"{""distance"":5,""physical_error_rate"":0.0005}","{""detection_events"":159533,""detectors_checked"":72941568}"
    319488,         0,         0,    5.66,exact_mw,cb12ae119b9b2ba18d0216e7235b403229e92fd0743ede48fe7f1a2c6f45d594,"{""distance"":5,""physical_error_rate"":0.0005}","{""detection_events"":157079,""detectors_checked"":71565312}"
    315392,         0,         0,    4.44,exact_mw,cb12ae119b9b2ba18d0216e7235b403229e92fd0743ede48fe7f1a2c6f45d594,"{""distance"":5,""physical_error_rate"":0.0005}","{""detection_events"":154115,""detectors_checked"":70647808}"
    318464,         1,         0,    5.15,exact_mw,cb12ae119b9b2ba18d0216e7235b403229e92fd0743ede48fe7f1a2c6f45d594,"{""distance"":5,""physical_error_rate"":0.0005}","{""detection_events"":156505,""detectors_checked"":71335936,""obs_mistake_mask=E"":1}"
    306616,         1,         0,    5.09,exact_mw,cb12ae119b9b2ba18d0216e7235b403229e92fd0743ede48fe7f1a2c6f45d594,"{""distance"":5,""physical_error_rate"":0.0005}","{""detection_events"":149949,""detectors_checked"":68681984,""obs_mistake_mask=E"":1}"
    316562,         1,         0,    5.92,exact_mw,cb12ae119b9b2ba18d0216e7235b403229e92fd0743ede48fe7f1a2c6f45d594,"{""distance"":5,""physical_error_rate"":0.0005}","{""detection_events"":156326,""detectors_checked"":70909888,""obs_mistake_mask=E"":1}"
    316562,         0,         0,    5.39,exact_mw,cb12ae119b9b2ba18d0216e7235b403229e92fd0743ede48fe7f1a2c6f45d594,"{""distance"":5,""physical_error_rate"":0.0005}","{""detection_events"":155397,""detectors_checked"":70909888}"
    301056,         1,         0,    6.49,exact_mw,cb12ae119b9b2ba18d0216e7235b403229e92fd0743ede48fe7f1a2c6f45d594,"{""distance"":5,""physical_error_rate"":0.0005}","{""detection_events"":148454,""detectors_checked"":67436544,""obs_mistake_mask=E"":1}"
    293888,         0,         0,    5.06,exact_mw,cb12ae119b9b2ba18d0216e7235b403229e92fd0743ede48fe7f1a2c6f45d594,"{""distance"":5,""physical_error_rate"":0.0005}","{""detection_events"":144022,""detectors_checked"":65830912}"
    301703,         0,         0,    5.35,exact_mw,cb12ae119b9b2ba18d0216e7235b403229e92fd0743ede48fe7f1a2c6f45d594,"{""distance"":5,""physical_error_rate"":0.0005}","{""detection_events"":148533,""detectors_checked"":67581472}"
    297984,         1,         0,    5.29,exact_mw,cb12ae119b9b2ba18d0216e7235b403229e92fd0743ede48fe7f1a2c6f45d594,"{""distance"":5,""physical_error_rate"":0.0005}","{""detection_events"":146314,""detectors_checked"":66748416,""obs_mistake_mask=E"":1}"
    272384,         0,         0,    5.90,exact_mw,cb12ae119b9b2ba18d0216e7235b403229e92fd0743ede48fe7f1a2c6f45d594,"{""distance"":5,""physical_error_rate"":0.0005}","{""detection_events"":134249,""detectors_checked"":61014016}"
    270336,         0,         0,    4.60,exact_mw,cb12ae119b9b2ba18d0216e7235b403229e92fd0743ede48fe7f1a2c6f45d594,"{""distance"":5,""physical_error_rate"":0.0005}","{""detection_events"":132077,""detectors_checked"":60555264}"
    297984,         0,         0,    4.84,exact_mw,cb12ae119b9b2ba18d0216e7235b403229e92fd0743ede48fe7f1a2c6f45d594,"{""distance"":5,""physical_error_rate"":0.0005}","{""detection_events"":145963,""detectors_checked"":66748416}"
    290816,         0,         0,    5.98,exact_mw,cb12ae119b9b2ba18d0216e7235b403229e92fd0743ede48fe7f1a2c6f45d594,"{""distance"":5,""physical_error_rate"":0.0005}","{""detection_events"":142440,""detectors_checked"":65142784}"
    281600,         0,         0,    4.45,exact_mw,cb12ae119b9b2ba18d0216e7235b403229e92fd0743ede48fe7f1a2c6f45d594,"{""distance"":5,""physical_error_rate"":0.0005}","{""detection_events"":138942,""detectors_checked"":63078400}"
    281803,         1,         0,    5.25,exact_mw,cb12ae119b9b2ba18d0216e7235b403229e92fd0743ede48fe7f1a2c6f45d594,"{""distance"":5,""physical_error_rate"":0.0005}","{""detection_events"":138016,""detectors_checked"":63123872,""obs_mistake_mask=E"":1}"
    281803,         1,         0,    5.88,exact_mw,cb12ae119b9b2ba18d0216e7235b403229e92fd0743ede48fe7f1a2c6f45d594,"{""distance"":5,""physical_error_rate"":0.0005}","{""detection_events"":137913,""detectors_checked"":63123872,""obs_mistake_mask=E"":1}"
    279330,         0,         0,    6.48,exact_mw,cb12ae119b9b2ba18d0216e7235b403229e92fd0743ede48fe7f1a2c6f45d594,"{""distance"":5,""physical_error_rate"":0.0005}","{""detection_events"":137687,""detectors_checked"":62569920}"
    281803,         0,         0,    6.38,exact_mw,cb12ae119b9b2ba18d0216e7235b403229e92fd0743ede48fe7f1a2c6f45d594,"{""distance"":5,""physical_error_rate"":0.0005}","{""detection_events"":138759,""detectors_checked"":63123872}"
    272384,         0,         0,    3.74,exact_mw,cb12ae119b9b2ba18d0216e7235b403229e92fd0743ede48fe7f1a2c6f45d594,"{""distance"":5,""physical_error_rate"":0.0005}","{""detection_events"":134495,""detectors_checked"":61014016}"
    262144,         0,         0,    4.72,exact_mw,cb12ae119b9b2ba18d0216e7235b403229e92fd0743ede48fe7f1a2c6f45d594,"{""distance"":5,""physical_error_rate"":0.0005}","{""detection_events"":129628,""detectors_checked"":58720256}"
    252081,         1,         0,    4.49,exact_mw,cb12ae119b9b2ba18d0216e7235b403229e92fd0743ede48fe7f1a2c6f45d594,"{""distance"":5,""physical_error_rate"":0.0005}","{""detection_events"":123475,""detectors_checked"":56466144,""obs_mistake_mask=E"":1}"
    266240,         0,         0,    4.97,exact_mw,cb12ae119b9b2ba18d0216e7235b403229e92fd0743ede48fe7f1a2c6f45d594,"{""distance"":5,""physical_error_rate"":0.0005}","{""detection_events"":131180,""detectors_checked"":59637760}"
    267264,         0,         0,    5.43,exact_mw,cb12ae119b9b2ba18d0216e7235b403229e92fd0743ede48fe7f1a2c6f45d594,"{""distance"":5,""physical_error_rate"":0.0005}","{""detection_events"":131449,""detectors_checked"":59867136}"
    266240,         0,         0,    4.45,exact_mw,cb12ae119b9b2ba18d0216e7235b403229e92fd0743ede48fe7f1a2c6f45d594,"{""distance"":5,""physical_error_rate"":0.0005}","{""detection_events"":130556,""detectors_checked"":59637760}"
    274432,         0,         0,    4.61,exact_mw,cb12ae119b9b2ba18d0216e7235b403229e92fd0743ede48fe7f1a2c6f45d594,"{""distance"":5,""physical_error_rate"":0.0005}","{""detection_events"":133879,""detectors_checked"":61472768}"
    274432,         0,         0,    4.90,exact_mw,cb12ae119b9b2ba18d0216e7235b403229e92fd0743ede48fe7f1a2c6f45d594,"{""distance"":5,""physical_error_rate"":0.0005}","{""detection_events"":134291,""detectors_checked"":61472768}"
    259072,         0,         0,    5.41,exact_mw,cb12ae119b9b2ba18d0216e7235b403229e92fd0743ede48fe7f1a2c6f45d594,"{""distance"":5,""physical_error_rate"":0.0005}","{""detection_events"":127499,""detectors_checked"":58032128}"
    269312,         0,         0,    4.73,exact_mw,cb12ae119b9b2ba18d0216e7235b403229e92fd0743ede48fe7f1a2c6f45d594,"{""distance"":5,""physical_error_rate"":0.0005}","{""detection_events"":132742,""detectors_checked"":60325888}"
    267264,         0,         0,    4.08,exact_mw,cb12ae119b9b2ba18d0216e7235b403229e92fd0743ede48fe7f1a2c6f45d594,"{""distance"":5,""physical_error_rate"":0.0005}","{""detection_events"":131656,""detectors_checked"":59867136}"
    266240,         0,         0,    5.41,exact_mw,cb12ae119b9b2ba18d0216e7235b403229e92fd0743ede48fe7f1a2c6f45d594,"{""distance"":5,""physical_error_rate"":0.0005}","{""detection_events"":131034,""detectors_checked"":59637760}"
    261120,         0,         0,    5.57,exact_mw,cb12ae119b9b2ba18d0216e7235b403229e92fd0743ede48fe7f1a2c6f45d594,"{""distance"":5,""physical_error_rate"":0.0005}","{""detection_events"":129517,""detectors_checked"":58490880}"
    264192,         0,         0,    4.78,exact_mw,cb12ae119b9b2ba18d0216e7235b403229e92fd0743ede48fe7f1a2c6f45d594,"{""distance"":5,""physical_error_rate"":0.0005}","{""detection_events"":129919,""detectors_checked"":59179008}"
    254282,         0,         0,    4.35,exact_mw,cb12ae119b9b2ba18d0216e7235b403229e92fd0743ede48fe7f1a2c6f45d594,"{""distance"":5,""physical_error_rate"":0.0005}","{""detection_events"":124820,""detectors_checked"":56959168}"
    254282,         0,         0,    4.90,exact_mw,cb12ae119b9b2ba18d0216e7235b403229e92fd0743ede48fe7f1a2c6f45d594,"{""distance"":5,""physical_error_rate"":0.0005}","{""detection_events"":126084,""detectors_checked"":56959168}"
    247697,         0,         0,    4.60,exact_mw,cb12ae119b9b2ba18d0216e7235b403229e92fd0743ede48fe7f1a2c6f45d594,"{""distance"":5,""physical_error_rate"":0.0005}","{""detection_events"":121459,""detectors_checked"":55484128}"
    279552,         0,         0,    4.83,exact_mw,cb12ae119b9b2ba18d0216e7235b403229e92fd0743ede48fe7f1a2c6f45d594,"{""distance"":5,""physical_error_rate"":0.0005}","{""detection_events"":137451,""detectors_checked"":62619648}"
    228352,         0,         0,    4.38,exact_mw,cb12ae119b9b2ba18d0216e7235b403229e92fd0743ede48fe7f1a2c6f45d594,"{""distance"":5,""physical_error_rate"":0.0005}","{""detection_events"":112967,""detectors_checked"":51150848}"
    220160,         0,         0,    4.87,exact_mw,cb12ae119b9b2ba18d0216e7235b403229e92fd0743ede48fe7f1a2c6f45d594,"{""distance"":5,""physical_error_rate"":0.0005}","{""detection_events"":108482,""detectors_checked"":49315840}"
    225280,         0,         0,    4.27,exact_mw,cb12ae119b9b2ba18d0216e7235b403229e92fd0743ede48fe7f1a2c6f45d594,"{""distance"":5,""physical_error_rate"":0.0005}","{""detection_events"":109717,""detectors_checked"":50462720}"
    240640,         0,         0,    4.69,exact_mw,cb12ae119b9b2ba18d0216e7235b403229e92fd0743ede48fe7f1a2c6f45d594,"{""distance"":5,""physical_error_rate"":0.0005}","{""detection_events"":118598,""detectors_checked"":53903360}"
    245760,         0,         0,    4.65,exact_mw,cb12ae119b9b2ba18d0216e7235b403229e92fd0743ede48fe7f1a2c6f45d594,"{""distance"":5,""physical_error_rate"":0.0005}","{""detection_events"":120988,""detectors_checked"":55050240}"
    217088,         0,         0,    3.20,exact_mw,cb12ae119b9b2ba18d0216e7235b403229e92fd0743ede48fe7f1a2c6f45d594,"{""distance"":5,""physical_error_rate"":0.0005}","{""detection_events"":107401,""detectors_checked"":48627712}"
    227328,         0,         0,    3.84,exact_mw,cb12ae119b9b2ba18d0216e7235b403229e92fd0743ede48fe7f1a2c6f45d594,"{""distance"":5,""physical_error_rate"":0.0005}","{""detection_events"":111436,""detectors_checked"":50921472}"
    243712,         0,         0,    4.96,exact_mw,cb12ae119b9b2ba18d0216e7235b403229e92fd0743ede48fe7f1a2c6f45d594,"{""distance"":5,""physical_error_rate"":0.0005}","{""detection_events"":120157,""detectors_checked"":54591488}"
    237568,         0,         0,    5.85,exact_mw,cb12ae119b9b2ba18d0216e7235b403229e92fd0743ede48fe7f1a2c6f45d594,"{""distance"":5,""physical_error_rate"":0.0005}","{""detection_events"":117294,""detectors_checked"":53215232}"
    216629,         0,         0,    4.49,exact_mw,cb12ae119b9b2ba18d0216e7235b403229e92fd0743ede48fe7f1a2c6f45d594,"{""distance"":5,""physical_error_rate"":0.0005}","{""detection_events"":107548,""detectors_checked"":48524896}"
    253952,         0,         0,    4.48,exact_mw,cb12ae119b9b2ba18d0216e7235b403229e92fd0743ede48fe7f1a2c6f45d594,"{""distance"":5,""physical_error_rate"":0.0005}","{""detection_events"":124571,""detectors_checked"":56885248}"
    241664,         0,         0,    4.80,exact_mw,cb12ae119b9b2ba18d0216e7235b403229e92fd0743ede48fe7f1a2c6f45d594,"{""distance"":5,""physical_error_rate"":0.0005}","{""detection_events"":119526,""detectors_checked"":54132736}"
    234496,         0,         0,    4.59,exact_mw,cb12ae119b9b2ba18d0216e7235b403229e92fd0743ede48fe7f1a2c6f45d594,"{""distance"":5,""physical_error_rate"":0.0005}","{""detection_events"":115286,""detectors_checked"":52527104}"
    204800,         0,         0,    4.27,exact_mw,cb12ae119b9b2ba18d0216e7235b403229e92fd0743ede48fe7f1a2c6f45d594,"{""distance"":5,""physical_error_rate"":0.0005}","{""detection_events"":100932,""detectors_checked"":45875200}"
    212992,         0,         0,    7.19,exact_mw,cb12ae119b9b2ba18d0216e7235b403229e92fd0743ede48fe7f1a2c6f45d594,"{""distance"":5,""physical_error_rate"":0.0005}","{""detection_events"":104293,""detectors_checked"":47710208}"
    197632,         0,         0,    3.77,exact_mw,cb12ae119b9b2ba18d0216e7235b403229e92fd0743ede48fe7f1a2c6f45d594,"{""distance"":5,""physical_error_rate"":0.0005}","{""detection_events"":97471,""detectors_checked"":44269568}"
    208896,         0,         0,    3.64,exact_mw,cb12ae119b9b2ba18d0216e7235b403229e92fd0743ede48fe7f1a2c6f45d594,"{""distance"":5,""physical_error_rate"":0.0005}","{""detection_events"":103003,""detectors_checked"":46792704}"
    215040,         0,         0,    4.83,exact_mw,cb12ae119b9b2ba18d0216e7235b403229e92fd0743ede48fe7f1a2c6f45d594,"{""distance"":5,""physical_error_rate"":0.0005}","{""detection_events"":104616,""detectors_checked"":48168960}"
    202752,         0,         0,    4.28,exact_mw,cb12ae119b9b2ba18d0216e7235b403229e92fd0743ede48fe7f1a2c6f45d594,"{""distance"":5,""physical_error_rate"":0.0005}","{""detection_events"":99605,""detectors_checked"":45416448}"
    202752,         0,         0,    3.11,exact_mw,cb12ae119b9b2ba18d0216e7235b403229e92fd0743ede48fe7f1a2c6f45d594,"{""distance"":5,""physical_error_rate"":0.0005}","{""detection_events"":100345,""detectors_checked"":45416448}"
    212992,         0,         0,    3.79,exact_mw,cb12ae119b9b2ba18d0216e7235b403229e92fd0743ede48fe7f1a2c6f45d594,"{""distance"":5,""physical_error_rate"":0.0005}","{""detection_events"":105479,""detectors_checked"":47710208}"
    206848,         0,         0,    3.47,exact_mw,cb12ae119b9b2ba18d0216e7235b403229e92fd0743ede48fe7f1a2c6f45d594,"{""distance"":5,""physical_error_rate"":0.0005}","{""detection_events"":101991,""detectors_checked"":46333952}"
    197632,         0,         0,    4.38,exact_mw,cb12ae119b9b2ba18d0216e7235b403229e92fd0743ede48fe7f1a2c6f45d594,"{""distance"":5,""physical_error_rate"":0.0005}","{""detection_events"":97496,""detectors_checked"":44269568}"
    216629,         0,         0,    3.79,exact_mw,cb12ae119b9b2ba18d0216e7235b403229e92fd0743ede48fe7f1a2c6f45d594,"{""distance"":5,""physical_error_rate"":0.0005}","{""detection_events"":106147,""detectors_checked"":48524896}"
    169026,         0,         0,    4.64,exact_mw,cb12ae119b9b2ba18d0216e7235b403229e92fd0743ede48fe7f1a2c6f45d594,"{""distance"":5,""physical_error_rate"":0.0005}","{""detection_events"":83604,""detectors_checked"":37861824}"
    186368,         0,         0,    3.55,exact_mw,cb12ae119b9b2ba18d0216e7235b403229e92fd0743ede48fe7f1a2c6f45d594,"{""distance"":5,""physical_error_rate"":0.0005}","{""detection_events"":90698,""detectors_checked"":41746432}"
    169026,         0,         0,    2.19,exact_mw,cb12ae119b9b2ba18d0216e7235b403229e92fd0743ede48fe7f1a2c6f45d594,"{""distance"":5,""physical_error_rate"":0.0005}","{""detection_events"":82873,""detectors_checked"":37861824}"
    192512,         0,         0,    4.88,exact_mw,cb12ae119b9b2ba18d0216e7235b403229e92fd0743ede48fe7f1a2c6f45d594,"{""distance"":5,""physical_error_rate"":0.0005}","{""detection_events"":95656,""detectors_checked"":43122688}"
    185344,         0,         0,    2.62,exact_mw,cb12ae119b9b2ba18d0216e7235b403229e92fd0743ede48fe7f1a2c6f45d594,"{""distance"":5,""physical_error_rate"":0.0005}","{""detection_events"":91758,""detectors_checked"":41517056}"
    176128,         0,         0,    4.72,exact_mw,cb12ae119b9b2ba18d0216e7235b403229e92fd0743ede48fe7f1a2c6f45d594,"{""distance"":5,""physical_error_rate"":0.0005}","{""detection_events"":86257,""detectors_checked"":39452672}"
    169026,         0,         0,    3.82,exact_mw,cb12ae119b9b2ba18d0216e7235b403229e92fd0743ede48fe7f1a2c6f45d594,"{""distance"":5,""physical_error_rate"":0.0005}","{""detection_events"":82346,""detectors_checked"":37861824}"
    164864,         0,         0,    2.72,exact_mw,cb12ae119b9b2ba18d0216e7235b403229e92fd0743ede48fe7f1a2c6f45d594,"{""distance"":5,""physical_error_rate"":0.0005}","{""detection_events"":81260,""detectors_checked"":36929536}"
    161792,         0,         0,    2.57,exact_mw,cb12ae119b9b2ba18d0216e7235b403229e92fd0743ede48fe7f1a2c6f45d594,"{""distance"":5,""physical_error_rate"":0.0005}","{""detection_events"":78982,""detectors_checked"":36241408}"
    162816,         0,         0,    4.78,exact_mw,cb12ae119b9b2ba18d0216e7235b403229e92fd0743ede48fe7f1a2c6f45d594,"{""distance"":5,""physical_error_rate"":0.0005}","{""detection_events"":80089,""detectors_checked"":36470784}"
    166912,         0,         0,    2.40,exact_mw,cb12ae119b9b2ba18d0216e7235b403229e92fd0743ede48fe7f1a2c6f45d594,"{""distance"":5,""physical_error_rate"":0.0005}","{""detection_events"":81496,""detectors_checked"":37388288}"
    159281,         0,         0,    2.43,exact_mw,cb12ae119b9b2ba18d0216e7235b403229e92fd0743ede48fe7f1a2c6f45d594,"{""distance"":5,""physical_error_rate"":0.0005}","{""detection_events"":78753,""detectors_checked"":35678944}"
    159281,         0,         0,    2.78,exact_mw,cb12ae119b9b2ba18d0216e7235b403229e92fd0743ede48fe7f1a2c6f45d594,"{""distance"":5,""physical_error_rate"":0.0005}","{""detection_events"":78068,""detectors_checked"":35678944}"
    158720,         1,         0,    2.85,exact_mw,cb12ae119b9b2ba18d0216e7235b403229e92fd0743ede48fe7f1a2c6f45d594,"{""distance"":5,""physical_error_rate"":0.0005}","{""detection_events"":78677,""detectors_checked"":35553280,""obs_mistake_mask=E"":1}"
    152909,         0,         0,    2.34,exact_mw,cb12ae119b9b2ba18d0216e7235b403229e92fd0743ede48fe7f1a2c6f45d594,"{""distance"":5,""physical_error_rate"":0.0005}","{""detection_events"":75603,""detectors_checked"":34251616}"
    151552,         0,         0,    3.76,exact_mw,cb12ae119b9b2ba18d0216e7235b403229e92fd0743ede48fe7f1a2c6f45d594,"{""distance"":5,""physical_error_rate"":0.0005}","{""detection_events"":74611,""detectors_checked"":33947648}"
    149230,         0,         0,    2.42,exact_mw,cb12ae119b9b2ba18d0216e7235b403229e92fd0743ede48fe7f1a2c6f45d594,"{""distance"":5,""physical_error_rate"":0.0005}","{""detection_events"":73279,""detectors_checked"":33427520}"
    147456,         0,         0,    1.79,exact_mw,cb12ae119b9b2ba18d0216e7235b403229e92fd0743ede48fe7f1a2c6f45d594,"{""distance"":5,""physical_error_rate"":0.0005}","{""detection_events"":71759,""detectors_checked"":33030144}"
    146880,         0,         0,    2.41,exact_mw,cb12ae119b9b2ba18d0216e7235b403229e92fd0743ede48fe7f1a2c6f45d594,"{""distance"":5,""physical_error_rate"":0.0005}","{""detection_events"":73206,""detectors_checked"":32901120}"
    144580,         0,         0,    2.13,exact_mw,cb12ae119b9b2ba18d0216e7235b403229e92fd0743ede48fe7f1a2c6f45d594,"{""distance"":5,""physical_error_rate"":0.0005}","{""detection_events"":71403,""detectors_checked"":32385920}"
    145408,         0,         0,    2.77,exact_mw,cb12ae119b9b2ba18d0216e7235b403229e92fd0743ede48fe7f1a2c6f45d594,"{""distance"":5,""physical_error_rate"":0.0005}","{""detection_events"":72196,""detectors_checked"":32571392}"
    145408,         0,         0,    2.40,exact_mw,cb12ae119b9b2ba18d0216e7235b403229e92fd0743ede48fe7f1a2c6f45d594,"{""distance"":5,""physical_error_rate"":0.0005}","{""detection_events"":72111,""detectors_checked"":32571392}"
    145408,         0,         0,    1.94,exact_mw,cb12ae119b9b2ba18d0216e7235b403229e92fd0743ede48fe7f1a2c6f45d594,"{""distance"":5,""physical_error_rate"":0.0005}","{""detection_events"":70760,""detectors_checked"":32571392}"
    145408,         0,         0,    2.02,exact_mw,cb12ae119b9b2ba18d0216e7235b403229e92fd0743ede48fe7f1a2c6f45d594,"{""distance"":5,""physical_error_rate"":0.0005}","{""detection_events"":71543,""detectors_checked"":32571392}"
    143451,         0,         0,    1.95,exact_mw,cb12ae119b9b2ba18d0216e7235b403229e92fd0743ede48fe7f1a2c6f45d594,"{""distance"":5,""physical_error_rate"":0.0005}","{""detection_events"":70976,""detectors_checked"":32133024}"
    142336,         0,         0,    2.10,exact_mw,cb12ae119b9b2ba18d0216e7235b403229e92fd0743ede48fe7f1a2c6f45d594,"{""distance"":5,""physical_error_rate"":0.0005}","{""detection_events"":69948,""detectors_checked"":31883264}"
    137786,         0,         0,    2.57,exact_mw,cb12ae119b9b2ba18d0216e7235b403229e92fd0743ede48fe7f1a2c6f45d594,"{""distance"":5,""physical_error_rate"":0.0005}","{""detection_events"":67898,""detectors_checked"":30864064}"
    135597,         0,         0,    1.58,exact_mw,cb12ae119b9b2ba18d0216e7235b403229e92fd0743ede48fe7f1a2c6f45d594,"{""distance"":5,""physical_error_rate"":0.0005}","{""detection_events"":66704,""detectors_checked"":30373728}"
    135168,         0,         0,    2.37,exact_mw,cb12ae119b9b2ba18d0216e7235b403229e92fd0743ede48fe7f1a2c6f45d594,"{""distance"":5,""physical_error_rate"":0.0005}","{""detection_events"":66427,""detectors_checked"":30277632}"
    134538,         0,         0,    2.29,exact_mw,cb12ae119b9b2ba18d0216e7235b403229e92fd0743ede48fe7f1a2c6f45d594,"{""distance"":5,""physical_error_rate"":0.0005}","{""detection_events"":65661,""detectors_checked"":30136512}"
    134538,         0,         0,    2.16,exact_mw,cb12ae119b9b2ba18d0216e7235b403229e92fd0743ede48fe7f1a2c6f45d594,"{""distance"":5,""physical_error_rate"":0.0005}","{""detection_events"":66692,""detectors_checked"":30136512}"
    134538,         0,         0,    1.97,exact_mw,cb12ae119b9b2ba18d0216e7235b403229e92fd0743ede48fe7f1a2c6f45d594,"{""distance"":5,""physical_error_rate"":0.0005}","{""detection_events"":65214,""detectors_checked"":30136512}"
    133120,         0,         0,    2.21,exact_mw,cb12ae119b9b2ba18d0216e7235b403229e92fd0743ede48fe7f1a2c6f45d594,"{""distance"":5,""physical_error_rate"":0.0005}","{""detection_events"":65107,""detectors_checked"":29818880}"
    134144,         0,         0,    2.17,exact_mw,cb12ae119b9b2ba18d0216e7235b403229e92fd0743ede48fe7f1a2c6f45d594,"{""distance"":5,""physical_error_rate"":0.0005}","{""detection_events"":66014,""detectors_checked"":30048256}"
    130329,         0,         0,    1.92,exact_mw,cb12ae119b9b2ba18d0216e7235b403229e92fd0743ede48fe7f1a2c6f45d594,"{""distance"":5,""physical_error_rate"":0.0005}","{""detection_events"":63747,""detectors_checked"":29193696}"
    130329,         0,         0,    2.24,exact_mw,cb12ae119b9b2ba18d0216e7235b403229e92fd0743ede48fe7f1a2c6f45d594,"{""distance"":5,""physical_error_rate"":0.0005}","{""detection_events"":64617,""detectors_checked"":29193696}"
    127223,         0,         0,    1.78,exact_mw,cb12ae119b9b2ba18d0216e7235b403229e92fd0743ede48fe7f1a2c6f45d594,"{""distance"":5,""physical_error_rate"":0.0005}","{""detection_events"":62115,""detectors_checked"":28497952}"
    127223,         1,         0,    2.00,exact_mw,cb12ae119b9b2ba18d0216e7235b403229e92fd0743ede48fe7f1a2c6f45d594,"{""distance"":5,""physical_error_rate"":0.0005}","{""detection_events"":62652,""detectors_checked"":28497952,""obs_mistake_mask=E"":1}"
    127223,         0,         0,    1.64,exact_mw,cb12ae119b9b2ba18d0216e7235b403229e92fd0743ede48fe7f1a2c6f45d594,"{""distance"":5,""physical_error_rate"":0.0005}","{""detection_events"":62788,""detectors_checked"":28497952}"
    130048,         0,         0,    1.96,exact_mw,cb12ae119b9b2ba18d0216e7235b403229e92fd0743ede48fe7f1a2c6f45d594,"{""distance"":5,""physical_error_rate"":0.0005}","{""detection_events"":64348,""detectors_checked"":29130752}"
    126976,         0,         0,    1.83,exact_mw,cb12ae119b9b2ba18d0216e7235b403229e92fd0743ede48fe7f1a2c6f45d594,"{""distance"":5,""physical_error_rate"":0.0005}","{""detection_events"":63048,""detectors_checked"":28442624}"
    125952,         0,         0,    1.54,exact_mw,cb12ae119b9b2ba18d0216e7235b403229e92fd0743ede48fe7f1a2c6f45d594,"{""distance"":5,""physical_error_rate"":0.0005}","{""detection_events"":61569,""detectors_checked"":28213248}"
    124217,         0,         0,    1.71,exact_mw,cb12ae119b9b2ba18d0216e7235b403229e92fd0743ede48fe7f1a2c6f45d594,"{""distance"":5,""physical_error_rate"":0.0005}","{""detection_events"":61655,""detectors_checked"":27824608}"
    121856,         0,         0,    1.83,exact_mw,cb12ae119b9b2ba18d0216e7235b403229e92fd0743ede48fe7f1a2c6f45d594,"{""distance"":5,""physical_error_rate"":0.0005}","{""detection_events"":59348,""detectors_checked"":27295744}"
    120832,         0,         0,    1.96,exact_mw,cb12ae119b9b2ba18d0216e7235b403229e92fd0743ede48fe7f1a2c6f45d594,"{""distance"":5,""physical_error_rate"":0.0005}","{""detection_events"":59014,""detectors_checked"":27066368}"
    124217,         0,         0,    2.46,exact_mw,cb12ae119b9b2ba18d0216e7235b403229e92fd0743ede48fe7f1a2c6f45d594,"{""distance"":5,""physical_error_rate"":0.0005}","{""detection_events"":61553,""detectors_checked"":27824608}"
    122880,         0,         0,    2.17,exact_mw,cb12ae119b9b2ba18d0216e7235b403229e92fd0743ede48fe7f1a2c6f45d594,"{""distance"":5,""physical_error_rate"":0.0005}","{""detection_events"":60409,""detectors_checked"":27525120}"
    119260,         0,         0,    1.59,exact_mw,cb12ae119b9b2ba18d0216e7235b403229e92fd0743ede48fe7f1a2c6f45d594,"{""distance"":5,""physical_error_rate"":0.0005}","{""detection_events"":58613,""detectors_checked"":26714240}"
    114502,         0,         0,    1.67,exact_mw,cb12ae119b9b2ba18d0216e7235b403229e92fd0743ede48fe7f1a2c6f45d594,"{""distance"":5,""physical_error_rate"":0.0005}","{""detection_events"":56738,""detectors_checked"":25648448}"
    116736,         0,         0,    2.12,exact_mw,cb12ae119b9b2ba18d0216e7235b403229e92fd0743ede48fe7f1a2c6f45d594,"{""distance"":5,""physical_error_rate"":0.0005}","{""detection_events"":56807,""detectors_checked"":26148864}"
    115712,         1,         0,    2.12,exact_mw,cb12ae119b9b2ba18d0216e7235b403229e92fd0743ede48fe7f1a2c6f45d594,"{""distance"":5,""physical_error_rate"":0.0005}","{""detection_events"":56601,""detectors_checked"":25919488,""obs_mistake_mask=E"":1}"
    114502,         0,         0,    1.56,exact_mw,cb12ae119b9b2ba18d0216e7235b403229e92fd0743ede48fe7f1a2c6f45d594,"{""distance"":5,""physical_error_rate"":0.0005}","{""detection_events"":56848,""detectors_checked"":25648448}"
    111616,         0,         0,    1.66,exact_mw,cb12ae119b9b2ba18d0216e7235b403229e92fd0743ede48fe7f1a2c6f45d594,"{""distance"":5,""physical_error_rate"":0.0005}","{""detection_events"":54781,""detectors_checked"":25001984}"
    113608,         0,         0,    2.15,exact_mw,cb12ae119b9b2ba18d0216e7235b403229e92fd0743ede48fe7f1a2c6f45d594,"{""distance"":5,""physical_error_rate"":0.0005}","{""detection_events"":55981,""detectors_checked"":25448192}"
    110592,         0,         0,    1.53,exact_mw,cb12ae119b9b2ba18d0216e7235b403229e92fd0743ede48fe7f1a2c6f45d594,"{""distance"":5,""physical_error_rate"":0.0005}","{""detection_events"":54167,""detectors_checked"":24772608}"
    109137,         0,         0,    1.67,exact_mw,cb12ae119b9b2ba18d0216e7235b403229e92fd0743ede48fe7f1a2c6f45d594,"{""distance"":5,""physical_error_rate"":0.0005}","{""detection_events"":53508,""detectors_checked"":24446688}"
    110592,         0,         0,    1.70,exact_mw,cb12ae119b9b2ba18d0216e7235b403229e92fd0743ede48fe7f1a2c6f45d594,"{""distance"":5,""physical_error_rate"":0.0005}","{""detection_events"":54230,""detectors_checked"":24772608}"
    109568,         0,         0,    2.19,exact_mw,cb12ae119b9b2ba18d0216e7235b403229e92fd0743ede48fe7f1a2c6f45d594,"{""distance"":5,""physical_error_rate"":0.0005}","{""detection_events"":54023,""detectors_checked"":24543232}"
    109137,         0,         0,    1.55,exact_mw,cb12ae119b9b2ba18d0216e7235b403229e92fd0743ede48fe7f1a2c6f45d594,"{""distance"":5,""physical_error_rate"":0.0005}","{""detection_events"":53803,""detectors_checked"":24446688}"
    109137,         0,         0,    1.56,exact_mw,cb12ae119b9b2ba18d0216e7235b403229e92fd0743ede48fe7f1a2c6f45d594,"{""distance"":5,""physical_error_rate"":0.0005}","{""detection_events"":54688,""detectors_checked"":24446688}"
    107520,         0,         0,    1.68,exact_mw,cb12ae119b9b2ba18d0216e7235b403229e92fd0743ede48fe7f1a2c6f45d594,"{""distance"":5,""physical_error_rate"":0.0005}","{""detection_events"":52556,""detectors_checked"":24084480}"
    109137,         0,         0,    1.68,exact_mw,cb12ae119b9b2ba18d0216e7235b403229e92fd0743ede48fe7f1a2c6f45d594,"{""distance"":5,""physical_error_rate"":0.0005}","{""detection_events"":53312,""detectors_checked"":24446688}"
    107520,         0,         0,    1.88,exact_mw,cb12ae119b9b2ba18d0216e7235b403229e92fd0743ede48fe7f1a2c6f45d594,"{""distance"":5,""physical_error_rate"":0.0005}","{""detection_events"":52017,""detectors_checked"":24084480}"
    104848,         0,         0,    1.60,exact_mw,cb12ae119b9b2ba18d0216e7235b403229e92fd0743ede48fe7f1a2c6f45d594,"{""distance"":5,""physical_error_rate"":0.0005}","{""detection_events"":50956,""detectors_checked"":23485952}"
    109137,         0,         0,    1.69,exact_mw,cb12ae119b9b2ba18d0216e7235b403229e92fd0743ede48fe7f1a2c6f45d594,"{""distance"":5,""physical_error_rate"":0.0005}","{""detection_events"":54208,""detectors_checked"":24446688}"
    105472,         0,         0,    1.71,exact_mw,cb12ae119b9b2ba18d0216e7235b403229e92fd0743ede48fe7f1a2c6f45d594,"{""distance"":5,""physical_error_rate"":0.0005}","{""detection_events"":51672,""detectors_checked"":23625728}"
    107520,         0,         0,    1.93,exact_mw,cb12ae119b9b2ba18d0216e7235b403229e92fd0743ede48fe7f1a2c6f45d594,"{""distance"":5,""physical_error_rate"":0.0005}","{""detection_events"":52641,""detectors_checked"":24084480}"
    102303,         0,         0,    1.81,exact_mw,cb12ae119b9b2ba18d0216e7235b403229e92fd0743ede48fe7f1a2c6f45d594,"{""distance"":5,""physical_error_rate"":0.0005}","{""detection_events"":50683,""detectors_checked"":22915872}"
    104848,         1,         0,    1.92,exact_mw,cb12ae119b9b2ba18d0216e7235b403229e92fd0743ede48fe7f1a2c6f45d594,"{""distance"":5,""physical_error_rate"":0.0005}","{""detection_events"":52082,""detectors_checked"":23485952,""obs_mistake_mask=E"":1}"
    104448,         0,         0,    1.63,exact_mw,cb12ae119b9b2ba18d0216e7235b403229e92fd0743ede48fe7f1a2c6f45d594,"{""distance"":5,""physical_error_rate"":0.0005}","{""detection_events"":51637,""detectors_checked"":23396352}"
    104848,         0,         0,    2.19,exact_mw,cb12ae119b9b2ba18d0216e7235b403229e92fd0743ede48fe7f1a2c6f45d594,"{""distance"":5,""physical_error_rate"":0.0005}","{""detection_events"":51453,""detectors_checked"":23485952}"
    102303,         1,         0,    1.58,exact_mw,cb12ae119b9b2ba18d0216e7235b403229e92fd0743ede48fe7f1a2c6f45d594,"{""distance"":5,""physical_error_rate"":0.0005}","{""detection_events"":49932,""detectors_checked"":22915872,""obs_mistake_mask=E"":1}"
    103424,         0,         0,    1.90,exact_mw,cb12ae119b9b2ba18d0216e7235b403229e92fd0743ede48fe7f1a2c6f45d594,"{""distance"":5,""physical_error_rate"":0.0005}","{""detection_events"":51183,""detectors_checked"":23166976}"
    107520,         0,         0,    2.30,exact_mw,cb12ae119b9b2ba18d0216e7235b403229e92fd0743ede48fe7f1a2c6f45d594,"{""distance"":5,""physical_error_rate"":0.0005}","{""detection_events"":52840,""detectors_checked"":24084480}"
     99791,         0,         0,    1.74,exact_mw,cb12ae119b9b2ba18d0216e7235b403229e92fd0743ede48fe7f1a2c6f45d594,"{""distance"":5,""physical_error_rate"":0.0005}","{""detection_events"":49332,""detectors_checked"":22353184}"
    104448,         0,         0,    1.78,exact_mw,cb12ae119b9b2ba18d0216e7235b403229e92fd0743ede48fe7f1a2c6f45d594,"{""distance"":5,""physical_error_rate"":0.0005}","{""detection_events"":50681,""detectors_checked"":23396352}"
     96256,         0,         0,    1.64,exact_mw,cb12ae119b9b2ba18d0216e7235b403229e92fd0743ede48fe7f1a2c6f45d594,"{""distance"":5,""physical_error_rate"":0.0005}","{""detection_events"":47657,""detectors_checked"":21561344}"
    102303,         0,         0,    1.85,exact_mw,cb12ae119b9b2ba18d0216e7235b403229e92fd0743ede48fe7f1a2c6f45d594,"{""distance"":5,""physical_error_rate"":0.0005}","{""detection_events"":50965,""detectors_checked"":22915872}"
     96509,         0,         0,    1.67,exact_mw,cb12ae119b9b2ba18d0216e7235b403229e92fd0743ede48fe7f1a2c6f45d594,"{""distance"":5,""physical_error_rate"":0.0005}","{""detection_events"":47105,""detectors_checked"":21618016}"
     95232,         1,         0,    1.65,exact_mw,cb12ae119b9b2ba18d0216e7235b403229e92fd0743ede48fe7f1a2c6f45d594,"{""distance"":5,""physical_error_rate"":0.0005}","{""detection_events"":47031,""detectors_checked"":21331968,""obs_mistake_mask=E"":1}"
    103424,         1,         0,    1.76,exact_mw,cb12ae119b9b2ba18d0216e7235b403229e92fd0743ede48fe7f1a2c6f45d594,"{""distance"":5,""physical_error_rate"":0.0005}","{""detection_events"":50734,""detectors_checked"":23166976,""obs_mistake_mask=E"":1}"
     94208,         0,         0,    1.63,exact_mw,cb12ae119b9b2ba18d0216e7235b403229e92fd0743ede48fe7f1a2c6f45d594,"{""distance"":5,""physical_error_rate"":0.0005}","{""detection_events"":45960,""detectors_checked"":21102592}"
     97280,         0,         0,    1.53,exact_mw,cb12ae119b9b2ba18d0216e7235b403229e92fd0743ede48fe7f1a2c6f45d594,"{""distance"":5,""physical_error_rate"":0.0005}","{""detection_events"":48083,""detectors_checked"":21790720}"
     92160,         0,         0,    1.77,exact_mw,cb12ae119b9b2ba18d0216e7235b403229e92fd0743ede48fe7f1a2c6f45d594,"{""distance"":5,""physical_error_rate"":0.0005}","{""detection_events"":45082,""detectors_checked"":20643840}"
     92160,         0,         0,    1.67,exact_mw,cb12ae119b9b2ba18d0216e7235b403229e92fd0743ede48fe7f1a2c6f45d594,"{""distance"":5,""physical_error_rate"":0.0005}","{""detection_events"":45899,""detectors_checked"":20643840}"
     94208,         0,         0,    1.67,exact_mw,cb12ae119b9b2ba18d0216e7235b403229e92fd0743ede48fe7f1a2c6f45d594,"{""distance"":5,""physical_error_rate"":0.0005}","{""detection_events"":46391,""detectors_checked"":21102592}"
     96256,         0,         0,    1.37,exact_mw,cb12ae119b9b2ba18d0216e7235b403229e92fd0743ede48fe7f1a2c6f45d594,"{""distance"":5,""physical_error_rate"":0.0005}","{""detection_events"":47337,""detectors_checked"":21561344}"
     91647,         0,         0,    1.77,exact_mw,cb12ae119b9b2ba18d0216e7235b403229e92fd0743ede48fe7f1a2c6f45d594,"{""distance"":5,""physical_error_rate"":0.0005}","{""detection_events"":44867,""detectors_checked"":20528928}"
     99328,         0,         0,    1.61,exact_mw,cb12ae119b9b2ba18d0216e7235b403229e92fd0743ede48fe7f1a2c6f45d594,"{""distance"":5,""physical_error_rate"":0.0005}","{""detection_events"":49259,""detectors_checked"":22249472}"
     97280,         0,         0,    1.57,exact_mw,cb12ae119b9b2ba18d0216e7235b403229e92fd0743ede48fe7f1a2c6f45d594,"{""distance"":5,""physical_error_rate"":0.0005}","{""detection_events"":47704,""detectors_checked"":21790720}"
    100352,         0,         0,    1.73,exact_mw,cb12ae119b9b2ba18d0216e7235b403229e92fd0743ede48fe7f1a2c6f45d594,"{""distance"":5,""physical_error_rate"":0.0005}","{""detection_events"":48982,""detectors_checked"":22478848}"
     92160,         0,         0,    1.60,exact_mw,cb12ae119b9b2ba18d0216e7235b403229e92fd0743ede48fe7f1a2c6f45d594,"{""distance"":5,""physical_error_rate"":0.0005}","{""detection_events"":45757,""detectors_checked"":20643840}"
    104448,         0,         0,    2.05,exact_mw,cb12ae119b9b2ba18d0216e7235b403229e92fd0743ede48fe7f1a2c6f45d594,"{""distance"":5,""physical_error_rate"":0.0005}","{""detection_events"":51388,""detectors_checked"":23396352}"
     90112,         0,         0,    1.78,exact_mw,cb12ae119b9b2ba18d0216e7235b403229e92fd0743ede48fe7f1a2c6f45d594,"{""distance"":5,""physical_error_rate"":0.0005}","{""detection_events"":44047,""detectors_checked"":20185088}"
     94074,         0,         0,    1.57,exact_mw,cb12ae119b9b2ba18d0216e7235b403229e92fd0743ede48fe7f1a2c6f45d594,"{""distance"":5,""physical_error_rate"":0.0005}","{""detection_events"":46833,""detectors_checked"":21072576}"
     94208,         0,         0,    1.59,exact_mw,cb12ae119b9b2ba18d0216e7235b403229e92fd0743ede48fe7f1a2c6f45d594,"{""distance"":5,""physical_error_rate"":0.0005}","{""detection_events"":46570,""detectors_checked"":21102592}"
     91647,         0,         0,    1.55,exact_mw,cb12ae119b9b2ba18d0216e7235b403229e92fd0743ede48fe7f1a2c6f45d594,"{""distance"":5,""physical_error_rate"":0.0005}","{""detection_events"":45162,""detectors_checked"":20528928}"
    101376,         0,         0,    1.76,exact_mw,cb12ae119b9b2ba18d0216e7235b403229e92fd0743ede48fe7f1a2c6f45d594,"{""distance"":5,""physical_error_rate"":0.0005}","{""detection_events"":50481,""detectors_checked"":22708224}"
     91136,         0,         0,    1.83,exact_mw,cb12ae119b9b2ba18d0216e7235b403229e92fd0743ede48fe7f1a2c6f45d594,"{""distance"":5,""physical_error_rate"":0.0005}","{""detection_events"":44644,""detectors_checked"":20414464}"
     86016,         0,         0,    1.84,exact_mw,cb12ae119b9b2ba18d0216e7235b403229e92fd0743ede48fe7f1a2c6f45d594,"{""distance"":5,""physical_error_rate"":0.0005}","{""detection_events"":42479,""detectors_checked"":19267584}"
     96509,         0,         0,    1.63,exact_mw,cb12ae119b9b2ba18d0216e7235b403229e92fd0743ede48fe7f1a2c6f45d594,"{""distance"":5,""physical_error_rate"":0.0005}","{""detection_events"":47613,""detectors_checked"":21618016}"
     91136,         0,         0,    1.67,exact_mw,cb12ae119b9b2ba18d0216e7235b403229e92fd0743ede48fe7f1a2c6f45d594,"{""distance"":5,""physical_error_rate"":0.0005}","{""detection_events"":44853,""detectors_checked"":20414464}"
     89280,         0,         0,    1.73,exact_mw,cb12ae119b9b2ba18d0216e7235b403229e92fd0743ede48fe7f1a2c6f45d594,"{""distance"":5,""physical_error_rate"":0.0005}","{""detection_events"":43691,""detectors_checked"":19998720}"
     89088,         0,         0,    1.52,exact_mw,cb12ae119b9b2ba18d0216e7235b403229e92fd0743ede48fe7f1a2c6f45d594,"{""distance"":5,""physical_error_rate"":0.0005}","{""detection_events"":43171,""detectors_checked"":19955712}"
     76800,         0,         0,    1.23,exact_mw,cb12ae119b9b2ba18d0216e7235b403229e92fd0743ede48fe7f1a2c6f45d594,"{""distance"":5,""physical_error_rate"":0.0005}","{""detection_events"":37793,""detectors_checked"":17203200}"
     90112,         0,         0,    1.81,exact_mw,cb12ae119b9b2ba18d0216e7235b403229e92fd0743ede48fe7f1a2c6f45d594,"{""distance"":5,""physical_error_rate"":0.0005}","{""detection_events"":44605,""detectors_checked"":20185088}"
     90112,         0,         0,    1.58,exact_mw,cb12ae119b9b2ba18d0216e7235b403229e92fd0743ede48fe7f1a2c6f45d594,"{""distance"":5,""physical_error_rate"":0.0005}","{""detection_events"":44721,""detectors_checked"":20185088}"
     81920,         0,         0,    1.71,exact_mw,cb12ae119b9b2ba18d0216e7235b403229e92fd0743ede48fe7f1a2c6f45d594,"{""distance"":5,""physical_error_rate"":0.0005}","{""detection_events"":39945,""detectors_checked"":18350080}"
     84992,         0,         0,    1.65,exact_mw,cb12ae119b9b2ba18d0216e7235b403229e92fd0743ede48fe7f1a2c6f45d594,"{""distance"":5,""physical_error_rate"":0.0005}","{""detection_events"":41444,""detectors_checked"":19038208}"
     88064,         0,         0,    1.37,exact_mw,cb12ae119b9b2ba18d0216e7235b403229e92fd0743ede48fe7f1a2c6f45d594,"{""distance"":5,""physical_error_rate"":0.0005}","{""detection_events"":42957,""detectors_checked"":19726336}"
     88064,         0,         0,    1.56,exact_mw,cb12ae119b9b2ba18d0216e7235b403229e92fd0743ede48fe7f1a2c6f45d594,"{""distance"":5,""physical_error_rate"":0.0005}","{""detection_events"":43280,""detectors_checked"":19726336}"
     83968,         0,         0,    1.71,exact_mw,cb12ae119b9b2ba18d0216e7235b403229e92fd0743ede48fe7f1a2c6f45d594,"{""distance"":5,""physical_error_rate"":0.0005}","{""detection_events"":41401,""detectors_checked"":18808832}"
     91136,         0,         0,    1.80,exact_mw,cb12ae119b9b2ba18d0216e7235b403229e92fd0743ede48fe7f1a2c6f45d594,"{""distance"":5,""physical_error_rate"":0.0005}","{""detection_events"":44608,""detectors_checked"":20414464}"
    100352,         0,         0,    1.80,exact_mw,cb12ae119b9b2ba18d0216e7235b403229e92fd0743ede48fe7f1a2c6f45d594,"{""distance"":5,""physical_error_rate"":0.0005}","{""detection_events"":48859,""detectors_checked"":22478848}"
     93184,         0,         0,    1.83,exact_mw,cb12ae119b9b2ba18d0216e7235b403229e92fd0743ede48fe7f1a2c6f45d594,"{""distance"":5,""physical_error_rate"":0.0005}","{""detection_events"":46710,""detectors_checked"":20873216}"
     83968,         0,         0,    1.62,exact_mw,cb12ae119b9b2ba18d0216e7235b403229e92fd0743ede48fe7f1a2c6f45d594,"{""distance"":5,""physical_error_rate"":0.0005}","{""detection_events"":41627,""detectors_checked"":18808832}"
     81834,         0,         0,    1.63,exact_mw,cb12ae119b9b2ba18d0216e7235b403229e92fd0743ede48fe7f1a2c6f45d594,"{""distance"":5,""physical_error_rate"":0.0005}","{""detection_events"":40152,""detectors_checked"":18330816}"
     88064,         0,         0,    1.41,exact_mw,cb12ae119b9b2ba18d0216e7235b403229e92fd0743ede48fe7f1a2c6f45d594,"{""distance"":5,""physical_error_rate"":0.0005}","{""detection_events"":42806,""detectors_checked"":19726336}"
     73728,         0,         0,    1.31,exact_mw,cb12ae119b9b2ba18d0216e7235b403229e92fd0743ede48fe7f1a2c6f45d594,"{""distance"":5,""physical_error_rate"":0.0005}","{""detection_events"":35806,""detectors_checked"":16515072}"
     81834,         0,         0,    1.89,exact_mw,cb12ae119b9b2ba18d0216e7235b403229e92fd0743ede48fe7f1a2c6f45d594,"{""distance"":5,""physical_error_rate"":0.0005}","{""detection_events"":40285,""detectors_checked"":18330816}"
     70656,         0,         0,    1.39,exact_mw,cb12ae119b9b2ba18d0216e7235b403229e92fd0743ede48fe7f1a2c6f45d594,"{""distance"":5,""physical_error_rate"":0.0005}","{""detection_events"":34685,""detectors_checked"":15826944}"
     75776,         0,         0,    1.29,exact_mw,cb12ae119b9b2ba18d0216e7235b403229e92fd0743ede48fe7f1a2c6f45d594,"{""distance"":5,""physical_error_rate"":0.0005}","{""detection_events"":37485,""detectors_checked"":16973824}"
     80896,         0,         0,    1.69,exact_mw,cb12ae119b9b2ba18d0216e7235b403229e92fd0743ede48fe7f1a2c6f45d594,"{""distance"":5,""physical_error_rate"":0.0005}","{""detection_events"":39691,""detectors_checked"":18120704}"
     73728,         1,         0,   0.756,exact_mw,cb12ae119b9b2ba18d0216e7235b403229e92fd0743ede48fe7f1a2c6f45d594,"{""distance"":5,""physical_error_rate"":0.0005}","{""detection_events"":36511,""detectors_checked"":16515072,""obs_mistake_mask=E"":1}"
     74752,         0,         0,    1.31,exact_mw,cb12ae119b9b2ba18d0216e7235b403229e92fd0743ede48fe7f1a2c6f45d594,"{""distance"":5,""physical_error_rate"":0.0005}","{""detection_events"":36438,""detectors_checked"":16744448}"
     74752,         0,         0,    1.59,exact_mw,cb12ae119b9b2ba18d0216e7235b403229e92fd0743ede48fe7f1a2c6f45d594,"{""distance"":5,""physical_error_rate"":0.0005}","{""detection_events"":37258,""detectors_checked"":16744448}"
     62464,         0,         0,    1.23,exact_mw,cb12ae119b9b2ba18d0216e7235b403229e92fd0743ede48fe7f1a2c6f45d594,"{""distance"":5,""physical_error_rate"":0.0005}","{""detection_events"":30668,""detectors_checked"":13991936}"
     75776,         0,         0,    1.84,exact_mw,cb12ae119b9b2ba18d0216e7235b403229e92fd0743ede48fe7f1a2c6f45d594,"{""distance"":5,""physical_error_rate"":0.0005}","{""detection_events"":37225,""detectors_checked"":16973824}"
     91136,         0,         0,    1.78,exact_mw,cb12ae119b9b2ba18d0216e7235b403229e92fd0743ede48fe7f1a2c6f45d594,"{""distance"":5,""physical_error_rate"":0.0005}","{""detection_events"":45183,""detectors_checked"":20414464}"
     82944,         0,         0,    1.63,exact_mw,cb12ae119b9b2ba18d0216e7235b403229e92fd0743ede48fe7f1a2c6f45d594,"{""distance"":5,""physical_error_rate"":0.0005}","{""detection_events"":40717,""detectors_checked"":18579456}"
     81920,         0,         0,    1.54,exact_mw,cb12ae119b9b2ba18d0216e7235b403229e92fd0743ede48fe7f1a2c6f45d594,"{""distance"":5,""physical_error_rate"":0.0005}","{""detection_events"":39871,""detectors_checked"":18350080}"
     79872,         0,         0,    1.78,exact_mw,cb12ae119b9b2ba18d0216e7235b403229e92fd0743ede48fe7f1a2c6f45d594,"{""distance"":5,""physical_error_rate"":0.0005}","{""detection_events"":39477,""detectors_checked"":17891328}"
     78848,         0,         0,    1.64,exact_mw,cb12ae119b9b2ba18d0216e7235b403229e92fd0743ede48fe7f1a2c6f45d594,"{""distance"":5,""physical_error_rate"":0.0005}","{""detection_events"":39020,""detectors_checked"":17661952}"
     80896,         0,         0,    1.78,exact_mw,cb12ae119b9b2ba18d0216e7235b403229e92fd0743ede48fe7f1a2c6f45d594,"{""distance"":5,""physical_error_rate"":0.0005}","{""detection_events"":39416,""detectors_checked"":18120704}"
       938,         0,         0,   0.004,exact_mw,cb12ae119b9b2ba18d0216e7235b403229e92fd0743ede48fe7f1a2c6f45d594,"{""distance"":5,""physical_error_rate"":0.0005}","{""detection_events"":450,""detectors_checked"":210112}"
     67584,         0,         0,    1.08,exact_mw,cb12ae119b9b2ba18d0216e7235b403229e92fd0743ede48fe7f1a2c6f45d594,"{""distance"":5,""physical_error_rate"":0.0005}","{""detection_events"":33008,""detectors_checked"":15138816}"
     51200,         0,         0,   0.946,exact_mw,cb12ae119b9b2ba18d0216e7235b403229e92fd0743ede48fe7f1a2c6f45d594,"{""distance"":5,""physical_error_rate"":0.0005}","{""detection_events"":25484,""detectors_checked"":11468800}"
     58368,         0,         0,    1.06,exact_mw,cb12ae119b9b2ba18d0216e7235b403229e92fd0743ede48fe7f1a2c6f45d594,"{""distance"":5,""physical_error_rate"":0.0005}","{""detection_events"":28493,""detectors_checked"":13074432}"
     65536,         0,         0,    1.05,exact_mw,cb12ae119b9b2ba18d0216e7235b403229e92fd0743ede48fe7f1a2c6f45d594,"{""distance"":5,""physical_error_rate"":0.0005}","{""detection_events"":32225,""detectors_checked"":14680064}"
     58368,         0,         0,    1.75,exact_mw,cb12ae119b9b2ba18d0216e7235b403229e92fd0743ede48fe7f1a2c6f45d594,"{""distance"":5,""physical_error_rate"":0.0005}","{""detection_events"":28679,""detectors_checked"":13074432}"
     65536,         0,         0,    1.09,exact_mw,cb12ae119b9b2ba18d0216e7235b403229e92fd0743ede48fe7f1a2c6f45d594,"{""distance"":5,""physical_error_rate"":0.0005}","{""detection_events"":32103,""detectors_checked"":14680064}"
     56320,         0,         0,   0.823,exact_mw,cb12ae119b9b2ba18d0216e7235b403229e92fd0743ede48fe7f1a2c6f45d594,"{""distance"":5,""physical_error_rate"":0.0005}","{""detection_events"":27629,""detectors_checked"":12615680}"
     64512,         0,         0,    1.29,exact_mw,cb12ae119b9b2ba18d0216e7235b403229e92fd0743ede48fe7f1a2c6f45d594,"{""distance"":5,""physical_error_rate"":0.0005}","{""detection_events"":31459,""detectors_checked"":14450688}"
     76800,         1,         0,    1.75,exact_mw,cb12ae119b9b2ba18d0216e7235b403229e92fd0743ede48fe7f1a2c6f45d594,"{""distance"":5,""physical_error_rate"":0.0005}","{""detection_events"":37752,""detectors_checked"":17203200,""obs_mistake_mask=E"":1}"
     63488,         0,         0,    1.55,exact_mw,cb12ae119b9b2ba18d0216e7235b403229e92fd0743ede48fe7f1a2c6f45d594,"{""distance"":5,""physical_error_rate"":0.0005}","{""detection_events"":31742,""detectors_checked"":14221312}"
     64512,         1,         0,    1.47,exact_mw,cb12ae119b9b2ba18d0216e7235b403229e92fd0743ede48fe7f1a2c6f45d594,"{""distance"":5,""physical_error_rate"":0.0005}","{""detection_events"":31658,""detectors_checked"":14450688,""obs_mistake_mask=E"":1}"
     79872,         0,         0,    1.63,exact_mw,cb12ae119b9b2ba18d0216e7235b403229e92fd0743ede48fe7f1a2c6f45d594,"{""distance"":5,""physical_error_rate"":0.0005}","{""detection_events"":39494,""detectors_checked"":17891328}"
     68608,         0,         0,    1.24,exact_mw,cb12ae119b9b2ba18d0216e7235b403229e92fd0743ede48fe7f1a2c6f45d594,"{""distance"":5,""physical_error_rate"":0.0005}","{""detection_events"":33684,""detectors_checked"":15368192}"
     62464,         0,         0,    1.50,exact_mw,cb12ae119b9b2ba18d0216e7235b403229e92fd0743ede48fe7f1a2c6f45d594,"{""distance"":5,""physical_error_rate"":0.0005}","{""detection_events"":31010,""detectors_checked"":13991936}"
     50805,         0,         0,   0.913,exact_mw,cb12ae119b9b2ba18d0216e7235b403229e92fd0743ede48fe7f1a2c6f45d594,"{""distance"":5,""physical_error_rate"":0.0005}","{""detection_events"":24443,""detectors_checked"":11380320}"
     49152,         0,         0,   0.863,exact_mw,cb12ae119b9b2ba18d0216e7235b403229e92fd0743ede48fe7f1a2c6f45d594,"{""distance"":5,""physical_error_rate"":0.0005}","{""detection_events"":23900,""detectors_checked"":11010048}"
     46080,         0,         0,   0.789,exact_mw,cb12ae119b9b2ba18d0216e7235b403229e92fd0743ede48fe7f1a2c6f45d594,"{""distance"":5,""physical_error_rate"":0.0005}","{""detection_events"":22567,""detectors_checked"":10321920}"
     50805,         0,         0,   0.896,exact_mw,cb12ae119b9b2ba18d0216e7235b403229e92fd0743ede48fe7f1a2c6f45d594,"{""distance"":5,""physical_error_rate"":0.0005}","{""detection_events"":24460,""detectors_checked"":11380320}"
     46080,         0,         0,   0.802,exact_mw,cb12ae119b9b2ba18d0216e7235b403229e92fd0743ede48fe7f1a2c6f45d594,"{""distance"":5,""physical_error_rate"":0.0005}","{""detection_events"":22188,""detectors_checked"":10321920}"
     44032,         0,         0,   0.683,exact_mw,cb12ae119b9b2ba18d0216e7235b403229e92fd0743ede48fe7f1a2c6f45d594,"{""distance"":5,""physical_error_rate"":0.0005}","{""detection_events"":21566,""detectors_checked"":9863168}"
     70656,         0,         0,    1.89,exact_mw,cb12ae119b9b2ba18d0216e7235b403229e92fd0743ede48fe7f1a2c6f45d594,"{""distance"":5,""physical_error_rate"":0.0005}","{""detection_events"":34615,""detectors_checked"":15826944}"
     43352,         0,         0,   0.705,exact_mw,cb12ae119b9b2ba18d0216e7235b403229e92fd0743ede48fe7f1a2c6f45d594,"{""distance"":5,""physical_error_rate"":0.0005}","{""detection_events"":21246,""detectors_checked"":9710848}"
     40960,         0,         0,   0.398,exact_mw,cb12ae119b9b2ba18d0216e7235b403229e92fd0743ede48fe7f1a2c6f45d594,"{""distance"":5,""physical_error_rate"":0.0005}","{""detection_events"":20330,""detectors_checked"":9175040}"
     50176,         0,         0,   0.727,exact_mw,cb12ae119b9b2ba18d0216e7235b403229e92fd0743ede48fe7f1a2c6f45d594,"{""distance"":5,""physical_error_rate"":0.0005}","{""detection_events"":25001,""detectors_checked"":11239424}"
     46080,         0,         0,   0.877,exact_mw,cb12ae119b9b2ba18d0216e7235b403229e92fd0743ede48fe7f1a2c6f45d594,"{""distance"":5,""physical_error_rate"":0.0005}","{""detection_events"":23044,""detectors_checked"":10321920}"
     43008,         0,         0,   0.561,exact_mw,cb12ae119b9b2ba18d0216e7235b403229e92fd0743ede48fe7f1a2c6f45d594,"{""distance"":5,""physical_error_rate"":0.0005}","{""detection_events"":21212,""detectors_checked"":9633792}"
     40960,         0,         0,   0.706,exact_mw,cb12ae119b9b2ba18d0216e7235b403229e92fd0743ede48fe7f1a2c6f45d594,"{""distance"":5,""physical_error_rate"":0.0005}","{""detection_events"":20053,""detectors_checked"":9175040}"
     43352,         0,         0,   0.236,exact_mw,cb12ae119b9b2ba18d0216e7235b403229e92fd0743ede48fe7f1a2c6f45d594,"{""distance"":5,""physical_error_rate"":0.0005}","{""detection_events"":21462,""detectors_checked"":9710848}"
     41984,         0,         0,   0.669,exact_mw,cb12ae119b9b2ba18d0216e7235b403229e92fd0743ede48fe7f1a2c6f45d594,"{""distance"":5,""physical_error_rate"":0.0005}","{""detection_events"":20941,""detectors_checked"":9404416}"
     40960,         0,         0,   0.577,exact_mw,cb12ae119b9b2ba18d0216e7235b403229e92fd0743ede48fe7f1a2c6f45d594,"{""distance"":5,""physical_error_rate"":0.0005}","{""detection_events"":20155,""detectors_checked"":9175040}"
     49152,         0,         0,   0.865,exact_mw,cb12ae119b9b2ba18d0216e7235b403229e92fd0743ede48fe7f1a2c6f45d594,"{""distance"":5,""physical_error_rate"":0.0005}","{""detection_events"":24314,""detectors_checked"":11010048}"
     40960,         0,         0,   0.558,exact_mw,cb12ae119b9b2ba18d0216e7235b403229e92fd0743ede48fe7f1a2c6f45d594,"{""distance"":5,""physical_error_rate"":0.0005}","{""detection_events"":20258,""detectors_checked"":9175040}"
     39936,         0,         0,   0.698,exact_mw,cb12ae119b9b2ba18d0216e7235b403229e92fd0743ede48fe7f1a2c6f45d594,"{""distance"":5,""physical_error_rate"":0.0005}","{""detection_events"":19478,""detectors_checked"":8945664}"
     40617,         0,         0,   0.604,exact_mw,cb12ae119b9b2ba18d0216e7235b403229e92fd0743ede48fe7f1a2c6f45d594,"{""distance"":5,""physical_error_rate"":0.0005}","{""detection_events"":19791,""detectors_checked"":9098208}"
     40960,         0,         0,   0.742,exact_mw,cb12ae119b9b2ba18d0216e7235b403229e92fd0743ede48fe7f1a2c6f45d594,"{""distance"":5,""physical_error_rate"":0.0005}","{""detection_events"":19970,""detectors_checked"":9175040}"
     36569,         0,         0,   0.643,exact_mw,cb12ae119b9b2ba18d0216e7235b403229e92fd0743ede48fe7f1a2c6f45d594,"{""distance"":5,""physical_error_rate"":0.0005}","{""detection_events"":18075,""detectors_checked"":8191456}"
     35963,         0,         0,   0.657,exact_mw,cb12ae119b9b2ba18d0216e7235b403229e92fd0743ede48fe7f1a2c6f45d594,"{""distance"":5,""physical_error_rate"":0.0005}","{""detection_events"":17523,""detectors_checked"":8055712}"
     35963,         0,         0,   0.680,exact_mw,cb12ae119b9b2ba18d0216e7235b403229e92fd0743ede48fe7f1a2c6f45d594,"{""distance"":5,""physical_error_rate"":0.0005}","{""detection_events"":17713,""detectors_checked"":8055712}"
     35963,         0,         0,   0.661,exact_mw,cb12ae119b9b2ba18d0216e7235b403229e92fd0743ede48fe7f1a2c6f45d594,"{""distance"":5,""physical_error_rate"":0.0005}","{""detection_events"":18033,""detectors_checked"":8055712}"
     35963,         0,         0,   0.681,exact_mw,cb12ae119b9b2ba18d0216e7235b403229e92fd0743ede48fe7f1a2c6f45d594,"{""distance"":5,""physical_error_rate"":0.0005}","{""detection_events"":17559,""detectors_checked"":8055712}"
     35840,         0,         0,   0.597,exact_mw,cb12ae119b9b2ba18d0216e7235b403229e92fd0743ede48fe7f1a2c6f45d594,"{""distance"":5,""physical_error_rate"":0.0005}","{""detection_events"":17664,""detectors_checked"":8028160}"
     35963,         0,         0,   0.752,exact_mw,cb12ae119b9b2ba18d0216e7235b403229e92fd0743ede48fe7f1a2c6f45d594,"{""distance"":5,""physical_error_rate"":0.0005}","{""detection_events"":17623,""detectors_checked"":8055712}"
     35963,         0,         0,   0.713,exact_mw,cb12ae119b9b2ba18d0216e7235b403229e92fd0743ede48fe7f1a2c6f45d594,"{""distance"":5,""physical_error_rate"":0.0005}","{""detection_events"":18328,""detectors_checked"":8055712}"
     35963,         0,         0,   0.980,exact_mw,cb12ae119b9b2ba18d0216e7235b403229e92fd0743ede48fe7f1a2c6f45d594,"{""distance"":5,""physical_error_rate"":0.0005}","{""detection_events"":17943,""detectors_checked"":8055712}"
       606,         0,         0,   0.002,exact_mw,cb12ae119b9b2ba18d0216e7235b403229e92fd0743ede48fe7f1a2c6f45d594,"{""distance"":5,""physical_error_rate"":0.0005}","{""detection_events"":262,""detectors_checked"":135744}"
     35401,         0,         0,   0.316,exact_mw,cb12ae119b9b2ba18d0216e7235b403229e92fd0743ede48fe7f1a2c6f45d594,"{""distance"":5,""physical_error_rate"":0.0005}","{""detection_events"":17484,""detectors_checked"":7929824}"
     35682,         0,         0,   0.465,exact_mw,cb12ae119b9b2ba18d0216e7235b403229e92fd0743ede48fe7f1a2c6f45d594,"{""distance"":5,""physical_error_rate"":0.0005}","{""detection_events"":17002,""detectors_checked"":7992768}"
     34816,         0,         0,   0.270,exact_mw,cb12ae119b9b2ba18d0216e7235b403229e92fd0743ede48fe7f1a2c6f45d594,"{""distance"":5,""physical_error_rate"":0.0005}","{""detection_events"":17650,""detectors_checked"":7798784}"
     34278,         0,         0,   0.371,exact_mw,cb12ae119b9b2ba18d0216e7235b403229e92fd0743ede48fe7f1a2c6f45d594,"{""distance"":5,""physical_error_rate"":0.0005}","{""detection_events"":16617,""detectors_checked"":7678272}"
     33792,         0,         0,   0.507,exact_mw,cb12ae119b9b2ba18d0216e7235b403229e92fd0743ede48fe7f1a2c6f45d594,"{""distance"":5,""physical_error_rate"":0.0005}","{""detection_events"":16405,""detectors_checked"":7569408}"
     32768,         0,         0,   0.552,exact_mw,cb12ae119b9b2ba18d0216e7235b403229e92fd0743ede48fe7f1a2c6f45d594,"{""distance"":5,""physical_error_rate"":0.0005}","{""detection_events"":15873,""detectors_checked"":7340032}"
     33792,         0,         0,   0.401,exact_mw,cb12ae119b9b2ba18d0216e7235b403229e92fd0743ede48fe7f1a2c6f45d594,"{""distance"":5,""physical_error_rate"":0.0005}","{""detection_events"":16444,""detectors_checked"":7569408}"
     32768,         0,         0,   0.506,exact_mw,cb12ae119b9b2ba18d0216e7235b403229e92fd0743ede48fe7f1a2c6f45d594,"{""distance"":5,""physical_error_rate"":0.0005}","{""detection_events"":16139,""detectors_checked"":7340032}"
     32616,         0,         0,   0.505,exact_mw,cb12ae119b9b2ba18d0216e7235b403229e92fd0743ede48fe7f1a2c6f45d594,"{""distance"":5,""physical_error_rate"":0.0005}","{""detection_events"":15722,""detectors_checked"":7305984}"
     32616,         0,         0,   0.441,exact_mw,cb12ae119b9b2ba18d0216e7235b403229e92fd0743ede48fe7f1a2c6f45d594,"{""distance"":5,""physical_error_rate"":0.0005}","{""detection_events"":15957,""detectors_checked"":7305984}"
     31744,         0,         0,   0.676,exact_mw,cb12ae119b9b2ba18d0216e7235b403229e92fd0743ede48fe7f1a2c6f45d594,"{""distance"":5,""physical_error_rate"":0.0005}","{""detection_events"":15387,""detectors_checked"":7110656}"
     32768,         0,         0,   0.602,exact_mw,cb12ae119b9b2ba18d0216e7235b403229e92fd0743ede48fe7f1a2c6f45d594,"{""distance"":5,""physical_error_rate"":0.0005}","{""detection_events"":16078,""detectors_checked"":7340032}"
     34278,         0,         0,   0.549,exact_mw,cb12ae119b9b2ba18d0216e7235b403229e92fd0743ede48fe7f1a2c6f45d594,"{""distance"":5,""physical_error_rate"":0.0005}","{""detection_events"":16645,""detectors_checked"":7678272}"
     32616,         0,         0,   0.464,exact_mw,cb12ae119b9b2ba18d0216e7235b403229e92fd0743ede48fe7f1a2c6f45d594,"{""distance"":5,""physical_error_rate"":0.0005}","{""detection_events"":16537,""detectors_checked"":7305984}"
     32616,         0,         0,   0.488,exact_mw,cb12ae119b9b2ba18d0216e7235b403229e92fd0743ede48fe7f1a2c6f45d594,"{""distance"":5,""physical_error_rate"":0.0005}","{""detection_events"":16194,""detectors_checked"":7305984}"
     31067,         0,         0,   0.481,exact_mw,cb12ae119b9b2ba18d0216e7235b403229e92fd0743ede48fe7f1a2c6f45d594,"{""distance"":5,""physical_error_rate"":0.0005}","{""detection_events"":15033,""detectors_checked"":6959008}"
     31322,         0,         0,   0.626,exact_mw,cb12ae119b9b2ba18d0216e7235b403229e92fd0743ede48fe7f1a2c6f45d594,"{""distance"":5,""physical_error_rate"":0.0005}","{""detection_events"":15410,""detectors_checked"":7016128}"
     32616,         0,         0,   0.446,exact_mw,cb12ae119b9b2ba18d0216e7235b403229e92fd0743ede48fe7f1a2c6f45d594,"{""distance"":5,""physical_error_rate"":0.0005}","{""detection_events"":15650,""detectors_checked"":7305984}"
     31322,         0,         0,   0.510,exact_mw,cb12ae119b9b2ba18d0216e7235b403229e92fd0743ede48fe7f1a2c6f45d594,"{""distance"":5,""physical_error_rate"":0.0005}","{""detection_events"":15271,""detectors_checked"":7016128}"
     32616,         0,         0,   0.432,exact_mw,cb12ae119b9b2ba18d0216e7235b403229e92fd0743ede48fe7f1a2c6f45d594,"{""distance"":5,""physical_error_rate"":0.0005}","{""detection_events"":15925,""detectors_checked"":7305984}"
     31322,         0,         0,   0.484,exact_mw,cb12ae119b9b2ba18d0216e7235b403229e92fd0743ede48fe7f1a2c6f45d594,"{""distance"":5,""physical_error_rate"":0.0005}","{""detection_events"":15048,""detectors_checked"":7016128}"
     32616,         0,         0,   0.447,exact_mw,cb12ae119b9b2ba18d0216e7235b403229e92fd0743ede48fe7f1a2c6f45d594,"{""distance"":5,""physical_error_rate"":0.0005}","{""detection_events"":16030,""detectors_checked"":7305984}"
     30720,         0,         0,   0.429,exact_mw,cb12ae119b9b2ba18d0216e7235b403229e92fd0743ede48fe7f1a2c6f45d594,"{""distance"":5,""physical_error_rate"":0.0005}","{""detection_events"":15072,""detectors_checked"":6881280}"
     31067,         0,         0,   0.488,exact_mw,cb12ae119b9b2ba18d0216e7235b403229e92fd0743ede48fe7f1a2c6f45d594,"{""distance"":5,""physical_error_rate"":0.0005}","{""detection_events"":15695,""detectors_checked"":6959008}"
     29696,         0,         0,   0.333,exact_mw,cb12ae119b9b2ba18d0216e7235b403229e92fd0743ede48fe7f1a2c6f45d594,"{""distance"":5,""physical_error_rate"":0.0005}","{""detection_events"":14827,""detectors_checked"":6651904}"
     31322,         0,         0,   0.488,exact_mw,cb12ae119b9b2ba18d0216e7235b403229e92fd0743ede48fe7f1a2c6f45d594,"{""distance"":5,""physical_error_rate"":0.0005}","{""detection_events"":15278,""detectors_checked"":7016128}"
     31744,         0,         0,   0.593,exact_mw,cb12ae119b9b2ba18d0216e7235b403229e92fd0743ede48fe7f1a2c6f45d594,"{""distance"":5,""physical_error_rate"":0.0005}","{""detection_events"":16036,""detectors_checked"":7110656}"
     32616,         0,         0,   0.525,exact_mw,cb12ae119b9b2ba18d0216e7235b403229e92fd0743ede48fe7f1a2c6f45d594,"{""distance"":5,""physical_error_rate"":0.0005}","{""detection_events"":15917,""detectors_checked"":7305984}"
     29696,         0,         0,   0.530,exact_mw,cb12ae119b9b2ba18d0216e7235b403229e92fd0743ede48fe7f1a2c6f45d594,"{""distance"":5,""physical_error_rate"":0.0005}","{""detection_events"":14536,""detectors_checked"":6651904}"
     29696,         0,         0,   0.355,exact_mw,cb12ae119b9b2ba18d0216e7235b403229e92fd0743ede48fe7f1a2c6f45d594,"{""distance"":5,""physical_error_rate"":0.0005}","{""detection_events"":14789,""detectors_checked"":6651904}"
     28672,         0,         0,   0.426,exact_mw,cb12ae119b9b2ba18d0216e7235b403229e92fd0743ede48fe7f1a2c6f45d594,"{""distance"":5,""physical_error_rate"":0.0005}","{""detection_events"":14175,""detectors_checked"":6422528}"
     30720,         0,         0,   0.471,exact_mw,cb12ae119b9b2ba18d0216e7235b403229e92fd0743ede48fe7f1a2c6f45d594,"{""distance"":5,""physical_error_rate"":0.0005}","{""detection_events"":15087,""detectors_checked"":6881280}"
     31322,         0,         0,   0.430,exact_mw,cb12ae119b9b2ba18d0216e7235b403229e92fd0743ede48fe7f1a2c6f45d594,"{""distance"":5,""physical_error_rate"":0.0005}","{""detection_events"":15326,""detectors_checked"":7016128}"
     29543,         0,         0,   0.473,exact_mw,cb12ae119b9b2ba18d0216e7235b403229e92fd0743ede48fe7f1a2c6f45d594,"{""distance"":5,""physical_error_rate"":0.0005}","{""detection_events"":14347,""detectors_checked"":6617632}"
     32616,         0,         0,   0.508,exact_mw,cb12ae119b9b2ba18d0216e7235b403229e92fd0743ede48fe7f1a2c6f45d594,"{""distance"":5,""physical_error_rate"":0.0005}","{""detection_events"":16033,""detectors_checked"":7305984}"
     29696,         0,         0,   0.308,exact_mw,cb12ae119b9b2ba18d0216e7235b403229e92fd0743ede48fe7f1a2c6f45d594,"{""distance"":5,""physical_error_rate"":0.0005}","{""detection_events"":14940,""detectors_checked"":6651904}"
     29043,         0,         0,   0.423,exact_mw,cb12ae119b9b2ba18d0216e7235b403229e92fd0743ede48fe7f1a2c6f45d594,"{""distance"":5,""physical_error_rate"":0.0005}","{""detection_events"":14115,""detectors_checked"":6505632}"
     29696,         0,         0,   0.543,exact_mw,cb12ae119b9b2ba18d0216e7235b403229e92fd0743ede48fe7f1a2c6f45d594,"{""distance"":5,""physical_error_rate"":0.0005}","{""detection_events"":14808,""detectors_checked"":6651904}"
     25600,         0,         0,   0.582,exact_mw,cb12ae119b9b2ba18d0216e7235b403229e92fd0743ede48fe7f1a2c6f45d594,"{""distance"":5,""physical_error_rate"":0.0005}","{""detection_events"":12607,""detectors_checked"":5734400}"
     27648,         0,         0,   0.446,exact_mw,cb12ae119b9b2ba18d0216e7235b403229e92fd0743ede48fe7f1a2c6f45d594,"{""distance"":5,""physical_error_rate"":0.0005}","{""detection_events"":13443,""detectors_checked"":6193152}"
     28672,         0,         0,   0.393,exact_mw,cb12ae119b9b2ba18d0216e7235b403229e92fd0743ede48fe7f1a2c6f45d594,"{""distance"":5,""physical_error_rate"":0.0005}","{""detection_events"":14050,""detectors_checked"":6422528}"
     31067,         0,         0,   0.536,exact_mw,cb12ae119b9b2ba18d0216e7235b403229e92fd0743ede48fe7f1a2c6f45d594,"{""distance"":5,""physical_error_rate"":0.0005}","{""detection_events"":15088,""detectors_checked"":6959008}"
     28672,         0,         0,   0.440,exact_mw,cb12ae119b9b2ba18d0216e7235b403229e92fd0743ede48fe7f1a2c6f45d594,"{""distance"":5,""physical_error_rate"":0.0005}","{""detection_events"":13840,""detectors_checked"":6422528}"
     29696,         0,         0,   0.549,exact_mw,cb12ae119b9b2ba18d0216e7235b403229e92fd0743ede48fe7f1a2c6f45d594,"{""distance"":5,""physical_error_rate"":0.0005}","{""detection_events"":14537,""detectors_checked"":6651904}"
     29696,         0,         0,   0.478,exact_mw,cb12ae119b9b2ba18d0216e7235b403229e92fd0743ede48fe7f1a2c6f45d594,"{""distance"":5,""physical_error_rate"":0.0005}","{""detection_events"":14781,""detectors_checked"":6651904}"
     30720,         0,         0,   0.491,exact_mw,cb12ae119b9b2ba18d0216e7235b403229e92fd0743ede48fe7f1a2c6f45d594,"{""distance"":5,""physical_error_rate"":0.0005}","{""detection_events"":15136,""detectors_checked"":6881280}"
     26624,         0,         0,   0.437,exact_mw,cb12ae119b9b2ba18d0216e7235b403229e92fd0743ede48fe7f1a2c6f45d594,"{""distance"":5,""physical_error_rate"":0.0005}","{""detection_events"":12957,""detectors_checked"":5963776}"
     28544,         0,         0,   0.499,exact_mw,cb12ae119b9b2ba18d0216e7235b403229e92fd0743ede48fe7f1a2c6f45d594,"{""distance"":5,""physical_error_rate"":0.0005}","{""detection_events"":14249,""detectors_checked"":6393856}"
     25600,         0,         0,   0.293,exact_mw,cb12ae119b9b2ba18d0216e7235b403229e92fd0743ede48fe7f1a2c6f45d594,"{""distance"":5,""physical_error_rate"":0.0005}","{""detection_events"":12513,""detectors_checked"":5734400}"
     28044,         0,         0,   0.506,exact_mw,cb12ae119b9b2ba18d0216e7235b403229e92fd0743ede48fe7f1a2c6f45d594,"{""distance"":5,""physical_error_rate"":0.0005}","{""detection_events"":13911,""detectors_checked"":6281856}"
     25178,         0,         0,   0.545,exact_mw,cb12ae119b9b2ba18d0216e7235b403229e92fd0743ede48fe7f1a2c6f45d594,"{""distance"":5,""physical_error_rate"":0.0005}","{""detection_events"":12085,""detectors_checked"":5639872}"
     25600,         0,         0,   0.306,exact_mw,cb12ae119b9b2ba18d0216e7235b403229e92fd0743ede48fe7f1a2c6f45d594,"{""distance"":5,""physical_error_rate"":0.0005}","{""detection_events"":12584,""detectors_checked"":5734400}"
     28672,         0,         0,   0.398,exact_mw,cb12ae119b9b2ba18d0216e7235b403229e92fd0743ede48fe7f1a2c6f45d594,"{""distance"":5,""physical_error_rate"":0.0005}","{""detection_events"":13895,""detectors_checked"":6422528}"
     25409,         0,         0,   0.265,exact_mw,cb12ae119b9b2ba18d0216e7235b403229e92fd0743ede48fe7f1a2c6f45d594,"{""distance"":5,""physical_error_rate"":0.0005}","{""detection_events"":12758,""detectors_checked"":5691616}"
     25600,         0,         0,   0.355,exact_mw,cb12ae119b9b2ba18d0216e7235b403229e92fd0743ede48fe7f1a2c6f45d594,"{""distance"":5,""physical_error_rate"":0.0005}","{""detection_events"":12572,""detectors_checked"":5734400}"
     21572,         0,         0,   0.332,exact_mw,cb12ae119b9b2ba18d0216e7235b403229e92fd0743ede48fe7f1a2c6f45d594,"{""distance"":5,""physical_error_rate"":0.0005}","{""detection_events"":10496,""detectors_checked"":4832128}"
     24576,         0,         0,   0.478,exact_mw,cb12ae119b9b2ba18d0216e7235b403229e92fd0743ede48fe7f1a2c6f45d594,"{""distance"":5,""physical_error_rate"":0.0005}","{""detection_events"":12157,""detectors_checked"":5505024}"
     23552,         0,         0,   0.248,exact_mw,cb12ae119b9b2ba18d0216e7235b403229e92fd0743ede48fe7f1a2c6f45d594,"{""distance"":5,""physical_error_rate"":0.0005}","{""detection_events"":11508,""detectors_checked"":5275648}"
     20480,         0,         0,   0.324,exact_mw,cb12ae119b9b2ba18d0216e7235b403229e92fd0743ede48fe7f1a2c6f45d594,"{""distance"":5,""physical_error_rate"":0.0005}","{""detection_events"":9929,""detectors_checked"":4587520}"
     29696,         0,         0,   0.448,exact_mw,cb12ae119b9b2ba18d0216e7235b403229e92fd0743ede48fe7f1a2c6f45d594,"{""distance"":5,""physical_error_rate"":0.0005}","{""detection_events"":14478,""detectors_checked"":6651904}"
     27648,         0,         0,   0.504,exact_mw,cb12ae119b9b2ba18d0216e7235b403229e92fd0743ede48fe7f1a2c6f45d594,"{""distance"":5,""physical_error_rate"":0.0005}","{""detection_events"":13665,""detectors_checked"":6193152}"
     28672,         0,         0,   0.479,exact_mw,cb12ae119b9b2ba18d0216e7235b403229e92fd0743ede48fe7f1a2c6f45d594,"{""distance"":5,""physical_error_rate"":0.0005}","{""detection_events"":14153,""detectors_checked"":6422528}"
     26624,         0,         0,   0.573,exact_mw,cb12ae119b9b2ba18d0216e7235b403229e92fd0743ede48fe7f1a2c6f45d594,"{""distance"":5,""physical_error_rate"":0.0005}","{""detection_events"":13120,""detectors_checked"":5963776}"
     26624,         0,         0,   0.797,exact_mw,cb12ae119b9b2ba18d0216e7235b403229e92fd0743ede48fe7f1a2c6f45d594,"{""distance"":5,""physical_error_rate"":0.0005}","{""detection_events"":13177,""detectors_checked"":5963776}"
     29696,         0,         0,   0.658,exact_mw,cb12ae119b9b2ba18d0216e7235b403229e92fd0743ede48fe7f1a2c6f45d594,"{""distance"":5,""physical_error_rate"":0.0005}","{""detection_events"":14658,""detectors_checked"":6651904}"
     23552,         0,         0,   0.316,exact_mw,cb12ae119b9b2ba18d0216e7235b403229e92fd0743ede48fe7f1a2c6f45d594,"{""distance"":5,""physical_error_rate"":0.0005}","{""detection_events"":11487,""detectors_checked"":5275648}"
     27648,         0,         0,   0.468,exact_mw,cb12ae119b9b2ba18d0216e7235b403229e92fd0743ede48fe7f1a2c6f45d594,"{""distance"":5,""physical_error_rate"":0.0005}","{""detection_events"":13645,""detectors_checked"":6193152}"
     25600,         0,         0,   0.535,exact_mw,cb12ae119b9b2ba18d0216e7235b403229e92fd0743ede48fe7f1a2c6f45d594,"{""distance"":5,""physical_error_rate"":0.0005}","{""detection_events"":12485,""detectors_checked"":5734400}"
     24576,         0,         0,   0.478,exact_mw,cb12ae119b9b2ba18d0216e7235b403229e92fd0743ede48fe7f1a2c6f45d594,"{""distance"":5,""physical_error_rate"":0.0005}","{""detection_events"":11950,""detectors_checked"":5505024}"
     28672,         0,         0,   0.412,exact_mw,cb12ae119b9b2ba18d0216e7235b403229e92fd0743ede48fe7f1a2c6f45d594,"{""distance"":5,""physical_error_rate"":0.0005}","{""detection_events"":14078,""detectors_checked"":6422528}"
     22528,         0,         0,   0.424,exact_mw,cb12ae119b9b2ba18d0216e7235b403229e92fd0743ede48fe7f1a2c6f45d594,"{""distance"":5,""physical_error_rate"":0.0005}","{""detection_events"":11358,""detectors_checked"":5046272}"
     23552,         0,         0,   0.559,exact_mw,cb12ae119b9b2ba18d0216e7235b403229e92fd0743ede48fe7f1a2c6f45d594,"{""distance"":5,""physical_error_rate"":0.0005}","{""detection_events"":11571,""detectors_checked"":5275648}"
     27561,         0,         0,   0.488,exact_mw,cb12ae119b9b2ba18d0216e7235b403229e92fd0743ede48fe7f1a2c6f45d594,"{""distance"":5,""physical_error_rate"":0.0005}","{""detection_events"":13879,""detectors_checked"":6173664}"
     20753,         0,         0,   0.374,exact_mw,cb12ae119b9b2ba18d0216e7235b403229e92fd0743ede48fe7f1a2c6f45d594,"{""distance"":5,""physical_error_rate"":0.0005}","{""detection_events"":10041,""detectors_checked"":4648672}"
     26624,         0,         0,   0.480,exact_mw,cb12ae119b9b2ba18d0216e7235b403229e92fd0743ede48fe7f1a2c6f45d594,"{""distance"":5,""physical_error_rate"":0.0005}","{""detection_events"":13178,""detectors_checked"":5963776}"
     24576,         0,         0,   0.338,exact_mw,cb12ae119b9b2ba18d0216e7235b403229e92fd0743ede48fe7f1a2c6f45d594,"{""distance"":5,""physical_error_rate"":0.0005}","{""detection_events"":12215,""detectors_checked"":5505024}"
     28672,         0,         0,   0.612,exact_mw,cb12ae119b9b2ba18d0216e7235b403229e92fd0743ede48fe7f1a2c6f45d594,"{""distance"":5,""physical_error_rate"":0.0005}","{""detection_events"":14299,""detectors_checked"":6422528}"
     28798,         0,         0,   0.265,exact_mw,cb12ae119b9b2ba18d0216e7235b403229e92fd0743ede48fe7f1a2c6f45d594,"{""distance"":5,""physical_error_rate"":0.0005}","{""detection_events"":14105,""detectors_checked"":6450752}"
     25600,         0,         0,   0.548,exact_mw,cb12ae119b9b2ba18d0216e7235b403229e92fd0743ede48fe7f1a2c6f45d594,"{""distance"":5,""physical_error_rate"":0.0005}","{""detection_events"":12628,""detectors_checked"":5734400}"
     23350,         0,         0,   0.457,exact_mw,cb12ae119b9b2ba18d0216e7235b403229e92fd0743ede48fe7f1a2c6f45d594,"{""distance"":5,""physical_error_rate"":0.0005}","{""detection_events"":11195,""detectors_checked"":5230400}"
     24576,         0,         0,   0.330,exact_mw,cb12ae119b9b2ba18d0216e7235b403229e92fd0743ede48fe7f1a2c6f45d594,"{""distance"":5,""physical_error_rate"":0.0005}","{""detection_events"":11960,""detectors_checked"":5505024}"
     19456,         0,         0,   0.322,exact_mw,cb12ae119b9b2ba18d0216e7235b403229e92fd0743ede48fe7f1a2c6f45d594,"{""distance"":5,""physical_error_rate"":0.0005}","{""detection_events"":9547,""detectors_checked"":4358144}"
     24576,         0,         0,   0.452,exact_mw,cb12ae119b9b2ba18d0216e7235b403229e92fd0743ede48fe7f1a2c6f45d594,"{""distance"":5,""physical_error_rate"":0.0005}","{""detection_events"":11898,""detectors_checked"":5505024}"
     23552,         0,         0,   0.543,exact_mw,cb12ae119b9b2ba18d0216e7235b403229e92fd0743ede48fe7f1a2c6f45d594,"{""distance"":5,""physical_error_rate"":0.0005}","{""detection_events"":11277,""detectors_checked"":5275648}"
     16937,         0,         0,   0.300,exact_mw,cb12ae119b9b2ba18d0216e7235b403229e92fd0743ede48fe7f1a2c6f45d594,"{""distance"":5,""physical_error_rate"":0.0005}","{""detection_events"":8333,""detectors_checked"":3793888}"
     18432,         0,         0,   0.345,exact_mw,cb12ae119b9b2ba18d0216e7235b403229e92fd0743ede48fe7f1a2c6f45d594,"{""distance"":5,""physical_error_rate"":0.0005}","{""detection_events"":9161,""detectors_checked"":4128768}"
     16937,         0,         0,   0.426,exact_mw,cb12ae119b9b2ba18d0216e7235b403229e92fd0743ede48fe7f1a2c6f45d594,"{""distance"":5,""physical_error_rate"":0.0005}","{""detection_events"":8460,""detectors_checked"":3793888}"
     22528,         0,         0,   0.504,exact_mw,cb12ae119b9b2ba18d0216e7235b403229e92fd0743ede48fe7f1a2c6f45d594,"{""distance"":5,""physical_error_rate"":0.0005}","{""detection_events"":11313,""detectors_checked"":5046272}"
     17408,         0,         0,   0.343,exact_mw,cb12ae119b9b2ba18d0216e7235b403229e92fd0743ede48fe7f1a2c6f45d594,"{""distance"":5,""physical_error_rate"":0.0005}","{""detection_events"":8667,""detectors_checked"":3899392}"
     14415,         0,         0,   0.202,exact_mw,cb12ae119b9b2ba18d0216e7235b403229e92fd0743ede48fe7f1a2c6f45d594,"{""distance"":5,""physical_error_rate"":0.0005}","{""detection_events"":6948,""detectors_checked"":3228960}"
     24576,         0,         0,   0.340,exact_mw,cb12ae119b9b2ba18d0216e7235b403229e92fd0743ede48fe7f1a2c6f45d594,"{""distance"":5,""physical_error_rate"":0.0005}","{""detection_events"":12006,""detectors_checked"":5505024}"
     21504,         0,         0,   0.374,exact_mw,cb12ae119b9b2ba18d0216e7235b403229e92fd0743ede48fe7f1a2c6f45d594,"{""distance"":5,""physical_error_rate"":0.0005}","{""detection_events"":10418,""detectors_checked"":4816896}"
     18432,         0,         0,   0.228,exact_mw,cb12ae119b9b2ba18d0216e7235b403229e92fd0743ede48fe7f1a2c6f45d594,"{""distance"":5,""physical_error_rate"":0.0005}","{""detection_events"":8774,""detectors_checked"":4128768}"
     31744,         0,         0,   0.705,exact_mw,cb12ae119b9b2ba18d0216e7235b403229e92fd0743ede48fe7f1a2c6f45d594,"{""distance"":5,""physical_error_rate"":0.0005}","{""detection_events"":15702,""detectors_checked"":7110656}"
     22528,         0,         0,   0.416,exact_mw,cb12ae119b9b2ba18d0216e7235b403229e92fd0743ede48fe7f1a2c6f45d594,"{""distance"":5,""physical_error_rate"":0.0005}","{""detection_events"":10682,""detectors_checked"":5046272}"
     18432,         0,         0,   0.279,exact_mw,cb12ae119b9b2ba18d0216e7235b403229e92fd0743ede48fe7f1a2c6f45d594,"{""distance"":5,""physical_error_rate"":0.0005}","{""detection_events"":9284,""detectors_checked"":4128768}"
     17408,         0,         0,   0.317,exact_mw,cb12ae119b9b2ba18d0216e7235b403229e92fd0743ede48fe7f1a2c6f45d594,"{""distance"":5,""physical_error_rate"":0.0005}","{""detection_events"":8510,""detectors_checked"":3899392}"
     21504,         0,         0,   0.535,exact_mw,cb12ae119b9b2ba18d0216e7235b403229e92fd0743ede48fe7f1a2c6f45d594,"{""distance"":5,""physical_error_rate"":0.0005}","{""detection_events"":10583,""detectors_checked"":4816896}"
     16937,         0,         0,   0.428,exact_mw,cb12ae119b9b2ba18d0216e7235b403229e92fd0743ede48fe7f1a2c6f45d594,"{""distance"":5,""physical_error_rate"":0.0005}","{""detection_events"":8241,""detectors_checked"":3793888}"
     17408,         0,         0,   0.305,exact_mw,cb12ae119b9b2ba18d0216e7235b403229e92fd0743ede48fe7f1a2c6f45d594,"{""distance"":5,""physical_error_rate"":0.0005}","{""detection_events"":8718,""detectors_checked"":3899392}"
     20480,         0,         0,   0.360,exact_mw,cb12ae119b9b2ba18d0216e7235b403229e92fd0743ede48fe7f1a2c6f45d594,"{""distance"":5,""physical_error_rate"":0.0005}","{""detection_events"":9963,""detectors_checked"":4587520}"
     21572,         0,         0,   0.454,exact_mw,cb12ae119b9b2ba18d0216e7235b403229e92fd0743ede48fe7f1a2c6f45d594,"{""distance"":5,""physical_error_rate"":0.0005}","{""detection_events"":10700,""detectors_checked"":4832128}"
     25409,         0,         0,   0.479,exact_mw,cb12ae119b9b2ba18d0216e7235b403229e92fd0743ede48fe7f1a2c6f45d594,"{""distance"":5,""physical_error_rate"":0.0005}","{""detection_events"":12802,""detectors_checked"":5691616}"
     21504,         0,         0,   0.504,exact_mw,cb12ae119b9b2ba18d0216e7235b403229e92fd0743ede48fe7f1a2c6f45d594,"{""distance"":5,""physical_error_rate"":0.0005}","{""detection_events"":10570,""detectors_checked"":4816896}"
     19456,         0,         0,   0.561,exact_mw,cb12ae119b9b2ba18d0216e7235b403229e92fd0743ede48fe7f1a2c6f45d594,"{""distance"":5,""physical_error_rate"":0.0005}","{""detection_events"":9495,""detectors_checked"":4358144}"
     21504,         0,         0,   0.422,exact_mw,cb12ae119b9b2ba18d0216e7235b403229e92fd0743ede48fe7f1a2c6f45d594,"{""distance"":5,""physical_error_rate"":0.0005}","{""detection_events"":10285,""detectors_checked"":4816896}"
     16937,         0,         0,   0.472,exact_mw,cb12ae119b9b2ba18d0216e7235b403229e92fd0743ede48fe7f1a2c6f45d594,"{""distance"":5,""physical_error_rate"":0.0005}","{""detection_events"":8519,""detectors_checked"":3793888}"
     21991,         0,         0,   0.396,exact_mw,cb12ae119b9b2ba18d0216e7235b403229e92fd0743ede48fe7f1a2c6f45d594,"{""distance"":5,""physical_error_rate"":0.0005}","{""detection_events"":10815,""detectors_checked"":4925984}"
     22528,         0,         0,   0.368,exact_mw,cb12ae119b9b2ba18d0216e7235b403229e92fd0743ede48fe7f1a2c6f45d594,"{""distance"":5,""physical_error_rate"":0.0005}","{""detection_events"":11141,""detectors_checked"":5046272}"
     18432,         0,         0,   0.415,exact_mw,cb12ae119b9b2ba18d0216e7235b403229e92fd0743ede48fe7f1a2c6f45d594,"{""distance"":5,""physical_error_rate"":0.0005}","{""detection_events"":9321,""detectors_checked"":4128768}"
     27648,         0,         0,   0.428,exact_mw,cb12ae119b9b2ba18d0216e7235b403229e92fd0743ede48fe7f1a2c6f45d594,"{""distance"":5,""physical_error_rate"":0.0005}","{""detection_events"":13742,""detectors_checked"":6193152}"
     18432,         0,         0,   0.419,exact_mw,cb12ae119b9b2ba18d0216e7235b403229e92fd0743ede48fe7f1a2c6f45d594,"{""distance"":5,""physical_error_rate"":0.0005}","{""detection_events"":9139,""detectors_checked"":4128768}"
     24576,         0,         0,   0.505,exact_mw,cb12ae119b9b2ba18d0216e7235b403229e92fd0743ede48fe7f1a2c6f45d594,"{""distance"":5,""physical_error_rate"":0.0005}","{""detection_events"":12068,""detectors_checked"":5505024}"
     21504,         0,         0,   0.504,exact_mw,cb12ae119b9b2ba18d0216e7235b403229e92fd0743ede48fe7f1a2c6f45d594,"{""distance"":5,""physical_error_rate"":0.0005}","{""detection_events"":10707,""detectors_checked"":4816896}"
     23552,         0,         0,   0.543,exact_mw,cb12ae119b9b2ba18d0216e7235b403229e92fd0743ede48fe7f1a2c6f45d594,"{""distance"":5,""physical_error_rate"":0.0005}","{""detection_events"":11550,""detectors_checked"":5275648}"
      3559,         0,         0,   0.021,exact_mw,cb12ae119b9b2ba18d0216e7235b403229e92fd0743ede48fe7f1a2c6f45d594,"{""distance"":5,""physical_error_rate"":0.0005}","{""detection_events"":1725,""detectors_checked"":797216}"
     19456,         0,         0,   0.385,exact_mw,cb12ae119b9b2ba18d0216e7235b403229e92fd0743ede48fe7f1a2c6f45d594,"{""distance"":5,""physical_error_rate"":0.0005}","{""detection_events"":9557,""detectors_checked"":4358144}"
      3671,         0,         0,   0.019,exact_mw,cb12ae119b9b2ba18d0216e7235b403229e92fd0743ede48fe7f1a2c6f45d594,"{""distance"":5,""physical_error_rate"":0.0005}","{""detection_events"":1760,""detectors_checked"":822304}"
     28672,         0,         0,   0.562,exact_mw,cb12ae119b9b2ba18d0216e7235b403229e92fd0743ede48fe7f1a2c6f45d594,"{""distance"":5,""physical_error_rate"":0.0005}","{""detection_events"":14194,""detectors_checked"":6422528}"
      6422,         0,         0,   0.064,exact_mw,cb12ae119b9b2ba18d0216e7235b403229e92fd0743ede48fe7f1a2c6f45d594,"{""distance"":5,""physical_error_rate"":0.0005}","{""detection_events"":3237,""detectors_checked"":1438528}"
     21991,         0,         0,   0.395,exact_mw,cb12ae119b9b2ba18d0216e7235b403229e92fd0743ede48fe7f1a2c6f45d594,"{""distance"":5,""physical_error_rate"":0.0005}","{""detection_events"":10830,""detectors_checked"":4925984}"
      6298,         0,         0,   0.052,exact_mw,cb12ae119b9b2ba18d0216e7235b403229e92fd0743ede48fe7f1a2c6f45d594,"{""distance"":5,""physical_error_rate"":0.0005}","{""detection_events"":2872,""detectors_checked"":1410752}"
     27648,         0,         0,   0.478,exact_mw,cb12ae119b9b2ba18d0216e7235b403229e92fd0743ede48fe7f1a2c6f45d594,"{""distance"":5,""physical_error_rate"":0.0005}","{""detection_events"":13602,""detectors_checked"":6193152}"
      6429,         0,         0,   0.099,exact_mw,cb12ae119b9b2ba18d0216e7235b403229e92fd0743ede48fe7f1a2c6f45d594,"{""distance"":5,""physical_error_rate"":0.0005}","{""detection_events"":3320,""detectors_checked"":1440096}"
      7016,         0,         0,   0.081,exact_mw,cb12ae119b9b2ba18d0216e7235b403229e92fd0743ede48fe7f1a2c6f45d594,"{""distance"":5,""physical_error_rate"":0.0005}","{""detection_events"":3242,""detectors_checked"":1571584}"
     14691,         0,         0,   0.192,exact_mw,cb12ae119b9b2ba18d0216e7235b403229e92fd0743ede48fe7f1a2c6f45d594,"{""distance"":5,""physical_error_rate"":0.0005}","{""detection_events"":7633,""detectors_checked"":3290784}"
      6618,         0,         0,   0.100,exact_mw,cb12ae119b9b2ba18d0216e7235b403229e92fd0743ede48fe7f1a2c6f45d594,"{""distance"":5,""physical_error_rate"":0.0005}","{""detection_events"":3203,""detectors_checked"":1482432}"
      7872,         0,         0,   0.115,exact_mw,cb12ae119b9b2ba18d0216e7235b403229e92fd0743ede48fe7f1a2c6f45d594,"{""distance"":5,""physical_error_rate"":0.0005}","{""detection_events"":3729,""detectors_checked"":1763328}"
     16937,         0,         0,   0.200,exact_mw,cb12ae119b9b2ba18d0216e7235b403229e92fd0743ede48fe7f1a2c6f45d594,"{""distance"":5,""physical_error_rate"":0.0005}","{""detection_events"":7906,""detectors_checked"":3793888}"
      4938,         0,         0,   0.038,exact_mw,cb12ae119b9b2ba18d0216e7235b403229e92fd0743ede48fe7f1a2c6f45d594,"{""distance"":5,""physical_error_rate"":0.0005}","{""detection_events"":2273,""detectors_checked"":1106112}"
      6652,         0,         0,   0.107,exact_mw,cb12ae119b9b2ba18d0216e7235b403229e92fd0743ede48fe7f1a2c6f45d594,"{""distance"":5,""physical_error_rate"":0.0005}","{""detection_events"":3235,""detectors_checked"":1490048}"
      7669,         0,         0,   0.115,exact_mw,cb12ae119b9b2ba18d0216e7235b403229e92fd0743ede48fe7f1a2c6f45d594,"{""distance"":5,""physical_error_rate"":0.0005}","{""detection_events"":3899,""detectors_checked"":1717856}"
     13990,         0,         0,   0.138,exact_mw,cb12ae119b9b2ba18d0216e7235b403229e92fd0743ede48fe7f1a2c6f45d594,"{""distance"":5,""physical_error_rate"":0.0005}","{""detection_events"":6706,""detectors_checked"":3133760}"
      4972,         0,         0,   0.047,exact_mw,cb12ae119b9b2ba18d0216e7235b403229e92fd0743ede48fe7f1a2c6f45d594,"{""distance"":5,""physical_error_rate"":0.0005}","{""detection_events"":2367,""detectors_checked"":1113728}"
      7253,         0,         0,   0.054,exact_mw,cb12ae119b9b2ba18d0216e7235b403229e92fd0743ede48fe7f1a2c6f45d594,"{""distance"":5,""physical_error_rate"":0.0005}","{""detection_events"":3559,""detectors_checked"":1624672}"
      7324,         0,         0,   0.116,exact_mw,cb12ae119b9b2ba18d0216e7235b403229e92fd0743ede48fe7f1a2c6f45d594,"{""distance"":5,""physical_error_rate"":0.0005}","{""detection_events"":3656,""detectors_checked"":1640576}"
     20480,         0,         0,   0.383,exact_mw,cb12ae119b9b2ba18d0216e7235b403229e92fd0743ede48fe7f1a2c6f45d594,"{""distance"":5,""physical_error_rate"":0.0005}","{""detection_events"":10245,""detectors_checked"":4587520}"
      7620,         0,         0,   0.127,exact_mw,cb12ae119b9b2ba18d0216e7235b403229e92fd0743ede48fe7f1a2c6f45d594,"{""distance"":5,""physical_error_rate"":0.0005}","{""detection_events"":3743,""detectors_checked"":1706880}"
     12482,         0,         0,   0.184,exact_mw,cb12ae119b9b2ba18d0216e7235b403229e92fd0743ede48fe7f1a2c6f45d594,"{""distance"":5,""physical_error_rate"":0.0005}","{""detection_events"":6325,""detectors_checked"":2795968}"
      8368,         0,         0,   0.102,exact_mw,cb12ae119b9b2ba18d0216e7235b403229e92fd0743ede48fe7f1a2c6f45d594,"{""distance"":5,""physical_error_rate"":0.0005}","{""detection_events"":4093,""detectors_checked"":1874432}"
       833,         0,         0,   0.005,exact_mw,cb12ae119b9b2ba18d0216e7235b403229e92fd0743ede48fe7f1a2c6f45d594,"{""distance"":5,""physical_error_rate"":0.0005}","{""detection_events"":472,""detectors_checked"":186592}"
      7900,         0,         0,   0.121,exact_mw,cb12ae119b9b2ba18d0216e7235b403229e92fd0743ede48fe7f1a2c6f45d594,"{""distance"":5,""physical_error_rate"":0.0005}","{""detection_events"":3705,""detectors_checked"":1769600}"
     14336,         0,         0,   0.440,exact_mw,cb12ae119b9b2ba18d0216e7235b403229e92fd0743ede48fe7f1a2c6f45d594,"{""distance"":5,""physical_error_rate"":0.0005}","{""detection_events"":7283,""detectors_checked"":3211264}"
      6085,         0,         0,   0.075,exact_mw,cb12ae119b9b2ba18d0216e7235b403229e92fd0743ede48fe7f1a2c6f45d594,"{""distance"":5,""physical_error_rate"":0.0005}","{""detection_events"":3059,""detectors_checked"":1363040}"
      8053,         0,         0,   0.092,exact_mw,cb12ae119b9b2ba18d0216e7235b403229e92fd0743ede48fe7f1a2c6f45d594,"{""distance"":5,""physical_error_rate"":0.0005}","{""detection_events"":3909,""detectors_checked"":1803872}"
      7423,         0,         0,   0.080,exact_mw,cb12ae119b9b2ba18d0216e7235b403229e92fd0743ede48fe7f1a2c6f45d594,"{""distance"":5,""physical_error_rate"":0.0005}","{""detection_events"":3661,""detectors_checked"":1662752}"
      9815,         0,         0,   0.087,exact_mw,cb12ae119b9b2ba18d0216e7235b403229e92fd0743ede48fe7f1a2c6f45d594,"{""distance"":5,""physical_error_rate"":0.0005}","{""detection_events"":4960,""detectors_checked"":2198560}"
      1128,         0,         0,   0.004,exact_mw,cb12ae119b9b2ba18d0216e7235b403229e92fd0743ede48fe7f1a2c6f45d594,"{""distance"":5,""physical_error_rate"":0.0005}","{""detection_events"":547,""detectors_checked"":252672}"
       489,         0,         0,   0.002,exact_mw,cb12ae119b9b2ba18d0216e7235b403229e92fd0743ede48fe7f1a2c6f45d594,"{""distance"":5,""physical_error_rate"":0.0005}","{""detection_events"":224,""detectors_checked"":109536}"
      9621,         0,         0,   0.113,exact_mw,cb12ae119b9b2ba18d0216e7235b403229e92fd0743ede48fe7f1a2c6f45d594,"{""distance"":5,""physical_error_rate"":0.0005}","{""detection_events"":4818,""detectors_checked"":2155104}"
     14336,         0,         0,   0.180,exact_mw,cb12ae119b9b2ba18d0216e7235b403229e92fd0743ede48fe7f1a2c6f45d594,"{""distance"":5,""physical_error_rate"":0.0005}","{""detection_events"":6928,""detectors_checked"":3211264}"
       276,         0,         0,   0.001,exact_mw,cb12ae119b9b2ba18d0216e7235b403229e92fd0743ede48fe7f1a2c6f45d594,"{""distance"":5,""physical_error_rate"":0.0005}","{""detection_events"":113,""detectors_checked"":61824}"
      6519,         0,         0,   0.117,exact_mw,cb12ae119b9b2ba18d0216e7235b403229e92fd0743ede48fe7f1a2c6f45d594,"{""distance"":5,""physical_error_rate"":0.0005}","{""detection_events"":3243,""detectors_checked"":1460256}"
      7016,         0,         0,   0.051,exact_mw,cb12ae119b9b2ba18d0216e7235b403229e92fd0743ede48fe7f1a2c6f45d594,"{""distance"":5,""physical_error_rate"":0.0005}","{""detection_events"":3407,""detectors_checked"":1571584}"
      6795,         0,         0,   0.056,exact_mw,cb12ae119b9b2ba18d0216e7235b403229e92fd0743ede48fe7f1a2c6f45d594,"{""distance"":5,""physical_error_rate"":0.0005}","{""detection_events"":3307,""detectors_checked"":1522080}"
      6448,         0,         0,   0.049,exact_mw,cb12ae119b9b2ba18d0216e7235b403229e92fd0743ede48fe7f1a2c6f45d594,"{""distance"":5,""physical_error_rate"":0.0005}","{""detection_events"":3236,""detectors_checked"":1444352}"
     10240,         0,         0,   0.112,exact_mw,cb12ae119b9b2ba18d0216e7235b403229e92fd0743ede48fe7f1a2c6f45d594,"{""distance"":5,""physical_error_rate"":0.0005}","{""detection_events"":4947,""detectors_checked"":2293760}"
      6708,         0,         0,   0.122,exact_mw,cb12ae119b9b2ba18d0216e7235b403229e92fd0743ede48fe7f1a2c6f45d594,"{""distance"":5,""physical_error_rate"":0.0005}","{""detection_events"":3352,""detectors_checked"":1502592}"
      9216,         0,         0,   0.157,exact_mw,cb12ae119b9b2ba18d0216e7235b403229e92fd0743ede48fe7f1a2c6f45d594,"{""distance"":5,""physical_error_rate"":0.0005}","{""detection_events"":4262,""detectors_checked"":2064384}"
     16384,         0,         0,   0.213,exact_mw,cb12ae119b9b2ba18d0216e7235b403229e92fd0743ede48fe7f1a2c6f45d594,"{""distance"":5,""physical_error_rate"":0.0005}","{""detection_events"":8175,""detectors_checked"":3670016}"
     17408,         0,         0,   0.190,exact_mw,cb12ae119b9b2ba18d0216e7235b403229e92fd0743ede48fe7f1a2c6f45d594,"{""distance"":5,""physical_error_rate"":0.0005}","{""detection_events"":8564,""detectors_checked"":3899392}"
      8192,         1,         0,   0.162,exact_mw,cb12ae119b9b2ba18d0216e7235b403229e92fd0743ede48fe7f1a2c6f45d594,"{""distance"":5,""physical_error_rate"":0.0005}","{""detection_events"":3817,""detectors_checked"":1835008,""obs_mistake_mask=E"":1}"
     12288,         0,         0,   0.135,exact_mw,cb12ae119b9b2ba18d0216e7235b403229e92fd0743ede48fe7f1a2c6f45d594,"{""distance"":5,""physical_error_rate"":0.0005}","{""detection_events"":5868,""detectors_checked"":2752512}"
       833,         0,         0,   0.004,exact_mw,cb12ae119b9b2ba18d0216e7235b403229e92fd0743ede48fe7f1a2c6f45d594,"{""distance"":5,""physical_error_rate"":0.0005}","{""detection_events"":367,""detectors_checked"":186592}"
       119,         0,         0,   0.001,exact_mw,cb12ae119b9b2ba18d0216e7235b403229e92fd0743ede48fe7f1a2c6f45d594,"{""distance"":5,""physical_error_rate"":0.0005}","{""detection_events"":66,""detectors_checked"":26656}"
       388,         0,         0,   0.002,exact_mw,cb12ae119b9b2ba18d0216e7235b403229e92fd0743ede48fe7f1a2c6f45d594,"{""distance"":5,""physical_error_rate"":0.0005}","{""detection_events"":221,""detectors_checked"":86912}"
      6234,         0,         0,   0.124,exact_mw,cb12ae119b9b2ba18d0216e7235b403229e92fd0743ede48fe7f1a2c6f45d594,"{""distance"":5,""physical_error_rate"":0.0005}","{""detection_events"":3102,""detectors_checked"":1396416}"
     16384,         0,         0,   0.206,exact_mw,cb12ae119b9b2ba18d0216e7235b403229e92fd0743ede48fe7f1a2c6f45d594,"{""distance"":5,""physical_error_rate"":0.0005}","{""detection_events"":8306,""detectors_checked"":3670016}"
      1626,         0,         0,   0.005,exact_mw,cb12ae119b9b2ba18d0216e7235b403229e92fd0743ede48fe7f1a2c6f45d594,"{""distance"":5,""physical_error_rate"":0.0005}","{""detection_events"":785,""detectors_checked"":364224}"
       100,         0,         0,   0.000,exact_mw,cb12ae119b9b2ba18d0216e7235b403229e92fd0743ede48fe7f1a2c6f45d594,"{""distance"":5,""physical_error_rate"":0.0005}","{""detection_events"":30,""detectors_checked"":22400}"
      1846,         0,         0,   0.008,exact_mw,cb12ae119b9b2ba18d0216e7235b403229e92fd0743ede48fe7f1a2c6f45d594,"{""distance"":5,""physical_error_rate"":0.0005}","{""detection_events"":887,""detectors_checked"":413504}"
     12017,         0,         0,   0.138,exact_mw,cb12ae119b9b2ba18d0216e7235b403229e92fd0743ede48fe7f1a2c6f45d594,"{""distance"":5,""physical_error_rate"":0.0005}","{""detection_events"":5986,""detectors_checked"":2691808}"
      2395,         0,         0,   0.007,exact_mw,cb12ae119b9b2ba18d0216e7235b403229e92fd0743ede48fe7f1a2c6f45d594,"{""distance"":5,""physical_error_rate"":0.0005}","{""detection_events"":1051,""detectors_checked"":536480}"
       258,         0,         0,   0.002,exact_mw,cb12ae119b9b2ba18d0216e7235b403229e92fd0743ede48fe7f1a2c6f45d594,"{""distance"":5,""physical_error_rate"":0.0005}","{""detection_events"":116,""detectors_checked"":57792}"
       701,         0,         0,   0.002,exact_mw,cb12ae119b9b2ba18d0216e7235b403229e92fd0743ede48fe7f1a2c6f45d594,"{""distance"":5,""physical_error_rate"":0.0005}","{""detection_events"":349,""detectors_checked"":157024}"
      6940,         0,         0,   0.118,exact_mw,cb12ae119b9b2ba18d0216e7235b403229e92fd0743ede48fe7f1a2c6f45d594,"{""distance"":5,""physical_error_rate"":0.0005}","{""detection_events"":3436,""detectors_checked"":1554560}"
       355,         0,         0,   0.003,exact_mw,cb12ae119b9b2ba18d0216e7235b403229e92fd0743ede48fe7f1a2c6f45d594,"{""distance"":5,""physical_error_rate"":0.0005}","{""detection_events"":167,""detectors_checked"":79520}"
       701,         0,         0,   0.003,exact_mw,cb12ae119b9b2ba18d0216e7235b403229e92fd0743ede48fe7f1a2c6f45d594,"{""distance"":5,""physical_error_rate"":0.0005}","{""detection_events"":410,""detectors_checked"":157024}"
      2647,         0,         0,   0.018,exact_mw,cb12ae119b9b2ba18d0216e7235b403229e92fd0743ede48fe7f1a2c6f45d594,"{""distance"":5,""physical_error_rate"":0.0005}","{""detection_events"":1401,""detectors_checked"":592928}"
      6308,         0,         0,   0.042,exact_mw,cb12ae119b9b2ba18d0216e7235b403229e92fd0743ede48fe7f1a2c6f45d594,"{""distance"":5,""physical_error_rate"":0.0005}","{""detection_events"":3121,""detectors_checked"":1412992}"
       553,         0,         0,   0.003,exact_mw,cb12ae119b9b2ba18d0216e7235b403229e92fd0743ede48fe7f1a2c6f45d594,"{""distance"":5,""physical_error_rate"":0.0005}","{""detection_events"":324,""detectors_checked"":123872}"
     13312,         0,         0,   0.159,exact_mw,cb12ae119b9b2ba18d0216e7235b403229e92fd0743ede48fe7f1a2c6f45d594,"{""distance"":5,""physical_error_rate"":0.0005}","{""detection_events"":6641,""detectors_checked"":2981888}"
      2881,         0,         0,   0.015,exact_mw,cb12ae119b9b2ba18d0216e7235b403229e92fd0743ede48fe7f1a2c6f45d594,"{""distance"":5,""physical_error_rate"":0.0005}","{""detection_events"":1442,""detectors_checked"":645344}"
        12,         0,         0,   0.000,exact_mw,cb12ae119b9b2ba18d0216e7235b403229e92fd0743ede48fe7f1a2c6f45d594,"{""distance"":5,""physical_error_rate"":0.0005}","{""detection_events"":6,""detectors_checked"":2688}"
      2246,         0,         0,   0.022,exact_mw,cb12ae119b9b2ba18d0216e7235b403229e92fd0743ede48fe7f1a2c6f45d594,"{""distance"":5,""physical_error_rate"":0.0005}","{""detection_events"":1139,""detectors_checked"":503104}"
       150,         0,         0,   0.001,exact_mw,cb12ae119b9b2ba18d0216e7235b403229e92fd0743ede48fe7f1a2c6f45d594,"{""distance"":5,""physical_error_rate"":0.0005}","{""detection_events"":93,""detectors_checked"":33600}"
      8417,         0,         0,   0.135,exact_mw,cb12ae119b9b2ba18d0216e7235b403229e92fd0743ede48fe7f1a2c6f45d594,"{""distance"":5,""physical_error_rate"":0.0005}","{""detection_events"":4458,""detectors_checked"":1885408}"
       135,         0,         0,   0.001,exact_mw,cb12ae119b9b2ba18d0216e7235b403229e92fd0743ede48fe7f1a2c6f45d594,"{""distance"":5,""physical_error_rate"":0.0005}","{""detection_events"":54,""detectors_checked"":30240}"
        35,         0,         0,   0.000,exact_mw,cb12ae119b9b2ba18d0216e7235b403229e92fd0743ede48fe7f1a2c6f45d594,"{""distance"":5,""physical_error_rate"":0.0005}","{""detection_events"":8,""detectors_checked"":7840}"
      8192,         0,         0,   0.106,exact_mw,cb12ae119b9b2ba18d0216e7235b403229e92fd0743ede48fe7f1a2c6f45d594,"{""distance"":5,""physical_error_rate"":0.0005}","{""detection_events"":4027,""detectors_checked"":1835008}"
      1004,         0,         0,   0.004,exact_mw,cb12ae119b9b2ba18d0216e7235b403229e92fd0743ede48fe7f1a2c6f45d594,"{""distance"":5,""physical_error_rate"":0.0005}","{""detection_events"":524,""detectors_checked"":224896}"
       322,         0,         0,   0.002,exact_mw,cb12ae119b9b2ba18d0216e7235b403229e92fd0743ede48fe7f1a2c6f45d594,"{""distance"":5,""physical_error_rate"":0.0005}","{""detection_events"":176,""detectors_checked"":72128}"
         3,         0,         0,   0.000,exact_mw,cb12ae119b9b2ba18d0216e7235b403229e92fd0743ede48fe7f1a2c6f45d594,"{""distance"":5,""physical_error_rate"":0.0005}","{""detectors_checked"":672}"
      3419,         0,         0,   0.013,exact_mw,cb12ae119b9b2ba18d0216e7235b403229e92fd0743ede48fe7f1a2c6f45d594,"{""distance"":5,""physical_error_rate"":0.0005}","{""detection_events"":1564,""detectors_checked"":765856}"
        29,         0,         0,   0.000,exact_mw,cb12ae119b9b2ba18d0216e7235b403229e92fd0743ede48fe7f1a2c6f45d594,"{""distance"":5,""physical_error_rate"":0.0005}","{""detection_events"":10,""detectors_checked"":6496}"
        26,         0,         0,   0.000,exact_mw,cb12ae119b9b2ba18d0216e7235b403229e92fd0743ede48fe7f1a2c6f45d594,"{""distance"":5,""physical_error_rate"":0.0005}","{""detection_events"":17,""detectors_checked"":5824}"
        41,         0,         0,   0.000,exact_mw,cb12ae119b9b2ba18d0216e7235b403229e92fd0743ede48fe7f1a2c6f45d594,"{""distance"":5,""physical_error_rate"":0.0005}","{""detection_events"":13,""detectors_checked"":9184}"
        68,         0,         0,   0.000,exact_mw,cb12ae119b9b2ba18d0216e7235b403229e92fd0743ede48fe7f1a2c6f45d594,"{""distance"":5,""physical_error_rate"":0.0005}","{""detection_events"":51,""detectors_checked"":15232}"
     10240,         0,         0,   0.141,exact_mw,cb12ae119b9b2ba18d0216e7235b403229e92fd0743ede48fe7f1a2c6f45d594,"{""distance"":5,""physical_error_rate"":0.0005}","{""detection_events"":4847,""detectors_checked"":2293760}"
       553,         0,         0,   0.003,exact_mw,cb12ae119b9b2ba18d0216e7235b403229e92fd0743ede48fe7f1a2c6f45d594,"{""distance"":5,""physical_error_rate"":0.0005}","{""detection_events"":255,""detectors_checked"":123872}"
        56,         0,         0,   0.001,exact_mw,cb12ae119b9b2ba18d0216e7235b403229e92fd0743ede48fe7f1a2c6f45d594,"{""distance"":5,""physical_error_rate"":0.0005}","{""detection_events"":31,""detectors_checked"":12544}"
       337,         0,         0,   0.001,exact_mw,cb12ae119b9b2ba18d0216e7235b403229e92fd0743ede48fe7f1a2c6f45d594,"{""distance"":5,""physical_error_rate"":0.0005}","{""detection_events"":128,""detectors_checked"":75488}"
     12288,         0,         0,   0.152,exact_mw,cb12ae119b9b2ba18d0216e7235b403229e92fd0743ede48fe7f1a2c6f45d594,"{""distance"":5,""physical_error_rate"":0.0005}","{""detection_events"":5895,""detectors_checked"":2752512}"
        10,         0,         0,   0.000,exact_mw,cb12ae119b9b2ba18d0216e7235b403229e92fd0743ede48fe7f1a2c6f45d594,"{""distance"":5,""physical_error_rate"":0.0005}","{""detection_events"":9,""detectors_checked"":2240}"
      2947,         0,         0,   0.019,exact_mw,cb12ae119b9b2ba18d0216e7235b403229e92fd0743ede48fe7f1a2c6f45d594,"{""distance"":5,""physical_error_rate"":0.0005}","{""detection_events"":1516,""detectors_checked"":660128}"
     10240,         0,         0,   0.121,exact_mw,cb12ae119b9b2ba18d0216e7235b403229e92fd0743ede48fe7f1a2c6f45d594,"{""distance"":5,""physical_error_rate"":0.0005}","{""detection_events"":4971,""detectors_checked"":2293760}"
     11264,         0,         0,   0.158,exact_mw,cb12ae119b9b2ba18d0216e7235b403229e92fd0743ede48fe7f1a2c6f45d594,"{""distance"":5,""physical_error_rate"":0.0005}","{""detection_events"":5462,""detectors_checked"":2523136}"
       780,         0,         0,   0.002,exact_mw,cb12ae119b9b2ba18d0216e7235b403229e92fd0743ede48fe7f1a2c6f45d594,"{""distance"":5,""physical_error_rate"":0.0005}","{""detection_events"":450,""detectors_checked"":174720}"
        67,         0,         0,   0.000,exact_mw,cb12ae119b9b2ba18d0216e7235b403229e92fd0743ede48fe7f1a2c6f45d594,"{""distance"":5,""physical_error_rate"":0.0005}","{""detection_events"":38,""detectors_checked"":15008}"
      5540,         0,         0,   0.033,exact_mw,cb12ae119b9b2ba18d0216e7235b403229e92fd0743ede48fe7f1a2c6f45d594,"{""distance"":5,""physical_error_rate"":0.0005}","{""detection_events"":2822,""detectors_checked"":1240960}"
        41,         0,         0,   0.000,exact_mw,cb12ae119b9b2ba18d0216e7235b403229e92fd0743ede48fe7f1a2c6f45d594,"{""distance"":5,""physical_error_rate"":0.0005}","{""detection_events"":22,""detectors_checked"":9184}"
      9126,         0,         0,   0.165,exact_mw,cb12ae119b9b2ba18d0216e7235b403229e92fd0743ede48fe7f1a2c6f45d594,"{""distance"":5,""physical_error_rate"":0.0005}","{""detection_events"":4526,""detectors_checked"":2044224}"
        19,         0,         0,   0.000,exact_mw,cb12ae119b9b2ba18d0216e7235b403229e92fd0743ede48fe7f1a2c6f45d594,"{""distance"":5,""physical_error_rate"":0.0005}","{""detection_events"":10,""detectors_checked"":4256}"
        49,         0,         0,   0.000,exact_mw,cb12ae119b9b2ba18d0216e7235b403229e92fd0743ede48fe7f1a2c6f45d594,"{""distance"":5,""physical_error_rate"":0.0005}","{""detection_events"":21,""detectors_checked"":10976}"
      7185,         0,         0,   0.146,exact_mw,cb12ae119b9b2ba18d0216e7235b403229e92fd0743ede48fe7f1a2c6f45d594,"{""distance"":5,""physical_error_rate"":0.0005}","{""detection_events"":3449,""detectors_checked"":1609440}"
      7168,         0,         0,   0.096,exact_mw,cb12ae119b9b2ba18d0216e7235b403229e92fd0743ede48fe7f1a2c6f45d594,"{""distance"":5,""physical_error_rate"":0.0005}","{""detection_events"":3361,""detectors_checked"":1605632}"
        20,         0,         0,   0.000,exact_mw,cb12ae119b9b2ba18d0216e7235b403229e92fd0743ede48fe7f1a2c6f45d594,"{""distance"":5,""physical_error_rate"":0.0005}","{""detection_events"":18,""detectors_checked"":4480}"
        74,         0,         0,   0.000,exact_mw,cb12ae119b9b2ba18d0216e7235b403229e92fd0743ede48fe7f1a2c6f45d594,"{""distance"":5,""physical_error_rate"":0.0005}","{""detection_events"":48,""detectors_checked"":16576}"
        73,         0,         0,   0.000,exact_mw,cb12ae119b9b2ba18d0216e7235b403229e92fd0743ede48fe7f1a2c6f45d594,"{""distance"":5,""physical_error_rate"":0.0005}","{""detection_events"":46,""detectors_checked"":16352}"
      2601,         0,         0,   0.014,exact_mw,cb12ae119b9b2ba18d0216e7235b403229e92fd0743ede48fe7f1a2c6f45d594,"{""distance"":5,""physical_error_rate"":0.0005}","{""detection_events"":1242,""detectors_checked"":582624}"
        51,         0,         0,   0.000,exact_mw,cb12ae119b9b2ba18d0216e7235b403229e92fd0743ede48fe7f1a2c6f45d594,"{""distance"":5,""physical_error_rate"":0.0005}","{""detection_events"":25,""detectors_checked"":11424}"
     15360,         0,         0,   0.210,exact_mw,cb12ae119b9b2ba18d0216e7235b403229e92fd0743ede48fe7f1a2c6f45d594,"{""distance"":5,""physical_error_rate"":0.0005}","{""detection_events"":7692,""detectors_checked"":3440640}"
      6144,         0,         0,   0.092,exact_mw,cb12ae119b9b2ba18d0216e7235b403229e92fd0743ede48fe7f1a2c6f45d594,"{""distance"":5,""physical_error_rate"":0.0005}","{""detection_events"":3145,""detectors_checked"":1376256}"
      2674,         0,         0,   0.024,exact_mw,cb12ae119b9b2ba18d0216e7235b403229e92fd0743ede48fe7f1a2c6f45d594,"{""distance"":5,""physical_error_rate"":0.0005}","{""detection_events"":1200,""detectors_checked"":598976}"
      7401,         0,         0,   0.130,exact_mw,cb12ae119b9b2ba18d0216e7235b403229e92fd0743ede48fe7f1a2c6f45d594,"{""distance"":5,""physical_error_rate"":0.0005}","{""detection_events"":3753,""detectors_checked"":1657824}"
      6944,         0,         0,   0.120,exact_mw,cb12ae119b9b2ba18d0216e7235b403229e92fd0743ede48fe7f1a2c6f45d594,"{""distance"":5,""physical_error_rate"":0.0005}","{""detection_events"":3488,""detectors_checked"":1555456}"
      3739,         0,         0,   0.036,exact_mw,cb12ae119b9b2ba18d0216e7235b403229e92fd0743ede48fe7f1a2c6f45d594,"{""distance"":5,""physical_error_rate"":0.0005}","{""detection_events"":1895,""detectors_checked"":837536}"
      2242,         0,         0,   0.013,exact_mw,cb12ae119b9b2ba18d0216e7235b403229e92fd0743ede48fe7f1a2c6f45d594,"{""distance"":5,""physical_error_rate"":0.0005}","{""detection_events"":1068,""detectors_checked"":502208}"
      7168,         0,         0,   0.094,exact_mw,cb12ae119b9b2ba18d0216e7235b403229e92fd0743ede48fe7f1a2c6f45d594,"{""distance"":5,""physical_error_rate"":0.0005}","{""detection_events"":3621,""detectors_checked"":1605632}"
      7106,         0,         0,   0.119,exact_mw,cb12ae119b9b2ba18d0216e7235b403229e92fd0743ede48fe7f1a2c6f45d594,"{""distance"":5,""physical_error_rate"":0.0005}","{""detection_events"":3440,""detectors_checked"":1591744}"
      7274,         0,         0,   0.136,exact_mw,cb12ae119b9b2ba18d0216e7235b403229e92fd0743ede48fe7f1a2c6f45d594,"{""distance"":5,""physical_error_rate"":0.0005}","{""detection_events"":3623,""detectors_checked"":1629376}"
      6442,         0,         0,   0.130,exact_mw,cb12ae119b9b2ba18d0216e7235b403229e92fd0743ede48fe7f1a2c6f45d594,"{""distance"":5,""physical_error_rate"":0.0005}","{""detection_events"":3230,""detectors_checked"":1443008}"
      7168,         0,         0,   0.098,exact_mw,cb12ae119b9b2ba18d0216e7235b403229e92fd0743ede48fe7f1a2c6f45d594,"{""distance"":5,""physical_error_rate"":0.0005}","{""detection_events"":3621,""detectors_checked"":1605632}"
      7016,         0,         0,   0.095,exact_mw,cb12ae119b9b2ba18d0216e7235b403229e92fd0743ede48fe7f1a2c6f45d594,"{""distance"":5,""physical_error_rate"":0.0005}","{""detection_events"":3443,""detectors_checked"":1571584}"
      7168,         0,         0,   0.110,exact_mw,cb12ae119b9b2ba18d0216e7235b403229e92fd0743ede48fe7f1a2c6f45d594,"{""distance"":5,""physical_error_rate"":0.0005}","{""detection_events"":3401,""detectors_checked"":1605632}"
      7168,         0,         0,   0.135,exact_mw,cb12ae119b9b2ba18d0216e7235b403229e92fd0743ede48fe7f1a2c6f45d594,"{""distance"":5,""physical_error_rate"":0.0005}","{""detection_events"":3557,""detectors_checked"":1605632}"
       156,         0,         0,   0.001,exact_mw,cb12ae119b9b2ba18d0216e7235b403229e92fd0743ede48fe7f1a2c6f45d594,"{""distance"":5,""physical_error_rate"":0.0005}","{""detection_events"":98,""detectors_checked"":34944}"
      5120,         0,         0,   0.093,exact_mw,cb12ae119b9b2ba18d0216e7235b403229e92fd0743ede48fe7f1a2c6f45d594,"{""distance"":5,""physical_error_rate"":0.0005}","{""detection_events"":2477,""detectors_checked"":1146880}"
       127,         0,         0,   0.001,exact_mw,cb12ae119b9b2ba18d0216e7235b403229e92fd0743ede48fe7f1a2c6f45d594,"{""distance"":5,""physical_error_rate"":0.0005}","{""detection_events"":85,""detectors_checked"":28448}"
      6144,         0,         0,   0.090,exact_mw,cb12ae119b9b2ba18d0216e7235b403229e92fd0743ede48fe7f1a2c6f45d594,"{""distance"":5,""physical_error_rate"":0.0005}","{""detection_events"":3247,""detectors_checked"":1376256}"
      5054,         0,         0,   0.045,exact_mw,cb12ae119b9b2ba18d0216e7235b403229e92fd0743ede48fe7f1a2c6f45d594,"{""distance"":5,""physical_error_rate"":0.0005}","{""detection_events"":2362,""detectors_checked"":1132096}"
      6144,         0,         0,   0.060,exact_mw,cb12ae119b9b2ba18d0216e7235b403229e92fd0743ede48fe7f1a2c6f45d594,"{""distance"":5,""physical_error_rate"":0.0005}","{""detection_events"":3060,""detectors_checked"":1376256}"
      7109,         0,         0,   0.112,exact_mw,cb12ae119b9b2ba18d0216e7235b403229e92fd0743ede48fe7f1a2c6f45d594,"{""distance"":5,""physical_error_rate"":0.0005}","{""detection_events"":3341,""detectors_checked"":1592416}"
      1041,         0,         0,   0.003,exact_mw,cb12ae119b9b2ba18d0216e7235b403229e92fd0743ede48fe7f1a2c6f45d594,"{""distance"":5,""physical_error_rate"":0.0005}","{""detection_events"":509,""detectors_checked"":233184}"
        60,         0,         0,   0.000,exact_mw,cb12ae119b9b2ba18d0216e7235b403229e92fd0743ede48fe7f1a2c6f45d594,"{""distance"":5,""physical_error_rate"":0.0005}","{""detection_events"":61,""detectors_checked"":13440}"
      6864,         0,         0,   0.155,exact_mw,cb12ae119b9b2ba18d0216e7235b403229e92fd0743ede48fe7f1a2c6f45d594,"{""distance"":5,""physical_error_rate"":0.0005}","{""detection_events"":3339,""detectors_checked"":1537536}"
      3967,         0,         0,   0.045,exact_mw,cb12ae119b9b2ba18d0216e7235b403229e92fd0743ede48fe7f1a2c6f45d594,"{""distance"":5,""physical_error_rate"":0.0005}","{""detection_events"":2052,""detectors_checked"":888608}"
        32,         0,         0,   0.000,exact_mw,cb12ae119b9b2ba18d0216e7235b403229e92fd0743ede48fe7f1a2c6f45d594,"{""distance"":5,""physical_error_rate"":0.0005}","{""detection_events"":18,""detectors_checked"":7168}"
      2785,         0,         0,   0.025,exact_mw,cb12ae119b9b2ba18d0216e7235b403229e92fd0743ede48fe7f1a2c6f45d594,"{""distance"":5,""physical_error_rate"":0.0005}","{""detection_events"":1469,""detectors_checked"":623840}"
        26,         0,         0,   0.000,exact_mw,cb12ae119b9b2ba18d0216e7235b403229e92fd0743ede48fe7f1a2c6f45d594,"{""distance"":5,""physical_error_rate"":0.0005}","{""detection_events"":2,""detectors_checked"":5824}"
        26,         0,         0,   0.000,exact_mw,cb12ae119b9b2ba18d0216e7235b403229e92fd0743ede48fe7f1a2c6f45d594,"{""distance"":5,""physical_error_rate"":0.0005}","{""detection_events"":5,""detectors_checked"":5824}"
      5559,         0,         0,   0.041,exact_mw,cb12ae119b9b2ba18d0216e7235b403229e92fd0743ede48fe7f1a2c6f45d594,"{""distance"":5,""physical_error_rate"":0.0005}","{""detection_events"":2808,""detectors_checked"":1245216}"
       194,         0,         0,   0.001,exact_mw,cb12ae119b9b2ba18d0216e7235b403229e92fd0743ede48fe7f1a2c6f45d594,"{""distance"":5,""physical_error_rate"":0.0005}","{""detection_events"":81,""detectors_checked"":43456}"
       225,         0,         0,   0.001,exact_mw,cb12ae119b9b2ba18d0216e7235b403229e92fd0743ede48fe7f1a2c6f45d594,"{""distance"":5,""physical_error_rate"":0.0005}","{""detection_events"":144,""detectors_checked"":50400}"
      1379,         0,         0,   0.005,exact_mw,cb12ae119b9b2ba18d0216e7235b403229e92fd0743ede48fe7f1a2c6f45d594,"{""distance"":5,""physical_error_rate"":0.0005}","{""detection_events"":663,""detectors_checked"":308896}"
        10,         0,         0,   0.000,exact_mw,cb12ae119b9b2ba18d0216e7235b403229e92fd0743ede48fe7f1a2c6f45d594,"{""distance"":5,""physical_error_rate"":0.0005}","{""detection_events"":4,""detectors_checked"":2240}"
        16,         0,         0,   0.000,exact_mw,cb12ae119b9b2ba18d0216e7235b403229e92fd0743ede48fe7f1a2c6f45d594,"{""distance"":5,""physical_error_rate"":0.0005}","{""detection_events"":10,""detectors_checked"":3584}"
      6144,         0,         0,   0.116,exact_mw,cb12ae119b9b2ba18d0216e7235b403229e92fd0743ede48fe7f1a2c6f45d594,"{""distance"":5,""physical_error_rate"":0.0005}","{""detection_events"":3131,""detectors_checked"":1376256}"
        90,         0,         0,   0.000,exact_mw,cb12ae119b9b2ba18d0216e7235b403229e92fd0743ede48fe7f1a2c6f45d594,"{""distance"":5,""physical_error_rate"":0.0005}","{""detection_events"":39,""detectors_checked"":20160}"
      5188,         0,         0,   0.047,exact_mw,cb12ae119b9b2ba18d0216e7235b403229e92fd0743ede48fe7f1a2c6f45d594,"{""distance"":5,""physical_error_rate"":0.0005}","{""detection_events"":2587,""detectors_checked"":1162112}"
      5120,         0,         0,   0.030,exact_mw,cb12ae119b9b2ba18d0216e7235b403229e92fd0743ede48fe7f1a2c6f45d594,"{""distance"":5,""physical_error_rate"":0.0005}","{""detection_events"":2460,""detectors_checked"":1146880}"
       640,         0,         0,   0.003,exact_mw,cb12ae119b9b2ba18d0216e7235b403229e92fd0743ede48fe7f1a2c6f45d594,"{""distance"":5,""physical_error_rate"":0.0005}","{""detection_events"":358,""detectors_checked"":143360}"
     10240,         0,         0,   0.157,exact_mw,cb12ae119b9b2ba18d0216e7235b403229e92fd0743ede48fe7f1a2c6f45d594,"{""distance"":5,""physical_error_rate"":0.0005}","{""detection_events"":4913,""detectors_checked"":2293760}"
        73,         0,         0,   0.000,exact_mw,cb12ae119b9b2ba18d0216e7235b403229e92fd0743ede48fe7f1a2c6f45d594,"{""distance"":5,""physical_error_rate"":0.0005}","{""detection_events"":32,""detectors_checked"":16352}"
        55,         0,         0,   0.000,exact_mw,cb12ae119b9b2ba18d0216e7235b403229e92fd0743ede48fe7f1a2c6f45d594,"{""distance"":5,""physical_error_rate"":0.0005}","{""detection_events"":38,""detectors_checked"":12320}"
      7168,         0,         0,   0.132,exact_mw,cb12ae119b9b2ba18d0216e7235b403229e92fd0743ede48fe7f1a2c6f45d594,"{""distance"":5,""physical_error_rate"":0.0005}","{""detection_events"":3412,""detectors_checked"":1605632}"
      7168,         0,         0,   0.123,exact_mw,cb12ae119b9b2ba18d0216e7235b403229e92fd0743ede48fe7f1a2c6f45d594,"{""distance"":5,""physical_error_rate"":0.0005}","{""detection_events"":3402,""detectors_checked"":1605632}"
       958,         0,         0,   0.003,exact_mw,cb12ae119b9b2ba18d0216e7235b403229e92fd0743ede48fe7f1a2c6f45d594,"{""distance"":5,""physical_error_rate"":0.0005}","{""detection_events"":455,""detectors_checked"":214592}"
      5559,         0,         0,   0.049,exact_mw,cb12ae119b9b2ba18d0216e7235b403229e92fd0743ede48fe7f1a2c6f45d594,"{""distance"":5,""physical_error_rate"":0.0005}","{""detection_events"":2654,""detectors_checked"":1245216}"
      6144,         0,         0,   0.095,exact_mw,cb12ae119b9b2ba18d0216e7235b403229e92fd0743ede48fe7f1a2c6f45d594,"{""distance"":5,""physical_error_rate"":0.0005}","{""detection_events"":2920,""detectors_checked"":1376256}"
        10,         0,         0,   0.000,exact_mw,cb12ae119b9b2ba18d0216e7235b403229e92fd0743ede48fe7f1a2c6f45d594,"{""distance"":5,""physical_error_rate"":0.0005}","{""detection_events"":2,""detectors_checked"":2240}"
      6144,         0,         0,   0.123,exact_mw,cb12ae119b9b2ba18d0216e7235b403229e92fd0743ede48fe7f1a2c6f45d594,"{""distance"":5,""physical_error_rate"":0.0005}","{""detection_events"":3139,""detectors_checked"":1376256}"
        60,         0,         0,   0.000,exact_mw,cb12ae119b9b2ba18d0216e7235b403229e92fd0743ede48fe7f1a2c6f45d594,"{""distance"":5,""physical_error_rate"":0.0005}","{""detection_events"":27,""detectors_checked"":13440}"
     10240,         0,         0,   0.189,exact_mw,cb12ae119b9b2ba18d0216e7235b403229e92fd0743ede48fe7f1a2c6f45d594,"{""distance"":5,""physical_error_rate"":0.0005}","{""detection_events"":5140,""detectors_checked"":2293760}"
        49,         0,         0,   0.000,exact_mw,cb12ae119b9b2ba18d0216e7235b403229e92fd0743ede48fe7f1a2c6f45d594,"{""distance"":5,""physical_error_rate"":0.0005}","{""detection_events"":27,""detectors_checked"":10976}"
     11198,         0,         0,   0.192,exact_mw,cb12ae119b9b2ba18d0216e7235b403229e92fd0743ede48fe7f1a2c6f45d594,"{""distance"":5,""physical_error_rate"":0.0005}","{""detection_events"":5836,""detectors_checked"":2508352}"
     11264,         0,         0,   0.185,exact_mw,cb12ae119b9b2ba18d0216e7235b403229e92fd0743ede48fe7f1a2c6f45d594,"{""distance"":5,""physical_error_rate"":0.0005}","{""detection_events"":5773,""detectors_checked"":2523136}"
      4439,         0,         0,   0.032,exact_mw,cb12ae119b9b2ba18d0216e7235b403229e92fd0743ede48fe7f1a2c6f45d594,"{""distance"":5,""physical_error_rate"":0.0005}","{""detection_events"":2216,""detectors_checked"":994336}"
       987,         0,         0,   0.007,exact_mw,cb12ae119b9b2ba18d0216e7235b403229e92fd0743ede48fe7f1a2c6f45d594,"{""distance"":5,""physical_error_rate"":0.0005}","{""detection_events"":535,""detectors_checked"":221088}"
     10154,         0,         0,   0.143,exact_mw,cb12ae119b9b2ba18d0216e7235b403229e92fd0743ede48fe7f1a2c6f45d594,"{""distance"":5,""physical_error_rate"":0.0005}","{""detection_events"":5020,""detectors_checked"":2274496}"
      3884,         0,         0,   0.029,exact_mw,cb12ae119b9b2ba18d0216e7235b403229e92fd0743ede48fe7f1a2c6f45d594,"{""distance"":5,""physical_error_rate"":0.0005}","{""detection_events"":1980,""detectors_checked"":870016}"
      9148,         0,         0,   0.145,exact_mw,cb12ae119b9b2ba18d0216e7235b403229e92fd0743ede48fe7f1a2c6f45d594,"{""distance"":5,""physical_error_rate"":0.0005}","{""detection_events"":4420,""detectors_checked"":2049152}"
      7395,         0,         0,   0.108,exact_mw,cb12ae119b9b2ba18d0216e7235b403229e92fd0743ede48fe7f1a2c6f45d594,"{""distance"":5,""physical_error_rate"":0.0005}","{""detection_events"":3693,""detectors_checked"":1656480}"
      6147,         0,         0,   0.052,exact_mw,cb12ae119b9b2ba18d0216e7235b403229e92fd0743ede48fe7f1a2c6f45d594,"{""distance"":5,""physical_error_rate"":0.0005}","{""detection_events"":2955,""detectors_checked"":1376928}"
      7442,         0,         0,   0.120,exact_mw,cb12ae119b9b2ba18d0216e7235b403229e92fd0743ede48fe7f1a2c6f45d594,"{""distance"":5,""physical_error_rate"":0.0005}","{""detection_events"":3670,""detectors_checked"":1667008}"
      4758,         0,         0,   0.034,exact_mw,cb12ae119b9b2ba18d0216e7235b403229e92fd0743ede48fe7f1a2c6f45d594,"{""distance"":5,""physical_error_rate"":0.0005}","{""detection_events"":2359,""detectors_checked"":1065792}"
        37,         0,         0,   0.000,exact_mw,cb12ae119b9b2ba18d0216e7235b403229e92fd0743ede48fe7f1a2c6f45d594,"{""distance"":5,""physical_error_rate"":0.0005}","{""detection_events"":29,""detectors_checked"":8288}"
      6654,         0,         0,   0.102,exact_mw,cb12ae119b9b2ba18d0216e7235b403229e92fd0743ede48fe7f1a2c6f45d594,"{""distance"":5,""physical_error_rate"":0.0005}","{""detection_events"":3363,""detectors_checked"":1490496}"
      1301,         0,         0,   0.005,exact_mw,cb12ae119b9b2ba18d0216e7235b403229e92fd0743ede48fe7f1a2c6f45d594,"{""distance"":5,""physical_error_rate"":0.0005}","{""detection_events"":664,""detectors_checked"":291424}"
      1411,         0,         0,   0.007,exact_mw,cb12ae119b9b2ba18d0216e7235b403229e92fd0743ede48fe7f1a2c6f45d594,"{""distance"":5,""physical_error_rate"":0.0005}","{""detection_events"":655,""detectors_checked"":316064}"
        21,         0,         0,   0.000,exact_mw,cb12ae119b9b2ba18d0216e7235b403229e92fd0743ede48fe7f1a2c6f45d594,"{""distance"":5,""physical_error_rate"":0.0005}","{""detection_events"":2,""detectors_checked"":4704}"
      4620,         0,         0,   0.045,exact_mw,cb12ae119b9b2ba18d0216e7235b403229e92fd0743ede48fe7f1a2c6f45d594,"{""distance"":5,""physical_error_rate"":0.0005}","{""detection_events"":2068,""detectors_checked"":1034880}"
       788,         0,         0,   0.003,exact_mw,cb12ae119b9b2ba18d0216e7235b403229e92fd0743ede48fe7f1a2c6f45d594,"{""distance"":5,""physical_error_rate"":0.0005}","{""detection_events"":328,""detectors_checked"":176512}"
      6254,         0,         0,   0.154,exact_mw,cb12ae119b9b2ba18d0216e7235b403229e92fd0743ede48fe7f1a2c6f45d594,"{""distance"":5,""physical_error_rate"":0.0005}","{""detection_events"":2907,""detectors_checked"":1400896}"
      2834,         0,         0,   0.012,exact_mw,cb12ae119b9b2ba18d0216e7235b403229e92fd0743ede48fe7f1a2c6f45d594,"{""distance"":5,""physical_error_rate"":0.0005}","{""detection_events"":1444,""detectors_checked"":634816}"
      3455,         0,         0,   0.018,exact_mw,cb12ae119b9b2ba18d0216e7235b403229e92fd0743ede48fe7f1a2c6f45d594,"{""distance"":5,""physical_error_rate"":0.0005}","{""detection_events"":1721,""detectors_checked"":773920}"
      5120,         0,         0,   0.113,exact_mw,cb12ae119b9b2ba18d0216e7235b403229e92fd0743ede48fe7f1a2c6f45d594,"{""distance"":5,""physical_error_rate"":0.0005}","{""detection_events"":2488,""detectors_checked"":1146880}"
     10706,         0,         0,   0.194,exact_mw,cb12ae119b9b2ba18d0216e7235b403229e92fd0743ede48fe7f1a2c6f45d594,"{""distance"":5,""physical_error_rate"":0.0005}","{""detection_events"":5152,""detectors_checked"":2398144}"
      2060,         0,         0,   0.012,exact_mw,cb12ae119b9b2ba18d0216e7235b403229e92fd0743ede48fe7f1a2c6f45d594,"{""distance"":5,""physical_error_rate"":0.0005}","{""detection_events"":1042,""detectors_checked"":461440}"
        19,         0,         0,   0.000,exact_mw,cb12ae119b9b2ba18d0216e7235b403229e92fd0743ede48fe7f1a2c6f45d594,"{""distance"":5,""physical_error_rate"":0.0005}","{""detection_events"":8,""detectors_checked"":4256}"
      7168,         0,         0,   0.142,exact_mw,cb12ae119b9b2ba18d0216e7235b403229e92fd0743ede48fe7f1a2c6f45d594,"{""distance"":5,""physical_error_rate"":0.0005}","{""detection_events"":3551,""detectors_checked"":1605632}"
      5401,         0,         0,   0.046,exact_mw,cb12ae119b9b2ba18d0216e7235b403229e92fd0743ede48fe7f1a2c6f45d594,"{""distance"":5,""physical_error_rate"":0.0005}","{""detection_events"":2682,""detectors_checked"":1209824}"
      2085,         0,         0,   0.008,exact_mw,cb12ae119b9b2ba18d0216e7235b403229e92fd0743ede48fe7f1a2c6f45d594,"{""distance"":5,""physical_error_rate"":0.0005}","{""detection_events"":1008,""detectors_checked"":467040}"
      5953,         0,         0,   0.110,exact_mw,cb12ae119b9b2ba18d0216e7235b403229e92fd0743ede48fe7f1a2c6f45d594,"{""distance"":5,""physical_error_rate"":0.0005}","{""detection_events"":2917,""detectors_checked"":1333472}"
       553,         0,         0,   0.004,exact_mw,cb12ae119b9b2ba18d0216e7235b403229e92fd0743ede48fe7f1a2c6f45d594,"{""distance"":5,""physical_error_rate"":0.0005}","{""detection_events"":246,""detectors_checked"":123872}"
      3264,         0,         0,   0.018,exact_mw,cb12ae119b9b2ba18d0216e7235b403229e92fd0743ede48fe7f1a2c6f45d594,"{""distance"":5,""physical_error_rate"":0.0005}","{""detection_events"":1443,""detectors_checked"":731136}"
      3237,         0,         0,   0.019,exact_mw,cb12ae119b9b2ba18d0216e7235b403229e92fd0743ede48fe7f1a2c6f45d594,"{""distance"":5,""physical_error_rate"":0.0005}","{""detection_events"":1579,""detectors_checked"":725088}"
      2726,         0,         0,   0.008,exact_mw,cb12ae119b9b2ba18d0216e7235b403229e92fd0743ede48fe7f1a2c6f45d594,"{""distance"":5,""physical_error_rate"":0.0005}","{""detection_events"":1309,""detectors_checked"":610624}"
      4224,         0,         0,   0.042,exact_mw,cb12ae119b9b2ba18d0216e7235b403229e92fd0743ede48fe7f1a2c6f45d594,"{""distance"":5,""physical_error_rate"":0.0005}","{""detection_events"":1983,""detectors_checked"":946176}"
      3559,         0,         0,   0.043,exact_mw,cb12ae119b9b2ba18d0216e7235b403229e92fd0743ede48fe7f1a2c6f45d594,"{""distance"":5,""physical_error_rate"":0.0005}","{""detection_events"":1742,""detectors_checked"":797216}"
      1511,         0,         0,   0.025,exact_mw,cb12ae119b9b2ba18d0216e7235b403229e92fd0743ede48fe7f1a2c6f45d594,"{""distance"":5,""physical_error_rate"":0.0005}","{""detection_events"":681,""detectors_checked"":338464}"
      7168,         0,         0,   0.132,exact_mw,cb12ae119b9b2ba18d0216e7235b403229e92fd0743ede48fe7f1a2c6f45d594,"{""distance"":5,""physical_error_rate"":0.0005}","{""detection_events"":3520,""detectors_checked"":1605632}"
      2251,         0,         0,   0.031,exact_mw,cb12ae119b9b2ba18d0216e7235b403229e92fd0743ede48fe7f1a2c6f45d594,"{""distance"":5,""physical_error_rate"":0.0005}","{""detection_events"":1158,""detectors_checked"":504224}"
      5399,         0,         0,   0.022,exact_mw,cb12ae119b9b2ba18d0216e7235b403229e92fd0743ede48fe7f1a2c6f45d594,"{""distance"":5,""physical_error_rate"":0.0005}","{""detection_events"":2553,""detectors_checked"":1209376}"
     11198,         0,         0,   0.187,exact_mw,cb12ae119b9b2ba18d0216e7235b403229e92fd0743ede48fe7f1a2c6f45d594,"{""distance"":5,""physical_error_rate"":0.0005}","{""detection_events"":5392,""detectors_checked"":2508352}"
      8192,         0,         0,   0.144,exact_mw,cb12ae119b9b2ba18d0216e7235b403229e92fd0743ede48fe7f1a2c6f45d594,"{""distance"":5,""physical_error_rate"":0.0005}","{""detection_events"":4080,""detectors_checked"":1835008}"
      7688,         0,         0,   0.115,exact_mw,cb12ae119b9b2ba18d0216e7235b403229e92fd0743ede48fe7f1a2c6f45d594,"{""distance"":5,""physical_error_rate"":0.0005}","{""detection_events"":3708,""detectors_checked"":1722112}"
      4439,         0,         0,   0.033,exact_mw,cb12ae119b9b2ba18d0216e7235b403229e92fd0743ede48fe7f1a2c6f45d594,"{""distance"":5,""physical_error_rate"":0.0005}","{""detection_events"":2224,""detectors_checked"":994336}"
      3806,         0,         0,   0.067,exact_mw,cb12ae119b9b2ba18d0216e7235b403229e92fd0743ede48fe7f1a2c6f45d594,"{""distance"":5,""physical_error_rate"":0.0005}","{""detection_events"":2030,""detectors_checked"":852544}"
      5542,         0,         0,   0.063,exact_mw,cb12ae119b9b2ba18d0216e7235b403229e92fd0743ede48fe7f1a2c6f45d594,"{""distance"":5,""physical_error_rate"":0.0005}","{""detection_events"":2675,""detectors_checked"":1241408}"
      4033,         0,         0,   0.037,exact_mw,cb12ae119b9b2ba18d0216e7235b403229e92fd0743ede48fe7f1a2c6f45d594,"{""distance"":5,""physical_error_rate"":0.0005}","{""detection_events"":2060,""detectors_checked"":903392}"
      5690,         0,         0,   0.040,exact_mw,cb12ae119b9b2ba18d0216e7235b403229e92fd0743ede48fe7f1a2c6f45d594,"{""distance"":5,""physical_error_rate"":0.0005}","{""detection_events"":2793,""detectors_checked"":1274560}"
      9986,         0,         0,   0.128,exact_mw,cb12ae119b9b2ba18d0216e7235b403229e92fd0743ede48fe7f1a2c6f45d594,"{""distance"":5,""physical_error_rate"":0.0005}","{""detection_events"":4940,""detectors_checked"":2236864}"
      4096,         0,         0,   0.022,exact_mw,cb12ae119b9b2ba18d0216e7235b403229e92fd0743ede48fe7f1a2c6f45d594,"{""distance"":5,""physical_error_rate"":0.0005}","{""detection_events"":2055,""detectors_checked"":917504}"
      5849,         0,         0,   0.080,exact_mw,cb12ae119b9b2ba18d0216e7235b403229e92fd0743ede48fe7f1a2c6f45d594,"{""distance"":5,""physical_error_rate"":0.0005}","{""detection_events"":2751,""detectors_checked"":1310176}"
      4118,         0,         0,   0.047,exact_mw,cb12ae119b9b2ba18d0216e7235b403229e92fd0743ede48fe7f1a2c6f45d594,"{""distance"":5,""physical_error_rate"":0.0005}","{""detection_events"":1999,""detectors_checked"":922432}"
      7845,         0,         0,   0.078,exact_mw,cb12ae119b9b2ba18d0216e7235b403229e92fd0743ede48fe7f1a2c6f45d594,"{""distance"":5,""physical_error_rate"":0.0005}","{""detection_events"":3897,""detectors_checked"":1757280}"
      4762,         0,         0,   0.024,exact_mw,cb12ae119b9b2ba18d0216e7235b403229e92fd0743ede48fe7f1a2c6f45d594,"{""distance"":5,""physical_error_rate"":0.0005}","{""detection_events"":2320,""detectors_checked"":1066688}"
      4551,         0,         0,   0.021,exact_mw,cb12ae119b9b2ba18d0216e7235b403229e92fd0743ede48fe7f1a2c6f45d594,"{""distance"":5,""physical_error_rate"":0.0005}","{""detection_events"":2320,""detectors_checked"":1019424}"
      4096,         0,         0,   0.059,exact_mw,cb12ae119b9b2ba18d0216e7235b403229e92fd0743ede48fe7f1a2c6f45d594,"{""distance"":5,""physical_error_rate"":0.0005}","{""detection_events"":2133,""detectors_checked"":917504}"
      4118,         0,         0,   0.016,exact_mw,cb12ae119b9b2ba18d0216e7235b403229e92fd0743ede48fe7f1a2c6f45d594,"{""distance"":5,""physical_error_rate"":0.0005}","{""detection_events"":2027,""detectors_checked"":922432}"
         1,         0,         0,   0.000,exact_mw,cb12ae119b9b2ba18d0216e7235b403229e92fd0743ede48fe7f1a2c6f45d594,"{""distance"":5,""physical_error_rate"":0.0005}","{""detectors_checked"":224}"
      6151,         0,         0,   0.071,exact_mw,cb12ae119b9b2ba18d0216e7235b403229e92fd0743ede48fe7f1a2c6f45d594,"{""distance"":5,""physical_error_rate"":0.0005}","{""detection_events"":3001,""detectors_checked"":1377824}"
      4740,         0,         0,   0.067,exact_mw,cb12ae119b9b2ba18d0216e7235b403229e92fd0743ede48fe7f1a2c6f45d594,"{""distance"":5,""physical_error_rate"":0.0005}","{""detection_events"":2325,""detectors_checked"":1061760}"
      3821,         0,         0,   0.021,exact_mw,cb12ae119b9b2ba18d0216e7235b403229e92fd0743ede48fe7f1a2c6f45d594,"{""distance"":5,""physical_error_rate"":0.0005}","{""detection_events"":1918,""detectors_checked"":855904}"
      4410,         0,         0,   0.077,exact_mw,cb12ae119b9b2ba18d0216e7235b403229e92fd0743ede48fe7f1a2c6f45d594,"{""distance"":5,""physical_error_rate"":0.0005}","{""detection_events"":2127,""detectors_checked"":987840}"
     11198,         0,         0,   0.114,exact_mw,cb12ae119b9b2ba18d0216e7235b403229e92fd0743ede48fe7f1a2c6f45d594,"{""distance"":5,""physical_error_rate"":0.0005}","{""detection_events"":5417,""detectors_checked"":2508352}"
       164,         0,         0,   0.001,exact_mw,cb12ae119b9b2ba18d0216e7235b403229e92fd0743ede48fe7f1a2c6f45d594,"{""distance"":5,""physical_error_rate"":0.0005}","{""detection_events"":89,""detectors_checked"":36736}"
      4096,         0,         0,   0.027,exact_mw,cb12ae119b9b2ba18d0216e7235b403229e92fd0743ede48fe7f1a2c6f45d594,"{""distance"":5,""physical_error_rate"":0.0005}","{""detection_events"":1879,""detectors_checked"":917504}"
      4620,         0,         0,   0.032,exact_mw,cb12ae119b9b2ba18d0216e7235b403229e92fd0743ede48fe7f1a2c6f45d594,"{""distance"":5,""physical_error_rate"":0.0005}","{""detection_events"":2209,""detectors_checked"":1034880}"
        16,         0,         0,   0.000,exact_mw,cb12ae119b9b2ba18d0216e7235b403229e92fd0743ede48fe7f1a2c6f45d594,"{""distance"":5,""physical_error_rate"":0.0005}","{""detection_events"":3,""detectors_checked"":3584}"
      1204,         0,         0,   0.004,exact_mw,cb12ae119b9b2ba18d0216e7235b403229e92fd0743ede48fe7f1a2c6f45d594,"{""distance"":5,""physical_error_rate"":0.0005}","{""detection_events"":704,""detectors_checked"":269696}"
      4875,         0,         0,   0.024,exact_mw,cb12ae119b9b2ba18d0216e7235b403229e92fd0743ede48fe7f1a2c6f45d594,"{""distance"":5,""physical_error_rate"":0.0005}","{""detection_events"":2448,""detectors_checked"":1092000}"
       274,         0,         0,   0.002,exact_mw,cb12ae119b9b2ba18d0216e7235b403229e92fd0743ede48fe7f1a2c6f45d594,"{""distance"":5,""physical_error_rate"":0.0005}","{""detection_events"":151,""detectors_checked"":61376}"
      4762,         0,         0,   0.023,exact_mw,cb12ae119b9b2ba18d0216e7235b403229e92fd0743ede48fe7f1a2c6f45d594,"{""distance"":5,""physical_error_rate"":0.0005}","{""detection_events"":2447,""detectors_checked"":1066688}"
        49,         0,         0,   0.000,exact_mw,cb12ae119b9b2ba18d0216e7235b403229e92fd0743ede48fe7f1a2c6f45d594,"{""distance"":5,""physical_error_rate"":0.0005}","{""detection_events"":14,""detectors_checked"":10976}"
      1249,         0,         0,   0.004,exact_mw,cb12ae119b9b2ba18d0216e7235b403229e92fd0743ede48fe7f1a2c6f45d594,"{""distance"":5,""physical_error_rate"":0.0005}","{""detection_events"":622,""detectors_checked"":279776}"
        21,         0,         0,   0.000,exact_mw,cb12ae119b9b2ba18d0216e7235b403229e92fd0743ede48fe7f1a2c6f45d594,"{""distance"":5,""physical_error_rate"":0.0005}","{""detection_events"":11,""detectors_checked"":4704}"
        13,         0,         0,   0.000,exact_mw,cb12ae119b9b2ba18d0216e7235b403229e92fd0743ede48fe7f1a2c6f45d594,"{""distance"":5,""physical_error_rate"":0.0005}","{""detection_events"":3,""detectors_checked"":2912}"
       164,         0,         0,   0.001,exact_mw,cb12ae119b9b2ba18d0216e7235b403229e92fd0743ede48fe7f1a2c6f45d594,"{""distance"":5,""physical_error_rate"":0.0005}","{""detection_events"":54,""detectors_checked"":36736}"
        27,         0,         0,   0.000,exact_mw,cb12ae119b9b2ba18d0216e7235b403229e92fd0743ede48fe7f1a2c6f45d594,"{""distance"":5,""physical_error_rate"":0.0005}","{""detection_events"":12,""detectors_checked"":6048}"
       759,         0,         0,   0.003,exact_mw,cb12ae119b9b2ba18d0216e7235b403229e92fd0743ede48fe7f1a2c6f45d594,"{""distance"":5,""physical_error_rate"":0.0005}","{""detection_events"":409,""detectors_checked"":170016}"
      1023,         0,         0,   0.006,exact_mw,cb12ae119b9b2ba18d0216e7235b403229e92fd0743ede48fe7f1a2c6f45d594,"{""distance"":5,""physical_error_rate"":0.0005}","{""detection_events"":458,""detectors_checked"":229152}"
       156,         0,         0,   0.001,exact_mw,cb12ae119b9b2ba18d0216e7235b403229e92fd0743ede48fe7f1a2c6f45d594,"{""distance"":5,""physical_error_rate"":0.0005}","{""detection_events"":67,""detectors_checked"":34944}"
      1479,         0,         0,   0.006,exact_mw,cb12ae119b9b2ba18d0216e7235b403229e92fd0743ede48fe7f1a2c6f45d594,"{""distance"":5,""physical_error_rate"":0.0005}","{""detection_events"":775,""detectors_checked"":331296}"
        94,         0,         0,   0.001,exact_mw,cb12ae119b9b2ba18d0216e7235b403229e92fd0743ede48fe7f1a2c6f45d594,"{""distance"":5,""physical_error_rate"":0.0005}","{""detection_events"":41,""detectors_checked"":21056}"
        43,         0,         0,   0.000,exact_mw,cb12ae119b9b2ba18d0216e7235b403229e92fd0743ede48fe7f1a2c6f45d594,"{""distance"":5,""physical_error_rate"":0.0005}","{""detection_events"":21,""detectors_checked"":9632}"
      1251,         0,         0,   0.005,exact_mw,cb12ae119b9b2ba18d0216e7235b403229e92fd0743ede48fe7f1a2c6f45d594,"{""distance"":5,""physical_error_rate"":0.0005}","{""detection_events"":506,""detectors_checked"":280224}"
        62,         0,         0,   0.001,exact_mw,cb12ae119b9b2ba18d0216e7235b403229e92fd0743ede48fe7f1a2c6f45d594,"{""distance"":5,""physical_error_rate"":0.0005}","{""detection_events"":29,""detectors_checked"":13888}"
        15,         0,         0,   0.000,exact_mw,cb12ae119b9b2ba18d0216e7235b403229e92fd0743ede48fe7f1a2c6f45d594,"{""distance"":5,""physical_error_rate"":0.0005}","{""detection_events"":6,""detectors_checked"":3360}"
       755,         0,         0,   0.004,exact_mw,cb12ae119b9b2ba18d0216e7235b403229e92fd0743ede48fe7f1a2c6f45d594,"{""distance"":5,""physical_error_rate"":0.0005}","{""detection_events"":391,""detectors_checked"":169120}"
        45,         0,         0,   0.000,exact_mw,cb12ae119b9b2ba18d0216e7235b403229e92fd0743ede48fe7f1a2c6f45d594,"{""distance"":5,""physical_error_rate"":0.0005}","{""detection_events"":19,""detectors_checked"":10080}"
       291,         0,         0,   0.002,exact_mw,cb12ae119b9b2ba18d0216e7235b403229e92fd0743ede48fe7f1a2c6f45d594,"{""distance"":5,""physical_error_rate"":0.0005}","{""detection_events"":139,""detectors_checked"":65184}"
        16,         0,         0,   0.000,exact_mw,cb12ae119b9b2ba18d0216e7235b403229e92fd0743ede48fe7f1a2c6f45d594,"{""distance"":5,""physical_error_rate"":0.0005}","{""detection_events"":2,""detectors_checked"":3584}"
      1577,         0,         0,   0.005,exact_mw,cb12ae119b9b2ba18d0216e7235b403229e92fd0743ede48fe7f1a2c6f45d594,"{""distance"":5,""physical_error_rate"":0.0005}","{""detection_events"":725,""detectors_checked"":353248}"
      2014,         0,         0,   0.009,exact_mw,cb12ae119b9b2ba18d0216e7235b403229e92fd0743ede48fe7f1a2c6f45d594,"{""distance"":5,""physical_error_rate"":0.0005}","{""detection_events"":984,""detectors_checked"":451136}"
       786,         0,         0,   0.003,exact_mw,cb12ae119b9b2ba18d0216e7235b403229e92fd0743ede48fe7f1a2c6f45d594,"{""distance"":5,""physical_error_rate"":0.0005}","{""detection_events"":357,""detectors_checked"":176064}"
        10,         0,         0,   0.000,exact_mw,cb12ae119b9b2ba18d0216e7235b403229e92fd0743ede48fe7f1a2c6f45d594,"{""distance"":5,""physical_error_rate"":0.0005}","{""detection_events"":9,""detectors_checked"":2240}"
      2316,         0,         0,   0.011,exact_mw,cb12ae119b9b2ba18d0216e7235b403229e92fd0743ede48fe7f1a2c6f45d594,"{""distance"":5,""physical_error_rate"":0.0005}","{""detection_events"":1187,""detectors_checked"":518784}"
      3210,         0,         0,   0.012,exact_mw,cb12ae119b9b2ba18d0216e7235b403229e92fd0743ede48fe7f1a2c6f45d594,"{""distance"":5,""physical_error_rate"":0.0005}","{""detection_events"":1542,""detectors_checked"":719040}"
        14,         0,         0,   0.000,exact_mw,cb12ae119b9b2ba18d0216e7235b403229e92fd0743ede48fe7f1a2c6f45d594,"{""distance"":5,""physical_error_rate"":0.0005}","{""detection_events"":7,""detectors_checked"":3136}"
       746,         0,         0,   0.003,exact_mw,cb12ae119b9b2ba18d0216e7235b403229e92fd0743ede48fe7f1a2c6f45d594,"{""distance"":5,""physical_error_rate"":0.0005}","{""detection_events"":314,""detectors_checked"":167104}"
        12,         0,         0,   0.000,exact_mw,cb12ae119b9b2ba18d0216e7235b403229e92fd0743ede48fe7f1a2c6f45d594,"{""distance"":5,""physical_error_rate"":0.0005}","{""detection_events"":5,""detectors_checked"":2688}"
      1765,         0,         0,   0.007,exact_mw,cb12ae119b9b2ba18d0216e7235b403229e92fd0743ede48fe7f1a2c6f45d594,"{""distance"":5,""physical_error_rate"":0.0005}","{""detection_events"":945,""detectors_checked"":395360}"
      1638,         0,         0,   0.005,exact_mw,cb12ae119b9b2ba18d0216e7235b403229e92fd0743ede48fe7f1a2c6f45d594,"{""distance"":5,""physical_error_rate"":0.0005}","{""detection_events"":802,""detectors_checked"":366912}"
       448,         0,         0,   0.001,exact_mw,cb12ae119b9b2ba18d0216e7235b403229e92fd0743ede48fe7f1a2c6f45d594,"{""distance"":5,""physical_error_rate"":0.0005}","{""detection_events"":202,""detectors_checked"":100352}"
       823,         0,         0,   0.002,exact_mw,cb12ae119b9b2ba18d0216e7235b403229e92fd0743ede48fe7f1a2c6f45d594,"{""distance"":5,""physical_error_rate"":0.0005}","{""detection_events"":439,""detectors_checked"":184352}"
         4,         0,         0,   0.000,exact_mw,cb12ae119b9b2ba18d0216e7235b403229e92fd0743ede48fe7f1a2c6f45d594,"{""distance"":5,""physical_error_rate"":0.0005}","{""detection_events"":2,""detectors_checked"":896}"
      1398,         0,         0,   0.005,exact_mw,cb12ae119b9b2ba18d0216e7235b403229e92fd0743ede48fe7f1a2c6f45d594,"{""distance"":5,""physical_error_rate"":0.0005}","{""detection_events"":796,""detectors_checked"":313152}"
        46,         0,         0,   0.000,exact_mw,cb12ae119b9b2ba18d0216e7235b403229e92fd0743ede48fe7f1a2c6f45d594,"{""distance"":5,""physical_error_rate"":0.0005}","{""detection_events"":26,""detectors_checked"":10304}"
        49,         0,         0,   0.000,exact_mw,cb12ae119b9b2ba18d0216e7235b403229e92fd0743ede48fe7f1a2c6f45d594,"{""distance"":5,""physical_error_rate"":0.0005}","{""detection_events"":21,""detectors_checked"":10976}"
      3656,         0,         0,   0.012,exact_mw,cb12ae119b9b2ba18d0216e7235b403229e92fd0743ede48fe7f1a2c6f45d594,"{""distance"":5,""physical_error_rate"":0.0005}","{""detection_events"":1783,""detectors_checked"":818944}"
       859,         0,         0,   0.003,exact_mw,cb12ae119b9b2ba18d0216e7235b403229e92fd0743ede48fe7f1a2c6f45d594,"{""distance"":5,""physical_error_rate"":0.0005}","{""detection_events"":348,""detectors_checked"":192416}"
      2692,         0,         0,   0.011,exact_mw,cb12ae119b9b2ba18d0216e7235b403229e92fd0743ede48fe7f1a2c6f45d594,"{""distance"":5,""physical_error_rate"":0.0005}","{""detection_events"":1393,""detectors_checked"":603008}"
      2048,         0,         0,   0.007,exact_mw,cb12ae119b9b2ba18d0216e7235b403229e92fd0743ede48fe7f1a2c6f45d594,"{""distance"":5,""physical_error_rate"":0.0005}","{""detection_events"":1066,""detectors_checked"":458752}"
       665,         0,         0,   0.003,exact_mw,cb12ae119b9b2ba18d0216e7235b403229e92fd0743ede48fe7f1a2c6f45d594,"{""distance"":5,""physical_error_rate"":0.0005}","{""detection_events"":284,""detectors_checked"":148960}"
      1024,         0,         0,   0.004,exact_mw,cb12ae119b9b2ba18d0216e7235b403229e92fd0743ede48fe7f1a2c6f45d594,"{""distance"":5,""physical_error_rate"":0.0005}","{""detection_events"":474,""detectors_checked"":229376}"
       159,         0,         0,   0.001,exact_mw,cb12ae119b9b2ba18d0216e7235b403229e92fd0743ede48fe7f1a2c6f45d594,"{""distance"":5,""physical_error_rate"":0.0005}","{""detection_events"":77,""detectors_checked"":35616}"
      2135,         0,         0,   0.007,exact_mw,cb12ae119b9b2ba18d0216e7235b403229e92fd0743ede48fe7f1a2c6f45d594,"{""distance"":5,""physical_error_rate"":0.0005}","{""detection_events"":1160,""detectors_checked"":478240}"
      1458,         0,         0,   0.004,exact_mw,cb12ae119b9b2ba18d0216e7235b403229e92fd0743ede48fe7f1a2c6f45d594,"{""distance"":5,""physical_error_rate"":0.0005}","{""detection_events"":722,""detectors_checked"":326592}"
       455,         0,         0,   0.002,exact_mw,cb12ae119b9b2ba18d0216e7235b403229e92fd0743ede48fe7f1a2c6f45d594,"{""distance"":5,""physical_error_rate"":0.0005}","{""detection_events"":206,""detectors_checked"":101920}"
        29,         0,         0,   0.000,exact_mw,cb12ae119b9b2ba18d0216e7235b403229e92fd0743ede48fe7f1a2c6f45d594,"{""distance"":5,""physical_error_rate"":0.0005}","{""detection_events"":19,""detectors_checked"":6496}"
       729,         0,         0,   0.002,exact_mw,cb12ae119b9b2ba18d0216e7235b403229e92fd0743ede48fe7f1a2c6f45d594,"{""distance"":5,""physical_error_rate"":0.0005}","{""detection_events"":336,""detectors_checked"":163296}"
       893,         0,         0,   0.003,exact_mw,cb12ae119b9b2ba18d0216e7235b403229e92fd0743ede48fe7f1a2c6f45d594,"{""distance"":5,""physical_error_rate"":0.0005}","{""detection_events"":372,""detectors_checked"":200032}"
       861,         0,         0,   0.003,exact_mw,cb12ae119b9b2ba18d0216e7235b403229e92fd0743ede48fe7f1a2c6f45d594,"{""distance"":5,""physical_error_rate"":0.0005}","{""detection_events"":484,""detectors_checked"":192864}"
       225,         0,         0,   0.001,exact_mw,cb12ae119b9b2ba18d0216e7235b403229e92fd0743ede48fe7f1a2c6f45d594,"{""distance"":5,""physical_error_rate"":0.0005}","{""detection_events"":104,""detectors_checked"":50400}"
        17,         0,         0,   0.000,exact_mw,cb12ae119b9b2ba18d0216e7235b403229e92fd0743ede48fe7f1a2c6f45d594,"{""distance"":5,""physical_error_rate"":0.0005}","{""detection_events"":8,""detectors_checked"":3808}"
        28,         0,         0,   0.000,exact_mw,cb12ae119b9b2ba18d0216e7235b403229e92fd0743ede48fe7f1a2c6f45d594,"{""distance"":5,""physical_error_rate"":0.0005}","{""detection_events"":12,""detectors_checked"":6272}"
      2135,         0,         0,   0.008,exact_mw,cb12ae119b9b2ba18d0216e7235b403229e92fd0743ede48fe7f1a2c6f45d594,"{""distance"":5,""physical_error_rate"":0.0005}","{""detection_events"":1114,""detectors_checked"":478240}"
        53,         0,         0,   0.001,exact_mw,cb12ae119b9b2ba18d0216e7235b403229e92fd0743ede48fe7f1a2c6f45d594,"{""distance"":5,""physical_error_rate"":0.0005}","{""detection_events"":7,""detectors_checked"":11872}"
      1024,         0,         0,   0.004,exact_mw,cb12ae119b9b2ba18d0216e7235b403229e92fd0743ede48fe7f1a2c6f45d594,"{""distance"":5,""physical_error_rate"":0.0005}","{""detection_events"":457,""detectors_checked"":229376}"
      1364,         0,         0,   0.007,exact_mw,cb12ae119b9b2ba18d0216e7235b403229e92fd0743ede48fe7f1a2c6f45d594,"{""distance"":5,""physical_error_rate"":0.0005}","{""detection_events"":611,""detectors_checked"":305536}"
      2048,         0,         0,   0.009,exact_mw,cb12ae119b9b2ba18d0216e7235b403229e92fd0743ede48fe7f1a2c6f45d594,"{""distance"":5,""physical_error_rate"":0.0005}","{""detection_events"":989,""detectors_checked"":458752}"
        19,         0,         0,   0.000,exact_mw,cb12ae119b9b2ba18d0216e7235b403229e92fd0743ede48fe7f1a2c6f45d594,"{""distance"":5,""physical_error_rate"":0.0005}","{""detection_events"":8,""detectors_checked"":4256}"
      2048,         0,         0,   0.011,exact_mw,cb12ae119b9b2ba18d0216e7235b403229e92fd0743ede48fe7f1a2c6f45d594,"{""distance"":5,""physical_error_rate"":0.0005}","{""detection_events"":1082,""detectors_checked"":458752}"
         7,         0,         0,   0.000,exact_mw,cb12ae119b9b2ba18d0216e7235b403229e92fd0743ede48fe7f1a2c6f45d594,"{""distance"":5,""physical_error_rate"":0.0005}","{""detection_events"":2,""detectors_checked"":1568}"
        35,         0,         0,   0.000,exact_mw,cb12ae119b9b2ba18d0216e7235b403229e92fd0743ede48fe7f1a2c6f45d594,"{""distance"":5,""physical_error_rate"":0.0005}","{""detection_events"":19,""detectors_checked"":7840}"
        18,         0,         0,   0.000,exact_mw,cb12ae119b9b2ba18d0216e7235b403229e92fd0743ede48fe7f1a2c6f45d594,"{""distance"":5,""physical_error_rate"":0.0005}","{""detection_events"":2,""detectors_checked"":4032}"
       342,         0,         0,   0.001,exact_mw,cb12ae119b9b2ba18d0216e7235b403229e92fd0743ede48fe7f1a2c6f45d594,"{""distance"":5,""physical_error_rate"":0.0005}","{""detection_events"":165,""detectors_checked"":76608}"
      1291,         0,         0,   0.009,exact_mw,cb12ae119b9b2ba18d0216e7235b403229e92fd0743ede48fe7f1a2c6f45d594,"{""distance"":5,""physical_error_rate"":0.0005}","{""detection_events"":700,""detectors_checked"":289184}"
        43,         0,         0,   0.000,exact_mw,cb12ae119b9b2ba18d0216e7235b403229e92fd0743ede48fe7f1a2c6f45d594,"{""distance"":5,""physical_error_rate"":0.0005}","{""detection_events"":19,""detectors_checked"":9632}"
         6,         0,         0,   0.000,exact_mw,cb12ae119b9b2ba18d0216e7235b403229e92fd0743ede48fe7f1a2c6f45d594,"{""distance"":5,""physical_error_rate"":0.0005}","{""detection_events"":6,""detectors_checked"":1344}"
        40,         0,         0,   0.000,exact_mw,cb12ae119b9b2ba18d0216e7235b403229e92fd0743ede48fe7f1a2c6f45d594,"{""distance"":5,""physical_error_rate"":0.0005}","{""detection_events"":18,""detectors_checked"":8960}"
        34,         0,         0,   0.000,exact_mw,cb12ae119b9b2ba18d0216e7235b403229e92fd0743ede48fe7f1a2c6f45d594,"{""distance"":5,""physical_error_rate"":0.0005}","{""detection_events"":23,""detectors_checked"":7616}"
       590,         0,         0,   0.003,exact_mw,cb12ae119b9b2ba18d0216e7235b403229e92fd0743ede48fe7f1a2c6f45d594,"{""distance"":5,""physical_error_rate"":0.0005}","{""detection_events"":305,""detectors_checked"":132160}"
         7,         0,         0,   0.000,exact_mw,cb12ae119b9b2ba18d0216e7235b403229e92fd0743ede48fe7f1a2c6f45d594,"{""distance"":5,""physical_error_rate"":0.0005}","{""detection_events"":3,""detectors_checked"":1568}"
       158,         0,         0,   0.001,exact_mw,cb12ae119b9b2ba18d0216e7235b403229e92fd0743ede48fe7f1a2c6f45d594,"{""distance"":5,""physical_error_rate"":0.0005}","{""detection_events"":84,""detectors_checked"":35392}"
       158,         0,         0,   0.001,exact_mw,cb12ae119b9b2ba18d0216e7235b403229e92fd0743ede48fe7f1a2c6f45d594,"{""distance"":5,""physical_error_rate"":0.0005}","{""detection_events"":70,""detectors_checked"":35392}"
        75,         0,         0,   0.001,exact_mw,cb12ae119b9b2ba18d0216e7235b403229e92fd0743ede48fe7f1a2c6f45d594,"{""distance"":5,""physical_error_rate"":0.0005}","{""detection_events"":46,""detectors_checked"":16800}"
        37,         0,         0,   0.000,exact_mw,cb12ae119b9b2ba18d0216e7235b403229e92fd0743ede48fe7f1a2c6f45d594,"{""distance"":5,""physical_error_rate"":0.0005}","{""detection_events"":22,""detectors_checked"":8288}"
        80,         0,         0,   0.000,exact_mw,cb12ae119b9b2ba18d0216e7235b403229e92fd0743ede48fe7f1a2c6f45d594,"{""distance"":5,""physical_error_rate"":0.0005}","{""detection_events"":12,""detectors_checked"":17920}"
        80,         0,         0,   0.000,exact_mw,cb12ae119b9b2ba18d0216e7235b403229e92fd0743ede48fe7f1a2c6f45d594,"{""distance"":5,""physical_error_rate"":0.0005}","{""detection_events"":45,""detectors_checked"":17920}"
         6,         0,         0,   0.000,exact_mw,cb12ae119b9b2ba18d0216e7235b403229e92fd0743ede48fe7f1a2c6f45d594,"{""distance"":5,""physical_error_rate"":0.0005}","{""detection_events"":2,""detectors_checked"":1344}"
        69,         0,         0,   0.000,exact_mw,cb12ae119b9b2ba18d0216e7235b403229e92fd0743ede48fe7f1a2c6f45d594,"{""distance"":5,""physical_error_rate"":0.0005}","{""detection_events"":48,""detectors_checked"":15456}"
        37,         0,         0,   0.000,exact_mw,cb12ae119b9b2ba18d0216e7235b403229e92fd0743ede48fe7f1a2c6f45d594,"{""distance"":5,""physical_error_rate"":0.0005}","{""detection_events"":17,""detectors_checked"":8288}"
        12,         0,         0,   0.000,exact_mw,cb12ae119b9b2ba18d0216e7235b403229e92fd0743ede48fe7f1a2c6f45d594,"{""distance"":5,""physical_error_rate"":0.0005}","{""detection_events"":3,""detectors_checked"":2688}"
        37,         0,         0,   0.000,exact_mw,cb12ae119b9b2ba18d0216e7235b403229e92fd0743ede48fe7f1a2c6f45d594,"{""distance"":5,""physical_error_rate"":0.0005}","{""detection_events"":10,""detectors_checked"":8288}"
        80,         0,         0,   0.000,exact_mw,cb12ae119b9b2ba18d0216e7235b403229e92fd0743ede48fe7f1a2c6f45d594,"{""distance"":5,""physical_error_rate"":0.0005}","{""detection_events"":29,""detectors_checked"":17920}"
        37,         0,         0,   0.000,exact_mw,cb12ae119b9b2ba18d0216e7235b403229e92fd0743ede48fe7f1a2c6f45d594,"{""distance"":5,""physical_error_rate"":0.0005}","{""detection_events"":21,""detectors_checked"":8288}"
        36,         0,         0,   0.000,exact_mw,cb12ae119b9b2ba18d0216e7235b403229e92fd0743ede48fe7f1a2c6f45d594,"{""distance"":5,""physical_error_rate"":0.0005}","{""detection_events"":21,""detectors_checked"":8064}"
        36,         0,         0,   0.000,exact_mw,cb12ae119b9b2ba18d0216e7235b403229e92fd0743ede48fe7f1a2c6f45d594,"{""distance"":5,""physical_error_rate"":0.0005}","{""detection_events"":20,""detectors_checked"":8064}"
        37,         0,         0,   0.000,exact_mw,cb12ae119b9b2ba18d0216e7235b403229e92fd0743ede48fe7f1a2c6f45d594,"{""distance"":5,""physical_error_rate"":0.0005}","{""detection_events"":33,""detectors_checked"":8288}"
        21,         0,         0,   0.000,exact_mw,cb12ae119b9b2ba18d0216e7235b403229e92fd0743ede48fe7f1a2c6f45d594,"{""distance"":5,""physical_error_rate"":0.0005}","{""detection_events"":4,""detectors_checked"":4704}"
        69,         0,         0,   0.000,exact_mw,cb12ae119b9b2ba18d0216e7235b403229e92fd0743ede48fe7f1a2c6f45d594,"{""distance"":5,""physical_error_rate"":0.0005}","{""detection_events"":25,""detectors_checked"":15456}"
        69,         0,         0,   0.000,exact_mw,cb12ae119b9b2ba18d0216e7235b403229e92fd0743ede48fe7f1a2c6f45d594,"{""distance"":5,""physical_error_rate"":0.0005}","{""detection_events"":27,""detectors_checked"":15456}"
        36,         0,         0,   0.000,exact_mw,cb12ae119b9b2ba18d0216e7235b403229e92fd0743ede48fe7f1a2c6f45d594,"{""distance"":5,""physical_error_rate"":0.0005}","{""detection_events"":26,""detectors_checked"":8064}"
         1,         0,         0,   0.000,exact_mw,cb12ae119b9b2ba18d0216e7235b403229e92fd0743ede48fe7f1a2c6f45d594,"{""distance"":5,""physical_error_rate"":0.0005}","{""detection_events"":4,""detectors_checked"":224}"
        36,         0,         0,   0.000,exact_mw,cb12ae119b9b2ba18d0216e7235b403229e92fd0743ede48fe7f1a2c6f45d594,"{""distance"":5,""physical_error_rate"":0.0005}","{""detection_events"":13,""detectors_checked"":8064}"
        36,         0,         0,   0.000,exact_mw,cb12ae119b9b2ba18d0216e7235b403229e92fd0743ede48fe7f1a2c6f45d594,"{""distance"":5,""physical_error_rate"":0.0005}","{""detection_events"":15,""detectors_checked"":8064}"
        36,         0,         0,   0.000,exact_mw,cb12ae119b9b2ba18d0216e7235b403229e92fd0743ede48fe7f1a2c6f45d594,"{""distance"":5,""physical_error_rate"":0.0005}","{""detection_events"":8,""detectors_checked"":8064}"
        37,         0,         0,   0.000,exact_mw,cb12ae119b9b2ba18d0216e7235b403229e92fd0743ede48fe7f1a2c6f45d594,"{""distance"":5,""physical_error_rate"":0.0005}","{""detection_events"":10,""detectors_checked"":8288}"
        36,         0,         0,   0.000,exact_mw,cb12ae119b9b2ba18d0216e7235b403229e92fd0743ede48fe7f1a2c6f45d594,"{""distance"":5,""physical_error_rate"":0.0005}","{""detection_events"":21,""detectors_checked"":8064}"
        36,         0,         0,   0.000,exact_mw,cb12ae119b9b2ba18d0216e7235b403229e92fd0743ede48fe7f1a2c6f45d594,"{""distance"":5,""physical_error_rate"":0.0005}","{""detection_events"":24,""detectors_checked"":8064}"
        69,         0,         0,   0.000,exact_mw,cb12ae119b9b2ba18d0216e7235b403229e92fd0743ede48fe7f1a2c6f45d594,"{""distance"":5,""physical_error_rate"":0.0005}","{""detection_events"":23,""detectors_checked"":15456}"
        36,         0,         0,   0.000,exact_mw,cb12ae119b9b2ba18d0216e7235b403229e92fd0743ede48fe7f1a2c6f45d594,"{""distance"":5,""physical_error_rate"":0.0005}","{""detection_events"":31,""detectors_checked"":8064}"
        53,         0,         0,   0.000,exact_mw,cb12ae119b9b2ba18d0216e7235b403229e92fd0743ede48fe7f1a2c6f45d594,"{""distance"":5,""physical_error_rate"":0.0005}","{""detection_events"":16,""detectors_checked"":11872}"
        53,         0,         0,   0.000,exact_mw,cb12ae119b9b2ba18d0216e7235b403229e92fd0743ede48fe7f1a2c6f45d594,"{""distance"":5,""physical_error_rate"":0.0005}","{""detection_events"":9,""detectors_checked"":11872}"
        36,         0,         0,   0.000,exact_mw,cb12ae119b9b2ba18d0216e7235b403229e92fd0743ede48fe7f1a2c6f45d594,"{""distance"":5,""physical_error_rate"":0.0005}","{""detection_events"":24,""detectors_checked"":8064}"
        36,         0,         0,   0.000,exact_mw,cb12ae119b9b2ba18d0216e7235b403229e92fd0743ede48fe7f1a2c6f45d594,"{""distance"":5,""physical_error_rate"":0.0005}","{""detection_events"":8,""detectors_checked"":8064}"
        36,         0,         0,   0.000,exact_mw,cb12ae119b9b2ba18d0216e7235b403229e92fd0743ede48fe7f1a2c6f45d594,"{""distance"":5,""physical_error_rate"":0.0005}","{""detection_events"":21,""detectors_checked"":8064}"
        36,         0,         0,   0.000,exact_mw,cb12ae119b9b2ba18d0216e7235b403229e92fd0743ede48fe7f1a2c6f45d594,"{""distance"":5,""physical_error_rate"":0.0005}","{""detection_events"":23,""detectors_checked"":8064}"
        36,         0,         0,   0.000,exact_mw,cb12ae119b9b2ba18d0216e7235b403229e92fd0743ede48fe7f1a2c6f45d594,"{""distance"":5,""physical_error_rate"":0.0005}","{""detection_events"":26,""detectors_checked"":8064}"
        36,         0,         0,   0.000,exact_mw,cb12ae119b9b2ba18d0216e7235b403229e92fd0743ede48fe7f1a2c6f45d594,"{""distance"":5,""physical_error_rate"":0.0005}","{""detection_events"":11,""detectors_checked"":8064}"
         1,         0,         0,   0.000,exact_mw,cb12ae119b9b2ba18d0216e7235b403229e92fd0743ede48fe7f1a2c6f45d594,"{""distance"":5,""physical_error_rate"":0.0005}","{""detectors_checked"":224}"
         1,         0,         0,   0.000,exact_mw,cb12ae119b9b2ba18d0216e7235b403229e92fd0743ede48fe7f1a2c6f45d594,"{""distance"":5,""physical_error_rate"":0.0005}","{""detectors_checked"":224}"
         9,         0,         0,   0.000,exact_mw,cb12ae119b9b2ba18d0216e7235b403229e92fd0743ede48fe7f1a2c6f45d594,"{""distance"":5,""physical_error_rate"":0.0005}","{""detection_events"":10,""detectors_checked"":2016}"
        11,         0,         0,   0.000,exact_mw,cb12ae119b9b2ba18d0216e7235b403229e92fd0743ede48fe7f1a2c6f45d594,"{""distance"":5,""physical_error_rate"":0.0005}","{""detection_events"":18,""detectors_checked"":2464}"
        36,         0,         0,   0.000,exact_mw,cb12ae119b9b2ba18d0216e7235b403229e92fd0743ede48fe7f1a2c6f45d594,"{""distance"":5,""physical_error_rate"":0.0005}","{""detection_events"":18,""detectors_checked"":8064}"
        36,         0,         0,   0.000,exact_mw,cb12ae119b9b2ba18d0216e7235b403229e92fd0743ede48fe7f1a2c6f45d594,"{""distance"":5,""physical_error_rate"":0.0005}","{""detection_events"":14,""detectors_checked"":8064}"
        24,         0,         0,   0.000,exact_mw,cb12ae119b9b2ba18d0216e7235b403229e92fd0743ede48fe7f1a2c6f45d594,"{""distance"":5,""physical_error_rate"":0.0005}","{""detection_events"":6,""detectors_checked"":5376}"
        36,         0,         0,   0.000,exact_mw,cb12ae119b9b2ba18d0216e7235b403229e92fd0743ede48fe7f1a2c6f45d594,"{""distance"":5,""physical_error_rate"":0.0005}","{""detection_events"":13,""detectors_checked"":8064}"
         8,         0,         0,   0.000,exact_mw,cb12ae119b9b2ba18d0216e7235b403229e92fd0743ede48fe7f1a2c6f45d594,"{""distance"":5,""physical_error_rate"":0.0005}","{""detection_events"":2,""detectors_checked"":1792}"
        23,         0,         0,   0.000,exact_mw,cb12ae119b9b2ba18d0216e7235b403229e92fd0743ede48fe7f1a2c6f45d594,"{""distance"":5,""physical_error_rate"":0.0005}","{""detection_events"":12,""detectors_checked"":5152}"
         1,         0,         0,   0.000,exact_mw,cb12ae119b9b2ba18d0216e7235b403229e92fd0743ede48fe7f1a2c6f45d594,"{""distance"":5,""physical_error_rate"":0.0005}","{""detection_events"":2,""detectors_checked"":224}"
         3,         0,         0,   0.000,exact_mw,cb12ae119b9b2ba18d0216e7235b403229e92fd0743ede48fe7f1a2c6f45d594,"{""distance"":5,""physical_error_rate"":0.0005}","{""detectors_checked"":672}"
         1,         0,         0,   0.000,exact_mw,cb12ae119b9b2ba18d0216e7235b403229e92fd0743ede48fe7f1a2c6f45d594,"{""distance"":5,""physical_error_rate"":0.0005}","{""detection_events"":2,""detectors_checked"":224}"
        23,         0,         0,   0.000,exact_mw,cb12ae119b9b2ba18d0216e7235b403229e92fd0743ede48fe7f1a2c6f45d594,"{""distance"":5,""physical_error_rate"":0.0005}","{""detection_events"":14,""detectors_checked"":5152}"
        36,         0,         0,   0.000,exact_mw,cb12ae119b9b2ba18d0216e7235b403229e92fd0743ede48fe7f1a2c6f45d594,"{""distance"":5,""physical_error_rate"":0.0005}","{""detection_events"":18,""detectors_checked"":8064}"
        36,         0,         0,   0.000,exact_mw,cb12ae119b9b2ba18d0216e7235b403229e92fd0743ede48fe7f1a2c6f45d594,"{""distance"":5,""physical_error_rate"":0.0005}","{""detection_events"":21,""detectors_checked"":8064}"
        10,         0,         0,   0.000,exact_mw,cb12ae119b9b2ba18d0216e7235b403229e92fd0743ede48fe7f1a2c6f45d594,"{""distance"":5,""physical_error_rate"":0.0005}","{""detection_events"":14,""detectors_checked"":2240}"
         1,         0,         0,   0.000,exact_mw,cb12ae119b9b2ba18d0216e7235b403229e92fd0743ede48fe7f1a2c6f45d594,"{""distance"":5,""physical_error_rate"":0.0005}","{""detectors_checked"":224}"
         1,         0,         0,   0.000,exact_mw,cb12ae119b9b2ba18d0216e7235b403229e92fd0743ede48fe7f1a2c6f45d594,"{""distance"":5,""physical_error_rate"":0.0005}","{""detection_events"":2,""detectors_checked"":224}"
         1,         0,         0,   0.000,exact_mw,cb12ae119b9b2ba18d0216e7235b403229e92fd0743ede48fe7f1a2c6f45d594,"{""distance"":5,""physical_error_rate"":0.0005}","{""detectors_checked"":224}"
         1,         0,         0,   0.000,exact_mw,cb12ae119b9b2ba18d0216e7235b403229e92fd0743ede48fe7f1a2c6f45d594,"{""distance"":5,""physical_error_rate"":0.0005}","{""detection_events"":4,""detectors_checked"":224}"
         1,         0,         0,   0.000,exact_mw,cb12ae119b9b2ba18d0216e7235b403229e92fd0743ede48fe7f1a2c6f45d594,"{""distance"":5,""physical_error_rate"":0.0005}","{""detection_events"":2,""detectors_checked"":224}"
        10,         0,         0,   0.000,exact_mw,cb12ae119b9b2ba18d0216e7235b403229e92fd0743ede48fe7f1a2c6f45d594,"{""distance"":5,""physical_error_rate"":0.0005}","{""detection_events"":4,""detectors_checked"":2240}"
         1,         0,         0,   0.000,exact_mw,cb12ae119b9b2ba18d0216e7235b403229e92fd0743ede48fe7f1a2c6f45d594,"{""distance"":5,""physical_error_rate"":0.0005}","{""detectors_checked"":224}"
         6,         0,         0,   0.000,exact_mw,cb12ae119b9b2ba18d0216e7235b403229e92fd0743ede48fe7f1a2c6f45d594,"{""distance"":5,""physical_error_rate"":0.0005}","{""detection_events"":2,""detectors_checked"":1344}"
         1,         0,         0,   0.000,exact_mw,cb12ae119b9b2ba18d0216e7235b403229e92fd0743ede48fe7f1a2c6f45d594,"{""distance"":5,""physical_error_rate"":0.0005}","{""detectors_checked"":224}"
         4,         0,         0,   0.000,exact_mw,cb12ae119b9b2ba18d0216e7235b403229e92fd0743ede48fe7f1a2c6f45d594,"{""distance"":5,""physical_error_rate"":0.0005}","{""detectors_checked"":896}"
         1,         0,         0,   0.000,exact_mw,cb12ae119b9b2ba18d0216e7235b403229e92fd0743ede48fe7f1a2c6f45d594,"{""distance"":5,""physical_error_rate"":0.0005}","{""detectors_checked"":224}"
         1,         0,         0,   0.000,exact_mw,cb12ae119b9b2ba18d0216e7235b403229e92fd0743ede48fe7f1a2c6f45d594,"{""distance"":5,""physical_error_rate"":0.0005}","{""detectors_checked"":224}"
         3,         0,         0,   0.000,exact_mw,cb12ae119b9b2ba18d0216e7235b403229e92fd0743ede48fe7f1a2c6f45d594,"{""distance"":5,""physical_error_rate"":0.0005}","{""detection_events"":2,""detectors_checked"":672}"
         3,         0,         0,   0.000,exact_mw,cb12ae119b9b2ba18d0216e7235b403229e92fd0743ede48fe7f1a2c6f45d594,"{""distance"":5,""physical_error_rate"":0.0005}","{""detection_events"":3,""detectors_checked"":672}"
         3,         0,         0,   0.000,exact_mw,cb12ae119b9b2ba18d0216e7235b403229e92fd0743ede48fe7f1a2c6f45d594,"{""distance"":5,""physical_error_rate"":0.0005}","{""detection_events"":1,""detectors_checked"":672}"
         2,         0,         0,   0.000,exact_mw,cb12ae119b9b2ba18d0216e7235b403229e92fd0743ede48fe7f1a2c6f45d594,"{""distance"":5,""physical_error_rate"":0.0005}","{""detection_events"":9,""detectors_checked"":448}"
         1,         0,         0,   0.000,exact_mw,cb12ae119b9b2ba18d0216e7235b403229e92fd0743ede48fe7f1a2c6f45d594,"{""distance"":5,""physical_error_rate"":0.0005}","{""detectors_checked"":224}"
         1,         0,         0,   0.000,exact_mw,cb12ae119b9b2ba18d0216e7235b403229e92fd0743ede48fe7f1a2c6f45d594,"{""distance"":5,""physical_error_rate"":0.0005}","{""detectors_checked"":224}"
         2,         0,         0,   0.000,exact_mw,cb12ae119b9b2ba18d0216e7235b403229e92fd0743ede48fe7f1a2c6f45d594,"{""distance"":5,""physical_error_rate"":0.0005}","{""detectors_checked"":448}"
         1,         0,         0,   0.000,exact_mw,cb12ae119b9b2ba18d0216e7235b403229e92fd0743ede48fe7f1a2c6f45d594,"{""distance"":5,""physical_error_rate"":0.0005}","{""detection_events"":2,""detectors_checked"":224}"
         1,         0,         0,   0.000,exact_mw,cb12ae119b9b2ba18d0216e7235b403229e92fd0743ede48fe7f1a2c6f45d594,"{""distance"":5,""physical_error_rate"":0.0005}","{""detectors_checked"":224}"
         3,         0,         0,   0.000,exact_mw,cb12ae119b9b2ba18d0216e7235b403229e92fd0743ede48fe7f1a2c6f45d594,"{""distance"":5,""physical_error_rate"":0.0005}","{""detection_events"":2,""detectors_checked"":672}"
         8,         0,         0,   0.000,exact_mw,cb12ae119b9b2ba18d0216e7235b403229e92fd0743ede48fe7f1a2c6f45d594,"{""distance"":5,""physical_error_rate"":0.0005}","{""detection_events"":10,""detectors_checked"":1792}"
         3,         0,         0,   0.000,exact_mw,cb12ae119b9b2ba18d0216e7235b403229e92fd0743ede48fe7f1a2c6f45d594,"{""distance"":5,""physical_error_rate"":0.0005}","{""detectors_checked"":672}"
         3,         0,         0,   0.000,exact_mw,cb12ae119b9b2ba18d0216e7235b403229e92fd0743ede48fe7f1a2c6f45d594,"{""distance"":5,""physical_error_rate"":0.0005}","{""detection_events"":5,""detectors_checked"":672}"
         3,         0,         0,   0.000,exact_mw,cb12ae119b9b2ba18d0216e7235b403229e92fd0743ede48fe7f1a2c6f45d594,"{""distance"":5,""physical_error_rate"":0.0005}","{""detectors_checked"":672}"
         7,         0,         0,   0.000,exact_mw,cb12ae119b9b2ba18d0216e7235b403229e92fd0743ede48fe7f1a2c6f45d594,"{""distance"":5,""physical_error_rate"":0.0005}","{""detection_events"":4,""detectors_checked"":1568}"
         3,         0,         0,   0.000,exact_mw,cb12ae119b9b2ba18d0216e7235b403229e92fd0743ede48fe7f1a2c6f45d594,"{""distance"":5,""physical_error_rate"":0.0005}","{""detection_events"":2,""detectors_checked"":672}"
         1,         0,         0,   0.000,exact_mw,cb12ae119b9b2ba18d0216e7235b403229e92fd0743ede48fe7f1a2c6f45d594,"{""distance"":5,""physical_error_rate"":0.0005}","{""detectors_checked"":224}"
         1,         0,         0,   0.000,exact_mw,cb12ae119b9b2ba18d0216e7235b403229e92fd0743ede48fe7f1a2c6f45d594,"{""distance"":5,""physical_error_rate"":0.0005}","{""detection_events"":2,""detectors_checked"":224}"
         3,         0,         0,   0.000,exact_mw,cb12ae119b9b2ba18d0216e7235b403229e92fd0743ede48fe7f1a2c6f45d594,"{""distance"":5,""physical_error_rate"":0.0005}","{""detection_events"":5,""detectors_checked"":672}"
         4,         0,         0,   0.000,exact_mw,cb12ae119b9b2ba18d0216e7235b403229e92fd0743ede48fe7f1a2c6f45d594,"{""distance"":5,""physical_error_rate"":0.0005}","{""detectors_checked"":896}"
         1,         0,         0,   0.000,exact_mw,cb12ae119b9b2ba18d0216e7235b403229e92fd0743ede48fe7f1a2c6f45d594,"{""distance"":5,""physical_error_rate"":0.0005}","{""detection_events"":5,""detectors_checked"":224}"
         2,         0,         0,   0.000,exact_mw,cb12ae119b9b2ba18d0216e7235b403229e92fd0743ede48fe7f1a2c6f45d594,"{""distance"":5,""physical_error_rate"":0.0005}","{""detection_events"":7,""detectors_checked"":448}"
         1,         0,         0,   0.000,exact_mw,cb12ae119b9b2ba18d0216e7235b403229e92fd0743ede48fe7f1a2c6f45d594,"{""distance"":5,""physical_error_rate"":0.0005}","{""detectors_checked"":224}"
         3,         0,         0,   0.000,exact_mw,cb12ae119b9b2ba18d0216e7235b403229e92fd0743ede48fe7f1a2c6f45d594,"{""distance"":5,""physical_error_rate"":0.0005}","{""detection_events"":5,""detectors_checked"":672}"
         1,         0,         0,   0.000,exact_mw,cb12ae119b9b2ba18d0216e7235b403229e92fd0743ede48fe7f1a2c6f45d594,"{""distance"":5,""physical_error_rate"":0.0005}","{""detectors_checked"":224}"
         1,         0,         0,   0.000,exact_mw,cb12ae119b9b2ba18d0216e7235b403229e92fd0743ede48fe7f1a2c6f45d594,"{""distance"":5,""physical_error_rate"":0.0005}","{""detectors_checked"":224}"
         1,         0,         0,   0.000,exact_mw,cb12ae119b9b2ba18d0216e7235b403229e92fd0743ede48fe7f1a2c6f45d594,"{""distance"":5,""physical_error_rate"":0.0005}","{""detectors_checked"":224}"
         2,         0,         0,   0.000,exact_mw,cb12ae119b9b2ba18d0216e7235b403229e92fd0743ede48fe7f1a2c6f45d594,"{""distance"":5,""physical_error_rate"":0.0005}","{""detectors_checked"":448}"
         1,         0,         0,   0.000,exact_mw,cb12ae119b9b2ba18d0216e7235b403229e92fd0743ede48fe7f1a2c6f45d594,"{""distance"":5,""physical_error_rate"":0.0005}","{""detectors_checked"":224}"
         3,         0,         0,   0.000,exact_mw,cb12ae119b9b2ba18d0216e7235b403229e92fd0743ede48fe7f1a2c6f45d594,"{""distance"":5,""physical_error_rate"":0.0005}","{""detection_events"":4,""detectors_checked"":672}"
         1,         0,         0,   0.000,exact_mw,cb12ae119b9b2ba18d0216e7235b403229e92fd0743ede48fe7f1a2c6f45d594,"{""distance"":5,""physical_error_rate"":0.0005}","{""detection_events"":1,""detectors_checked"":224}"
         3,         0,         0,   0.000,exact_mw,cb12ae119b9b2ba18d0216e7235b403229e92fd0743ede48fe7f1a2c6f45d594,"{""distance"":5,""physical_error_rate"":0.0005}","{""detectors_checked"":672}"
         3,         0,         0,   0.000,exact_mw,cb12ae119b9b2ba18d0216e7235b403229e92fd0743ede48fe7f1a2c6f45d594,"{""distance"":5,""physical_error_rate"":0.0005}","{""detectors_checked"":672}"
         3,         0,         0,   0.000,exact_mw,cb12ae119b9b2ba18d0216e7235b403229e92fd0743ede48fe7f1a2c6f45d594,"{""distance"":5,""physical_error_rate"":0.0005}","{""detectors_checked"":672}"
         3,         0,         0,   0.000,exact_mw,cb12ae119b9b2ba18d0216e7235b403229e92fd0743ede48fe7f1a2c6f45d594,"{""distance"":5,""physical_error_rate"":0.0005}","{""detectors_checked"":672}"
         2,         0,         0,   0.000,exact_mw,cb12ae119b9b2ba18d0216e7235b403229e92fd0743ede48fe7f1a2c6f45d594,"{""distance"":5,""physical_error_rate"":0.0005}","{""detectors_checked"":448}"
         1,         0,         0,   0.000,exact_mw,cb12ae119b9b2ba18d0216e7235b403229e92fd0743ede48fe7f1a2c6f45d594,"{""distance"":5,""physical_error_rate"":0.0005}","{""detection_events"":2,""detectors_checked"":224}"
         1,         0,         0,   0.000,exact_mw,cb12ae119b9b2ba18d0216e7235b403229e92fd0743ede48fe7f1a2c6f45d594,"{""distance"":5,""physical_error_rate"":0.0005}","{""detectors_checked"":224}"
         2,         0,         0,   0.000,exact_mw,cb12ae119b9b2ba18d0216e7235b403229e92fd0743ede48fe7f1a2c6f45d594,"{""distance"":5,""physical_error_rate"":0.0005}","{""detectors_checked"":448}"
         1,         0,         0,   0.000,exact_mw,cb12ae119b9b2ba18d0216e7235b403229e92fd0743ede48fe7f1a2c6f45d594,"{""distance"":5,""physical_error_rate"":0.0005}","{""detectors_checked"":224}"
         2,         0,         0,   0.000,exact_mw,cb12ae119b9b2ba18d0216e7235b403229e92fd0743ede48fe7f1a2c6f45d594,"{""distance"":5,""physical_error_rate"":0.0005}","{""detectors_checked"":448}"
         1,         0,         0,   0.000,exact_mw,cb12ae119b9b2ba18d0216e7235b403229e92fd0743ede48fe7f1a2c6f45d594,"{""distance"":5,""physical_error_rate"":0.0005}","{""detection_events"":1,""detectors_checked"":224}"
         1,         0,         0,   0.000,exact_mw,cb12ae119b9b2ba18d0216e7235b403229e92fd0743ede48fe7f1a2c6f45d594,"{""distance"":5,""physical_error_rate"":0.0005}","{""detectors_checked"":224}"
         1,         0,         0,   0.000,exact_mw,cb12ae119b9b2ba18d0216e7235b403229e92fd0743ede48fe7f1a2c6f45d594,"{""distance"":5,""physical_error_rate"":0.0005}","{""detectors_checked"":224}"
         1,         0,         0,   0.000,exact_mw,cb12ae119b9b2ba18d0216e7235b403229e92fd0743ede48fe7f1a2c6f45d594,"{""distance"":5,""physical_error_rate"":0.0005}","{""detectors_checked"":224}"
         1,         0,         0,   0.000,exact_mw,cb12ae119b9b2ba18d0216e7235b403229e92fd0743ede48fe7f1a2c6f45d594,"{""distance"":5,""physical_error_rate"":0.0005}","{""detectors_checked"":224}"
         1,         0,         0,   0.000,exact_mw,cb12ae119b9b2ba18d0216e7235b403229e92fd0743ede48fe7f1a2c6f45d594,"{""distance"":5,""physical_error_rate"":0.0005}","{""detection_events"":2,""detectors_checked"":224}"
         1,         0,         0,   0.000,exact_mw,cb12ae119b9b2ba18d0216e7235b403229e92fd0743ede48fe7f1a2c6f45d594,"{""distance"":5,""physical_error_rate"":0.0005}","{""detection_events"":2,""detectors_checked"":224}"
         1,         0,         0,   0.000,exact_mw,cb12ae119b9b2ba18d0216e7235b403229e92fd0743ede48fe7f1a2c6f45d594,"{""distance"":5,""physical_error_rate"":0.0005}","{""detectors_checked"":224}"
         1,         0,         0,   0.000,exact_mw,cb12ae119b9b2ba18d0216e7235b403229e92fd0743ede48fe7f1a2c6f45d594,"{""distance"":5,""physical_error_rate"":0.0005}","{""detectors_checked"":224}"
         1,         0,         0,   0.000,exact_mw,cb12ae119b9b2ba18d0216e7235b403229e92fd0743ede48fe7f1a2c6f45d594,"{""distance"":5,""physical_error_rate"":0.0005}","{""detectors_checked"":224}"
         1,         0,         0,   0.000,exact_mw,cb12ae119b9b2ba18d0216e7235b403229e92fd0743ede48fe7f1a2c6f45d594,"{""distance"":5,""physical_error_rate"":0.0005}","{""detectors_checked"":224}"
         1,         0,         0,   0.000,exact_mw,cb12ae119b9b2ba18d0216e7235b403229e92fd0743ede48fe7f1a2c6f45d594,"{""distance"":5,""physical_error_rate"":0.0005}","{""detectors_checked"":224}"
         1,         0,         0,   0.000,exact_mw,cb12ae119b9b2ba18d0216e7235b403229e92fd0743ede48fe7f1a2c6f45d594,"{""distance"":5,""physical_error_rate"":0.0005}","{""detection_events"":3,""detectors_checked"":224}"
         1,         0,         0,   0.000,exact_mw,cb12ae119b9b2ba18d0216e7235b403229e92fd0743ede48fe7f1a2c6f45d594,"{""distance"":5,""physical_error_rate"":0.0005}","{""detectors_checked"":224}"
